Pedestrian 0.0 0 2.8186450004577637 164.1870880126953 182.77638244628906 205.84120178222656 246.50303649902344 0.81662303 1.7330964 0.7469672 -12.030665 2.020884 20.345453 2.284632682800293 0.3065178096294403
Pedestrian 0.0 0 1.7622013092041016 444.5753479003906 180.13841247558594 468.6325988769531 235.55215454101562 0.66638464 1.7386835 0.63850254 -4.9442525 1.9753547 23.06519 1.551037073135376 0.243157759308815
Pedestrian 0.0 0 -1.243151307106018 119.20868682861328 186.36892700195312 150.57960510253906 244.6669921875 0.6674227 1.7248317 0.6153985 -14.48064 2.1435409 21.931517 -1.8267097473144531 0.2402423620223999
Pedestrian 0.0 0 -1.4045751094818115 509.0760498046875 172.71676635742188 525.6054077148438 214.56040954589844 0.6203914 1.7333031 0.59294873 -3.9174564 1.7279768 30.206783 -1.5335432291030884 0.2088477462530136
Pedestrian 0.0 0 1.726985216140747 352.5296936035156 155.17538452148438 395.7833251953125 233.47727966308594 0.8700037 1.8839322 0.895153 -5.8721333 1.4589453 17.858654 1.4093097448349 0.19341060519218445
Pedestrian 0.0 0 1.445213794708252 277.36761474609375 169.774658203125 317.2283020019531 244.67457580566406 1.104873 1.7979459 0.77680296 -7.8546124 1.7243851 17.990892 1.0335688591003418 0.1918358951807022
Cyclist 0.0 0 -1.906345248222351 723.82666015625 153.3052215576172 751.0074462890625 196.8917999267578 1.6772681 1.7800703 0.60362625 5.3024793 0.98205876 30.341179 -1.7333307266235352 0.1885601133108139
Car 0.0 0 -1.5304274559020996 673.8025512695312 169.76626586914062 713.0740356445312 205.01698303222656 3.5235755 1.4748154 1.5935661 3.7101629 1.3459885 32.048847 -1.4151746034622192 0.8323348164558411
Car 0.0 0 1.787323236465454 593.0504760742188 173.62875366210938 635.5914306640625 201.3250274658203 3.9495568 1.4804196 1.5941327 0.26089838 1.5268298 40.784576 1.7937201261520386 0.8156412243843079
Car 0.0 0 1.6276518106460571 614.9620361328125 165.87733459472656 645.2737426757812 195.730224609375 4.475138 1.8851734 1.7599982 1.3493122 1.4449629 47.8657 1.6558338403701782 0.39895176887512207
Car 0.0 0 -1.3401625156402588 528.7463989257812 170.05197143554688 572.2233276367188 198.1834259033203 3.7734823 1.5057063 1.619447 -3.3317378 1.3560891 40.602695 -1.4220361709594727 0.14510320127010345
