Pedestrian 0.0 0 2.134653329849243 752.156005859375 163.85003662109375 799.7369384765625 248.42247009277344 0.76501507 1.8461397 0.75557715 3.6962845 1.6499488 16.285376 2.357841730117798 0.29582837224006653
Pedestrian 0.0 0 -0.610558807849884 952.9117431640625 102.00911712646484 1065.0069580078125 282.5029296875 0.7458293 1.7915205 0.7250374 4.102507 1.088696 7.5613966 -0.11344603449106216 0.2583782374858856
Pedestrian 0.0 0 1.3771204948425293 681.5606079101562 146.75668334960938 701.4735107421875 194.16302490234375 0.7879203 1.9286081 0.6760751 3.3171308 0.8672621 29.771742 1.4880815744400024 0.22275735437870026
Pedestrian 0.0 0 1.5269615650177002 388.858642578125 145.63682556152344 424.57769775390625 227.1573944091797 1.137125 1.8550202 0.7605642 -4.8713627 1.2360446 17.075657 1.249062418937683 0.16445882618427277
Pedestrian 0.0 0 1.9509578943252563 794.0457153320312 149.6810302734375 841.0654296875 250.13604736328125 0.69797426 1.7763556 0.61450624 3.7548122 1.3669435 13.220262 2.2276899814605713 0.15885460376739502
Pedestrian 0.0 0 1.732864260673523 769.6744384765625 148.70443725585938 813.2265625 243.33270263671875 1.3689315 1.8329688 0.6535651 3.669555 1.3655446 14.731478 1.976992130279541 0.12928174436092377
Pedestrian 0.0 0 2.948005199432373 671.4295043945312 170.91354370117188 687.6221923828125 206.5989532470703 0.70579123 1.7479151 0.5347613 3.393775 1.6532274 35.639904 3.042943000793457 0.12304432690143585
Pedestrian 0.0 0 1.1386888027191162 174.38331604003906 106.32413482666016 273.3794250488281 280.8265380859375 0.89045256 1.7711046 0.63064325 -4.252683 1.0962207 7.839552 0.6416490077972412 0.11607027798891068
Pedestrian 0.0 0 -0.2712712287902832 711.364990234375 164.5884246826172 742.0418701171875 222.06179809570312 0.8219118 1.7796471 0.5938287 3.617629 1.5240641 22.680874 -0.11310224235057831 0.10687950253486633
Car 0.0 0 -1.7242486476898193 661.6014404296875 195.69369506835938 745.9432373046875 259.5259094238281 3.918999 1.3914038 1.6053675 2.3254101 2.0602098 19.129913 -1.6032832860946655 0.968650221824646
Car 0.0 0 1.679103970527649 535.2926025390625 189.1633758544922 566.6505126953125 216.32916259765625 3.6033413 1.5337472 1.5595577 -3.6545303 2.5867255 44.74396 1.5976083278656006 0.28062665462493896
Car 0.0 0 -0.6615912914276123 894.52099609375 144.67005920410156 1242.0 306.4603271484375 3.7883317 1.6277478 1.6017563 5.3900723 1.3445514 8.207104 -0.08048070967197418 0.12910592555999756
