Pedestrian 0.0 0 -0.8139952421188354 938.6990356445312 170.9315643310547 966.66357421875 212.21409606933594 0.85537064 1.6698369 0.6190701 14.027543 1.5924342 29.626497 -0.3717881441116333 0.524016261100769
Car 0.0 0 -1.343157410621643 601.5139770507812 178.01258850097656 720.2821655273438 264.5278625488281 3.6868572 1.4667587 1.5686178 1.0948166 1.5847793 14.461285 -1.267594814300537 0.9693018794059753
Car 0.0 0 2.0203657150268555 329.5342102050781 172.92385864257812 620.3758544921875 363.365966796875 3.7126288 1.5326985 1.5539119 -1.204908 1.5340064 7.808049 1.8672572374343872 0.9559844732284546
Car 0.0 0 -1.8141582012176514 950.642822265625 198.42828369140625 1242.0 375.0 2.9512856 1.4296821 1.433629 3.816464 1.7039485 6.099866 -1.2550818920135498 0.9359650015830994
Car 0.0 0 1.6975581645965576 739.9880981445312 167.8440704345703 788.9168701171875 206.4141082763672 4.073859 1.6580024 1.701585 7.12719 1.442999 33.217655 1.9089139699935913 0.8648155331611633
Car 0.0 0 -0.6563707590103149 0.0 183.45542907714844 415.3896484375 375.0 3.3926396 1.4299012 1.511887 -2.6079001 1.5099704 3.5819693 -1.2856838703155518 0.8062906861305237
Car 0.0 0 -1.649234652519226 883.2183837890625 181.54978942871094 953.0525512695312 239.61822509765625 3.1100926 1.4485902 1.5439137 8.510055 1.7135108 20.230598 -1.2510520219802856 0.7821428775787354
Car 0.0 0 -1.6193394660949707 881.7081909179688 181.89820861816406 939.6824951171875 231.9833526611328 3.6301937 1.5226686 1.6355944 10.1426735 1.8567119 24.634037 -1.2287585735321045 0.7573830485343933
Car 0.0 0 -2.870043992996216 594.7959594726562 169.34939575195312 702.2764892578125 207.08151245117188 3.9573658 1.4156389 1.5611613 1.4847085 1.2845106 28.43743 -2.8178815841674805 0.5632821321487427
Car 0.0 0 1.6172271966934204 863.9755249023438 172.51382446289062 888.3492431640625 195.265869140625 4.394668 1.6694697 1.5510463 20.391108 1.644868 55.267242 1.9706873893737793 0.550452470779419
