Pedestrian 0.0 0 2.7465262413024902 492.646240234375 176.68170166015625 540.3798217773438 258.9353942871094 0.83071965 1.6887645 0.6195328 -2.039335 1.7730025 15.332338 2.6142935752868652 0.4854499399662018
Pedestrian 0.0 0 -2.741769552230835 336.9044494628906 182.86085510253906 413.72320556640625 326.8838806152344 0.6627529 1.6873313 0.7550739 -2.9347346 1.8168906 8.9099245 -3.0599563121795654 0.33583712577819824
Pedestrian 0.0 0 -1.9339126348495483 1132.4742431640625 134.8245849609375 1171.6026611328125 205.32997131347656 0.64098525 1.8284657 0.6415793 14.295997 0.8425801 19.105898 -1.2915321588516235 0.18428044021129608
Pedestrian 0.0 0 -0.67574143409729 936.3472290039062 158.23887634277344 959.7504272460938 199.10211181640625 0.71042913 1.8558556 0.67129093 15.501536 1.1924491 33.176895 -0.23864451050758362 0.12287826091051102
Cyclist 0.0 0 -2.9484658241271973 687.5255126953125 168.96441650390625 726.2136840820312 206.90374755859375 1.8010211 1.8347472 0.6138527 4.724215 1.6470045 35.46965 -2.8160548210144043 0.4191696345806122
Cyclist 0.0 0 1.713670015335083 498.4066162109375 176.2905731201172 533.3629150390625 257.44708251953125 0.7941631 1.6843452 0.63597554 -2.0508468 1.7600021 15.406574 1.5813329219818115 0.15557746589183807
Car 0.0 0 -1.7584956884384155 878.386474609375 185.72654724121094 981.9491577148438 253.9744873046875 4.33558 1.4608086 1.6195545 8.040921 1.8339176 18.598486 -1.3504221439361572 0.9386128187179565
Car 0.0 0 -2.538299798965454 268.8747863769531 170.0631103515625 525.159912109375 282.7364196777344 3.6255515 1.5822529 1.6200312 -3.3997574 1.5434185 11.461381 -2.8266594409942627 0.8288299441337585
Car 0.0 0 -1.6491053104400635 843.5836181640625 174.21392822265625 887.997802734375 212.88209533691406 3.9382505 1.7317373 1.6910235 12.155998 1.8012719 34.580364 -1.311069130897522 0.20374169945716858
Car 0.0 0 -2.834763288497925 675.7191162109375 173.33761596679688 742.0808715820312 198.6431427001953 3.798854 1.5309484 1.6712925 6.1716294 1.5627071 45.277435 -2.699291229248047 0.1757538616657257
Car 0.0 0 -2.873514175415039 632.7178344726562 178.43702697753906 715.061279296875 211.53643798828125 3.8623135 1.59405 1.6974604 3.2203283 1.8898323 36.709274 -2.786012887954712 0.16848362982273102
Car 0.0 0 -2.933765172958374 611.0130615234375 162.8898162841797 681.4502563476562 190.90057373046875 4.014272 1.6492486 1.6628742 2.180523 1.0629244 43.796043 -2.8840181827545166 0.13221819698810577
Car 0.0 0 -2.6602587699890137 65.0090103149414 182.42184448242188 421.2522277832031 310.70330810546875 3.7686973 1.4698646 1.5414099 -4.55194 1.6029792 9.19729 -3.119835615158081 0.12193398922681808
