Pedestrian 0.0 0 1.7189548015594482 421.2511901855469 174.06666564941406 462.4190673828125 262.547607421875 1.1405631 1.87236 0.7249251 -3.7349138 1.900418 15.88055 1.4879647493362427 0.3763633370399475
Pedestrian 0.0 0 -0.980229914188385 713.302001953125 164.0467071533203 730.7769165039062 213.158447265625 0.31728515 1.9258572 0.61158174 4.400295 1.5808482 28.615194 -0.8276503086090088 0.24237607419490814
Pedestrian 0.0 0 -1.0002412796020508 704.5431518554688 168.1083221435547 719.1173095703125 211.78775024414062 0.36236298 1.8975337 0.51964957 4.426189 1.6917287 31.649233 -0.8612911701202393 0.20417046546936035
Pedestrian 0.0 0 1.7616252899169922 452.5188293457031 191.44940185546875 493.9195556640625 277.39654541015625 1.3136253 1.776514 0.6597295 -3.037103 2.2024477 15.853087 1.572340726852417 0.1357370913028717
Pedestrian 0.0 0 0.5651968121528625 91.37808227539062 85.69587707519531 233.7445831298828 282.7801818847656 0.9377511 1.776249 0.6632556 -4.2637215 0.99108255 6.835335 0.007477760314941406 0.1208808422088623
Pedestrian 0.0 0 1.9389357566833496 387.81036376953125 152.96763610839844 442.20947265625 249.23008728027344 0.96573293 1.844367 0.74848276 -3.9104865 1.4637067 14.340191 1.6727145910263062 0.11231106519699097
Pedestrian 0.0 0 -0.4076271057128906 776.6033935546875 149.5153045654297 801.8977661132812 211.73403930664062 0.5272364 1.94419 0.745798 5.65185 1.2152681 22.954996 -0.16621454060077667 0.10014834254980087
Cyclist 0.0 0 1.788917899131775 418.4702453613281 183.54388427734375 462.80029296875 271.133056640625 1.2449178 1.8101026 0.68825567 -3.7142525 2.052233 15.688889 1.5564537048339844 0.2024780660867691
Cyclist 0.0 0 -1.3202446699142456 550.3834838867188 185.2384796142578 567.4566650390625 219.53184509277344 1.4758859 1.7540684 0.55584 -2.735741 2.4241207 38.239 -1.3916661739349365 0.13981732726097107
Cyclist 0.0 0 1.7514350414276123 452.3849182128906 190.49888610839844 494.4580383300781 277.2284240722656 1.3806239 1.7908678 0.67554796 -3.0347161 2.1963677 15.871303 1.5625076293945312 0.13846257328987122
Car 0.0 0 -1.7165809869766235 655.1720581054688 192.36837768554688 700.18896484375 226.5574951171875 3.7232234 1.4386885 1.6036681 3.1348362 2.4218953 34.434887 -1.6257946491241455 0.7975461483001709
Car 0.0 0 1.5539922714233398 575.7454833984375 192.87095642089844 596.6516723632812 213.67181396484375 4.0108676 1.5690818 1.676458 -2.0440946 3.3020725 60.407063 1.5201665163040161 0.18831071257591248
Car 0.0 0 -1.739941120147705 798.6331176757812 168.88226318359375 996.137939453125 329.7555236816406 3.8010538 1.605996 1.6176537 3.3412826 1.5667042 9.2144 -1.3920722007751465 0.18344508111476898
Car 0.0 0 3.7450180053710938 0.0 207.66012573242188 202.2432861328125 375.0 3.757461 1.5842589 1.5968566 -5.607057 1.9124795 5.679649 2.9660513401031494 0.17560943961143494
