Pedestrian 0.0 0 1.5733160972595215 843.01220703125 146.7105712890625 859.3191528320312 189.65977478027344 0.65225166 1.8769006 0.6780556 10.637186 0.7347785 31.945864 1.8947443962097168 0.25869104266166687
Pedestrian 0.0 0 2.033817768096924 145.7620086669922 168.9074249267578 169.0283660888672 208.5482940673828 0.73858577 1.8939236 0.6967656 -21.908094 1.7057252 34.87177 1.4728868007659912 0.22283761203289032
Pedestrian 0.0 0 2.882932186126709 360.9067687988281 175.27224731445312 375.2922668457031 197.80271911621094 1.0106956 1.8068666 0.50015205 -19.621283 2.0047717 58.4534 2.5590765476226807 0.15748150646686554
Pedestrian 0.0 0 0.988701343536377 897.2056274414062 138.60458374023438 944.1837768554688 204.6709442138672 1.1673559 1.8244879 0.70125204 8.790272 0.87901413 20.559784 1.392727255821228 0.11583232134580612
Pedestrian 0.0 0 -0.4016721248626709 1123.8411865234375 122.28239440917969 1183.6607666015625 227.96644592285156 0.6717751 1.6848421 0.4123089 8.815575 0.8789746 11.780487 0.2407529354095459 0.10053485631942749
Cyclist 0.0 0 -0.5332452058792114 1170.7882080078125 162.49159240722656 1242.0 225.86865234375 1.7545838 1.7216237 0.66842395 16.730698 1.440489 20.068752 0.16169118881225586 0.17983999848365784
Cyclist 0.0 0 -2.0095841884613037 773.9179077148438 171.26002502441406 793.8137817382812 201.6714324951172 1.6639308 1.7883406 0.4988334 10.388709 1.6949651 43.292423 -1.774071455001831 0.1457604616880417
Car 0.0 0 2.008920431137085 280.1878662109375 186.53274536132812 345.7794189453125 218.4171905517578 3.8496208 1.5242764 1.7365294 -15.653084 2.2850194 38.14189 1.6194885969161987 0.9293546676635742
Car 0.0 0 1.8963955640792847 364.9066162109375 180.5790252685547 406.38287353515625 207.7263641357422 3.9541032 1.8153077 1.6425813 -15.948765 2.3871472 51.378544 1.595409631729126 0.8856674432754517
Car 0.0 0 0.8637338876724243 1074.1611328125 169.7650909423828 1242.0 231.510986328125 3.8785017 1.4545828 1.5761974 14.28417 1.3821738 18.979202 1.5089111328125 0.10888240486383438
Car 0.0 0 -0.21474158763885498 1218.478515625 155.2538299560547 1242.0 190.9787139892578 4.0004606 1.5227548 1.6389319 30.10806 0.77291447 32.474407 0.5328629016876221 0.10814028233289719
