Pedestrian 0.0 0 -1.7620030641555786 664.9563598632812 174.02696228027344 689.4373779296875 228.09439086914062 0.98488474 1.790426 0.6459562 2.5312884 1.5440444 24.30358 -1.65822434425354 0.7244288921356201
Pedestrian 0.0 0 0.6344939470291138 982.56103515625 132.97299194335938 1122.927734375 321.7843017578125 0.93063015 1.8470728 0.86315423 4.7122664 1.3737209 7.6173224 1.1884958744049072 0.7140474915504456
Pedestrian 0.0 0 -2.2982735633850098 532.6788940429688 168.05357360839844 563.8067626953125 225.1143798828125 0.82577527 1.816138 0.61652595 -1.7578167 1.3892648 23.369217 -2.373351573944092 0.6549254059791565
Pedestrian 0.0 0 2.5335679054260254 958.7913208007812 135.51882934570312 1030.9183349609375 268.49102783203125 0.671179 1.846311 0.6246996 5.5945687 1.2091851 10.319092 3.030369758605957 0.5775076150894165
Pedestrian 0.0 0 2.1510589122772217 837.6693725585938 140.98410034179688 943.5385131835938 338.62042236328125 0.6551306 1.751999 0.68962455 2.6962192 1.3942165 6.8358684 2.526747703552246 0.5669122934341431
Pedestrian 0.0 0 -2.0339112281799316 1101.18603515625 127.04039001464844 1161.0518798828125 233.54347229003906 0.6449191 1.672562 0.54892856 8.52881 0.818607 11.64243 -1.4016636610031128 0.39968904852867126
Pedestrian 0.0 0 -3.057664155960083 610.16943359375 171.8116912841797 625.6177978515625 202.88609313964844 0.8370309 1.7447224 0.4725477 0.9319113 1.2015612 40.609024 -3.034719705581665 0.35770344734191895
Pedestrian 0.0 0 0.0949561595916748 923.2813720703125 179.15444946289062 976.6593017578125 281.9779968261719 0.78937644 1.7393807 0.6301785 6.0868697 1.7009861 12.622792 0.5442728996276855 0.3489030599594116
Pedestrian 0.0 0 2.6232218742370605 726.780029296875 163.74148559570312 785.2181396484375 260.47796630859375 0.8450394 1.7745503 0.7058619 2.8870523 1.4500508 13.639583 2.831810235977173 0.2881181836128235
Pedestrian 0.0 0 2.0326178073883057 340.5635986328125 157.24082946777344 412.93560791015625 257.87548828125 1.7706467 1.7595671 0.5689546 -4.214428 1.3366789 13.4764185 1.7295269966125488 0.10906998068094254
Cyclist 0.0 0 2.035701274871826 339.05499267578125 157.13540649414062 413.79681396484375 259.0505676269531 1.8412502 1.7774924 0.5765065 -4.2187843 1.3538284 13.480807 1.7324087619781494 0.34869733452796936
Cyclist 0.0 0 1.9533412456512451 443.2284851074219 173.4420928955078 490.0137023925781 241.86880493164062 1.8843476 1.7741235 0.5976371 -3.6827781 1.5663766 19.604336 1.7676501274108887 0.33216044306755066
Cyclist 0.0 0 0.4401673674583435 512.89599609375 158.19163513183594 544.9472045898438 189.5235137939453 1.7202805 1.7523537 0.5921365 -4.113295 0.4495522 40.738632 0.3395404815673828 0.29340964555740356
Cyclist 0.0 0 -2.505911350250244 472.94384765625 171.1949462890625 530.1947631835938 229.19100952148438 1.7526516 1.7719815 0.63331336 -3.180279 1.4582433 22.640654 -2.645465850830078 0.25862282514572144
Cyclist 0.0 0 0.071819007396698 918.738525390625 180.45867919921875 981.2643432617188 284.4891052246094 0.94902956 1.7559974 0.604647 6.0852795 1.739704 12.621054 0.5210874080657959 0.13691942393779755
Car 0.0 0 2.2939443588256836 0.0 192.264404296875 412.1310729980469 374.0 4.026752 1.5165106 1.6425568 -2.7279677 1.61139 4.1286993 1.7100610733032227 0.8813981413841248
Car 0.0 0 0.12385225296020508 0.0 203.1015625 101.54795837402344 239.4408721923828 3.6750886 1.5274851 1.5736371 -25.774384 2.5904038 33.707375 -0.5289598703384399 0.3884282410144806
Car 0.0 0 -1.6305378675460815 598.7989501953125 180.4984588623047 625.31005859375 202.53219604492188 3.8219976 1.5097282 1.6560242 0.73661065 1.4417572 51.163498 -1.616141676902771 0.3226061761379242
Car 0.0 0 1.6815580129623413 479.3731689453125 178.15069580078125 533.6416625976562 220.52664184570312 3.9088395 1.4736321 1.5945561 -3.5074766 1.3582244 26.94659 1.5521217584609985 0.2945248782634735
