Pedestrian 0.0 0 2.454841136932373 332.4369812011719 157.6692657470703 383.96490478515625 218.8597869873047 1.4087455 1.7479956 0.55662066 -7.414852 0.96222323 21.277508 2.119518280029297 0.22783266007900238
Pedestrian 0.0 0 -1.3084003925323486 40.323211669921875 173.8842010498047 74.15798950195312 236.5286102294922 0.56723666 1.6481353 0.5949739 -14.8075075 1.3511417 19.28469 -1.9632200002670288 0.18164384365081787
Pedestrian 0.0 0 1.5541117191314697 369.0252685546875 170.82972717285156 388.58062744140625 222.02377319335938 1.1110249 1.7615409 0.63650197 -8.124 1.2676642 25.359665 1.24409019947052 0.1422078162431717
Cyclist 0.0 0 -1.8492828607559204 692.2317504882812 176.35765075683594 721.5308837890625 228.22848510742188 1.8137957 1.5874826 0.43862462 3.1021612 1.3175173 22.925455 -1.7147846221923828 0.3997095823287964
Cyclist 0.0 0 2.454841136932373 332.4369812011719 157.6692657470703 383.96490478515625 218.8597869873047 1.4087455 1.7479956 0.55662066 -7.414852 0.96222323 21.277508 2.119518280029297 0.30901846289634705
Cyclist 0.0 0 1.5202898979187012 369.89105224609375 168.73483276367188 389.73748779296875 218.71859741210938 1.0657933 1.7272685 0.61439204 -8.114718 1.158877 25.444307 1.2115662097930908 0.11508654803037643
Car 0.0 0 -1.7046942710876465 439.1498718261719 167.21533203125 478.1080017089844 194.71771240234375 3.758274 1.3907332 1.5400319 -8.032715 0.48162633 38.375523 -1.9110338687896729 0.922896146774292
Car 0.0 0 -1.7830121517181396 514.6700439453125 165.03289794921875 561.6061401367188 196.61688232421875 3.7964227 1.5071454 1.5884838 -3.603147 0.5451801 36.349277 -1.8818150758743286 0.8862612247467041
Car 0.0 0 3.183058738708496 276.6571350097656 175.26869201660156 388.8023376464844 220.2250518798828 3.60147 1.5083226 1.582012 -9.692628 1.1757238 25.43554 2.8189802169799805 0.1266784816980362
Car 0.0 0 -1.5036261081695557 424.49993896484375 158.4552459716797 452.04998779296875 184.23031616210938 3.9279754 1.7926517 1.690276 -12.293393 -0.073309906 52.22684 -1.734802484512329 0.11926646530628204
