Pedestrian 0.0 0 -1.8701252937316895 881.2772827148438 166.3289031982422 916.9212646484375 237.9127960205078 0.7922661 1.7432178 0.615383 7.2088494 1.2844158 17.922176 -1.4876973628997803 0.1955590844154358
Car 0.0 0 -1.351540207862854 342.87432861328125 189.59165954589844 422.8125915527344 240.37799072265625 3.9550319 1.4330223 1.5765579 -7.0217175 1.5845383 22.665556 -1.6519604921340942 0.9629939794540405
Car 0.0 0 -1.232557773590088 212.0039825439453 189.28781127929688 364.4024963378906 274.8127136230469 3.807795 1.4949719 1.6555363 -6.3798637 1.5905218 14.706122 -1.641878366470337 0.9464346170425415
Car 0.0 0 -1.5599236488342285 660.6588134765625 182.81898498535156 722.8912353515625 242.02304077148438 3.3754883 1.652355 1.7343922 2.5204897 1.5865952 21.842308 -1.4450370073318481 0.9400126338005066
Car 0.0 0 1.7676335573196411 743.3497924804688 180.29371643066406 780.0578002929688 203.34584045410156 4.200073 1.52744 1.7039315 10.705557 1.2024398 49.893456 1.9789971113204956 0.6143454909324646
Car 0.0 0 2.288686513900757 271.363525390625 193.39723205566406 344.8127746582031 221.7072296142578 3.7133517 1.4420322 1.7451581 -16.557775 1.9197006 39.82847 1.8946962356567383 0.3247499465942383
Car 0.0 0 1.9173340797424316 325.29022216796875 190.17660522460938 382.7298583984375 224.30947875976562 3.3706946 1.465145 1.4297967 -11.629371 1.7059551 33.035564 1.5788557529449463 0.30783143639564514
Car 0.0 0 1.316521167755127 807.8394165039062 174.20066833496094 857.9402465820312 205.87442016601562 4.394814 1.7455748 1.7214743 13.002408 1.1396556 41.848545 1.6177667379379272 0.27497321367263794
Car 0.0 0 1.6877996921539307 341.2645568847656 181.3620147705078 369.1134948730469 202.84030151367188 3.487918 1.4756609 1.478123 -17.99096 1.2120255 51.248505 1.350186824798584 0.21240684390068054
Car 0.0 0 -2.3275363445281982 215.59500122070312 182.64840698242188 324.83123779296875 226.47891235351562 3.4841716 1.4903154 1.5928155 -12.155755 1.4041544 25.816412 -2.7675962448120117 0.1984879970550537
