Pedestrian 0.0 0 1.371978998184204 676.1712036132812 161.26402282714844 711.7859497070312 235.56517028808594 0.9352495 1.7135583 0.66377175 2.1515956 1.2480776 17.05455 1.4974756240844727 0.7945051789283752
Pedestrian 0.0 0 -1.8332957029342651 443.9512023925781 165.02381896972656 480.0002746582031 238.9110565185547 0.9012527 1.619143 0.58531785 -3.2026265 1.259311 16.27228 -2.0276267528533936 0.747305154800415
Pedestrian 0.0 0 1.833592176437378 0.0 155.30856323242188 39.67616271972656 235.22698974609375 1.1449989 1.8952315 0.76266634 -14.528302 1.2753131 17.711105 1.1465990543365479 0.5167643427848816
Pedestrian 0.0 0 -2.256223678588867 530.545166015625 168.66445922851562 550.8748779296875 206.0994415283203 0.65147465 1.6761923 0.6557493 -2.7704322 1.10241 32.62373 -2.3409411907196045 0.4795178174972534
Pedestrian 0.0 0 -1.8045099973678589 714.9622802734375 161.48220825195312 736.7625122070312 206.27481079101562 0.7542824 1.7988403 0.7179696 5.0434737 0.99593925 29.24419 -1.6337292194366455 0.3935210406780243
Pedestrian 0.0 0 1.0076807737350464 201.4129180908203 158.56069946289062 228.60940551757812 212.4727020263672 0.6627253 1.7276704 0.50425696 -12.613681 0.9936531 23.39958 0.5132787227630615 0.389506995677948
Pedestrian 0.0 0 -1.4186393022537231 727.5865478515625 165.12484741210938 742.571044921875 205.43421936035156 0.7320389 1.7142333 0.53153175 5.7520795 1.0188193 30.979105 -1.2350538969039917 0.35084250569343567
Pedestrian 0.0 0 -0.2935146987438202 698.3990478515625 168.8312530517578 717.4027099609375 208.09930419921875 0.7091419 1.8290389 0.7130706 5.00452 1.2398711 33.860767 -0.14677996933460236 0.3028855621814728
Pedestrian 0.0 0 0.9570306539535522 566.171875 166.14686584472656 591.771728515625 199.2143096923828 1.3401766 1.7451165 0.73934764 -1.2182235 0.9357088 38.664818 0.9255337715148926 0.282319039106369
Pedestrian 0.0 0 3.564387083053589 220.3662567138672 154.1177215576172 306.67352294921875 285.783203125 0.9239177 1.7378078 0.53433627 -4.6188817 1.3777266 9.754541 3.122154474258423 0.23206177353858948
Pedestrian 0.0 0 1.607852578163147 436.8509521484375 147.5504608154297 456.4940185546875 201.35777282714844 0.8005229 1.7594883 0.61252284 -5.175948 0.65043586 23.934477 1.394877314567566 0.20125724375247955
Cyclist 0.0 0 1.8750463724136353 601.1083984375 162.22122192382812 626.2921142578125 205.2535858154297 1.8567536 1.7855173 0.5500898 0.5243964 0.986577 30.770569 1.8920868635177612 0.6088441610336304
Cyclist 0.0 0 1.0277304649353027 554.0985107421875 167.70541381835938 584.51904296875 203.05421447753906 1.8938516 1.7651951 0.6748426 -1.6667109 1.0772221 36.84353 0.9825236797332764 0.5465203523635864
Cyclist 0.0 0 -3.3401145935058594 776.424560546875 136.9651641845703 915.25048828125 255.55348205566406 1.8595291 1.692357 0.65898705 3.550912 1.0581219 10.689023 -3.0193827152252197 0.31486594676971436
Cyclist 0.0 0 -2.4653384685516357 402.4852294921875 154.0739288330078 447.21636962890625 199.0343780517578 1.7475407 1.7167081 0.52964664 -6.914819 0.6705326 28.033272 -2.7071754932403564 0.24297195672988892
Cyclist 0.0 0 1.607852578163147 436.8509521484375 147.5504608154297 456.4940185546875 201.35777282714844 0.8005229 1.7594883 0.61252284 -5.175948 0.65043586 23.934477 1.394877314567566 0.18288260698318481
Cyclist 0.0 0 0.9570306539535522 566.171875 166.14686584472656 591.771728515625 199.2143096923828 1.3401766 1.7451165 0.73934764 -1.2182235 0.9357088 38.664818 0.9255337715148926 0.1563953310251236
Car 0.0 0 1.7676923274993896 574.8577270507812 171.6749267578125 604.4452514648438 191.8488311767578 4.0480547 1.5128403 1.5456376 -0.8586989 0.77663165 55.995625 1.7523584365844727 0.32102829217910767
Car 0.0 0 0.8304100036621094 707.0980834960938 173.08642578125 782.6547241210938 203.01380920410156 4.054196 1.5083661 1.646175 7.588293 1.085189 38.362194 1.025695562362671 0.2146676629781723
