Pedestrian 0.0 0 -1.1697049140930176 307.827392578125 171.68106079101562 349.5845642089844 241.35696411132812 0.941847 1.7841461 0.71245646 -7.425221 1.7544694 18.953823 -1.5430817604064941 0.3890341818332672
Pedestrian 0.0 0 1.6219969987869263 844.3211669921875 148.46315002441406 863.9254760742188 195.856689453125 0.8873803 1.8008752 0.67629945 9.419073 0.87442154 27.951382 1.9470264911651611 0.14014758169651031
Pedestrian 0.0 0 0.14353296160697937 865.0626220703125 156.8133087158203 918.0639038085938 209.28150939941406 1.5806528 1.6949307 0.50783694 9.282086 1.1771109 23.915333 0.513758659362793 0.11190815269947052
Pedestrian 0.0 0 -1.6028366088867188 1073.7459716796875 168.89877319335938 1100.1185302734375 236.96116638183594 1.5023357 1.6940615 0.5192502 12.321193 1.5959743 18.732338 -1.0210325717926025 0.10217559337615967
Cyclist 0.0 0 -1.6256884336471558 1073.62646484375 170.5628204345703 1099.755126953125 236.23040771484375 1.4976568 1.6410581 0.48250923 12.358196 1.5841584 18.797375 -1.0440988540649414 0.2549448609352112
Cyclist 0.0 0 0.18389150500297546 864.3653564453125 158.71630859375 916.9575805664062 210.58230590820312 1.5572188 1.6755344 0.52259314 9.2603245 1.2191734 23.93789 0.5530087947845459 0.22479797899723053
Car 0.0 0 2.059464454650879 137.9774932861328 207.3029327392578 275.0019836425781 272.8023681640625 3.9353528 1.4405823 1.6355892 -11.006888 2.4871707 19.930256 1.554879903793335 0.2809521555900574
Car 0.0 0 2.411548614501953 0.0 174.61280822753906 137.8229522705078 289.6831970214844 3.4681768 1.4198492 1.4449521 -9.117486 1.450903 10.773006 1.709190845489502 0.2536105215549469
Car 0.0 0 1.78595769405365 349.4035339355469 191.69017028808594 403.39715576171875 228.5736083984375 3.7284482 1.4962403 1.6023253 -10.708704 2.4131923 33.175205 1.4737237691879272 0.11651530861854553
Car 0.0 0 -1.3075438737869263 357.3373718261719 177.07977294921875 438.5956726074219 225.0692138671875 3.931522 1.4719603 1.6716877 -7.1219697 1.6271951 24.4599 -1.5908794403076172 0.10030321031808853
