Pedestrian 0.0 0 -0.7347283959388733 592.7286987304688 171.54188537597656 622.6138916015625 223.1922607421875 0.8391227 1.7672346 0.6286492 0.19551776 1.4275862 25.089157 -0.726935625076294 0.46536964178085327
Pedestrian 0.0 0 1.8427624702453613 414.7274169921875 167.3737335205078 475.51690673828125 291.23944091796875 0.8639755 1.7729212 0.6832005 -2.3620012 1.572043 10.729297 1.6260738372802734 0.4545806646347046
Pedestrian 0.0 0 3.7149546146392822 0.0 145.29856872558594 49.705474853515625 243.50509643554688 0.6089801 1.7416434 0.5061637 -10.537256 1.1009023 13.02085 3.034592628479004 0.34889912605285645
Pedestrian 0.0 0 -1.5238816738128662 765.8414306640625 196.81527709960938 815.6926879882812 319.1062927246094 0.8313346 1.6834402 0.67020714 2.7357676 1.919389 10.506583 -1.269152045249939 0.33462825417518616
Pedestrian 0.0 0 0.14077535271644592 745.703369140625 192.50201416015625 795.6109008789062 300.9564514160156 0.69293743 1.6809853 0.77680475 2.7264452 1.8692322 11.717244 0.36939382553100586 0.2920163869857788
Pedestrian 0.0 0 1.649566888809204 759.8255615234375 155.6231689453125 780.701416015625 210.55087280273438 1.0551982 1.7003297 0.5664795 5.344103 0.90040433 22.822721 1.8795799016952515 0.28543326258659363
Pedestrian 0.0 0 -0.24855834245681763 669.72705078125 170.5775146484375 727.6749877929688 232.79519653320312 1.4911088 1.6990265 0.62349045 2.6700797 1.4019139 20.009386 -0.1159006804227829 0.18910439312458038
Pedestrian 0.0 0 2.3917489051818848 1031.5048828125 193.95034790039062 1165.392578125 374.0 0.58626693 1.5567486 0.5662593 3.6078398 1.655999 5.3186235 2.98779034614563 0.1877700388431549
Pedestrian 0.0 0 1.8997745513916016 1157.8499755859375 66.7308120727539 1238.0 262.10528564453125 0.6356426 1.7978351 0.6204715 5.914664 0.7431069 7.037319 2.598710536956787 0.16724085807800293
Pedestrian 0.0 0 -1.890270471572876 1113.8385009765625 198.8853759765625 1238.0 374.0 0.7403254 1.6848326 0.6381755 3.5700672 1.803512 4.3833632 -1.206775426864624 0.13674712181091309
Cyclist 0.0 0 1.130300760269165 731.9817504882812 196.75494384765625 799.8604125976562 306.31549072265625 1.2141632 1.6606196 0.61562073 2.6187527 1.9250396 11.728596 1.3499767780303955 0.4425595700740814
Cyclist 0.0 0 -1.7811025381088257 677.6090698242188 171.7728729248047 712.8822631835938 234.84783935546875 1.852742 1.6814765 0.5980625 2.5720794 1.423331 20.09501 -1.6537988185882568 0.2530767321586609
Cyclist 0.0 0 1.6781702041625977 760.1074829101562 155.88731384277344 781.9594116210938 210.6352996826172 1.1185449 1.6861897 0.5588066 5.3499017 0.89845526 22.741785 1.909214735031128 0.23616619408130646
Cyclist 0.0 0 -1.5181739330291748 600.3653564453125 170.8013153076172 618.5615844726562 223.4368438720703 1.3537568 1.7720557 0.56242204 0.26282483 1.4129468 24.874517 -1.5076082944869995 0.13788816332817078
Car 0.0 0 -0.33721235394477844 601.8397827148438 166.64878845214844 693.6980590820312 198.3438262939453 4.238976 1.5173562 1.7088631 2.284488 0.80728066 35.781746 -0.27345383167266846 0.24285705387592316
Car 0.0 0 1.9289233684539795 706.6098022460938 163.38272094726562 748.7354736328125 190.25865173339844 4.0055585 1.959124 1.866256 9.644917 0.6390621 54.55961 2.103893280029297 0.20829416811466217
Car 0.0 0 3.0250301361083984 399.1968994140625 182.5443115234375 483.24554443359375 213.43917846679688 3.6127164 1.3558878 1.4276748 -7.349981 1.4064455 32.878166 2.8050942420959473 0.15487012267112732
Car 0.0 0 -2.0345866680145264 728.1744384765625 197.4639129638672 905.91357421875 291.10888671875 3.8958242 1.4053227 1.5810121 3.807142 1.7533797 13.541927 -1.7605235576629639 0.13410837948322296
