Pedestrian 0.0 0 -1.504837155342102 844.8827514648438 148.88987731933594 864.0452270507812 194.6985321044922 0.71441436 1.9171418 0.7267981 10.3513565 0.9145748 30.663239 -1.1792677640914917 0.15676434338092804
Pedestrian 0.0 0 1.804334044456482 475.6424560546875 185.08876037597656 516.0704345703125 266.3542785644531 0.94196796 1.7720764 0.7099806 -2.6285455 2.0585816 16.376541 1.6451847553253174 0.10965413600206375
Pedestrian 0.0 0 2.447376012802124 1053.2056884765625 166.452880859375 1123.13720703125 279.14544677734375 0.71924347 1.723463 0.57006204 7.4627576 1.6259253 11.355789 3.0287797451019287 0.10274701565504074
Cyclist 0.0 0 -0.050185710191726685 616.5365600585938 164.33599853515625 638.2686157226562 192.851318359375 1.4038695 1.8649309 0.53290886 1.1104445 1.3082029 47.47173 -0.026798274368047714 0.10062414407730103
Car 0.0 0 1.7091870307922363 584.1665649414062 179.8900909423828 665.696533203125 249.903076171875 3.586164 1.5264884 1.5481395 0.41673046 1.72091 18.003857 1.7323296070098877 0.9686992168426514
Car 0.0 0 -1.8231370449066162 847.7261962890625 165.54769897460938 1033.74853515625 287.88787841796875 4.3435764 1.7019086 1.7689043 5.300437 1.6006265 12.316551 -1.4167430400848389 0.9360509514808655
Car 0.0 0 -1.5218640565872192 656.4321899414062 174.19635009765625 695.919677734375 208.4037628173828 4.207642 1.5391042 1.6954712 3.2104487 1.6083732 34.83641 -1.4299657344818115 0.8969172835350037
Car 0.0 0 -1.6669974327087402 764.6613159179688 166.884765625 808.3182983398438 204.3374786376953 3.6739843 1.6659951 1.6430486 8.226264 1.400826 34.027367 -1.4297943115234375 0.36691370606422424
Car 0.0 0 -1.609743595123291 850.8184204101562 180.4969940185547 891.9422607421875 215.79180908203125 3.757348 1.4952372 1.6377281 12.03376 1.8719124 33.485405 -1.2647428512573242 0.15796908736228943
Car 0.0 0 -1.7352304458618164 750.3883666992188 170.99334716796875 789.2515869140625 199.76614379882812 4.2979126 1.6839021 1.6439632 9.746409 1.575367 44.41308 -1.5192056894302368 0.12989382445812225
