Car 0.0 0 3.674043893814087 0.0 185.2594451904297 305.6386413574219 304.8616027832031 4.28236 1.3842936 1.5917908 -6.535874 1.5641035 9.489615 3.0709152221679688 0.9681341052055359
Car 0.0 0 -1.860562801361084 744.1509399414062 177.9762725830078 927.7385864257812 295.48394775390625 3.801508 1.4748715 1.6053162 3.1920283 1.5678066 11.128939 -1.5812389850616455 0.9673885107040405
Car 0.0 0 -2.0383307933807373 824.9893798828125 187.82699584960938 1242.0 375.0 3.7483573 1.4177971 1.5658118 3.1127803 1.5844895 6.137169 -1.5689387321472168 0.9634616374969482
Car 0.0 0 -1.7431912422180176 677.5930786132812 181.0753173828125 739.3301391601562 226.99339294433594 3.4004724 1.4181936 1.511257 3.2454953 1.7189525 24.631702 -1.612185001373291 0.9527815580368042
Car 0.0 0 3.5044569969177246 187.62420654296875 179.0835723876953 407.32818603515625 260.2360534667969 3.8689423 1.5753059 1.6616186 -6.4331956 1.7134995 15.052582 3.1005709171295166 0.9229009747505188
Car 0.0 0 -0.16920700669288635 728.783203125 179.82591247558594 831.0800170898438 216.2385711669922 4.1682253 1.5399922 1.6651987 7.3895197 1.8571738 31.83216 0.05889296531677246 0.8543651103973389
Car 0.0 0 -2.981990337371826 483.57000732421875 175.5033721923828 550.8425903320312 203.08168029785156 4.240786 1.8030638 1.7694314 -6.2050285 1.9842987 48.305923 -3.109743595123291 0.8470050096511841
Car 0.0 0 -2.773747682571411 306.6854248046875 175.681884765625 461.0414123535156 235.5951385498047 3.7059317 1.552464 1.556238 -6.144983 1.6334612 19.675383 -3.0764670372009277 0.8346883654594421
Car 0.0 0 0.2389318197965622 385.4568176269531 169.78594970703125 504.9162902832031 219.63182067871094 3.685993 1.634371 1.5529534 -5.5705714 1.5341319 24.45943 0.01500391960144043 0.8007011413574219
Car 0.0 0 3.377777099609375 344.06787109375 187.7009735107422 491.59356689453125 240.1715850830078 4.085039 1.5021476 1.5608705 -5.8080544 1.9711738 21.947508 3.1190733909606934 0.7091699242591858
Car 0.0 0 0.2117004096508026 452.551025390625 166.6512908935547 532.5685424804688 199.501220703125 3.962456 1.7153059 1.6834091 -6.2805924 1.3917803 38.613953 0.050461530685424805 0.6924964785575867
