Pedestrian 0.0 0 2.5487165451049805 991.3482055664062 120.06950378417969 1064.0623779296875 248.34007263183594 0.77503896 1.7293153 0.38994673 5.7719946 0.916276 9.7444515 3.083482027053833 0.6103825569152832
Pedestrian 0.0 0 1.1978673934936523 989.70654296875 147.274169921875 1028.4876708984375 221.5800323486328 0.79661316 1.866079 0.616622 10.350062 1.0332568 18.190012 1.7151784896850586 0.3968322277069092
Pedestrian 0.0 0 -0.3414919674396515 508.8210144042969 164.97120666503906 520.845458984375 187.05224609375 0.90728915 1.887121 0.5129979 -7.742844 0.56117314 60.855415 -0.4680454432964325 0.3285178542137146
Pedestrian 0.0 0 -0.6279580593109131 274.4197998046875 180.43612670898438 321.20269775390625 262.3653259277344 0.6429707 1.6266975 0.6090905 -6.324227 1.6270583 14.464829 -1.040128469467163 0.26094943284988403
Pedestrian 0.0 0 -1.4213719367980957 789.6793823242188 161.85794067382812 805.654052734375 193.71958923339844 0.79586273 1.6777697 0.71281755 10.274898 0.6975291 37.7347 -1.1555240154266357 0.24800123274326324
Pedestrian 0.0 0 0.6122428774833679 121.46833038330078 109.83238983154297 202.99037170410156 245.17669677734375 0.7721943 1.8231175 0.5729273 -6.187823 0.8728804 9.824596 0.05017805099487305 0.20301957428455353
Pedestrian 0.0 0 -1.3239338397979736 985.927490234375 144.45008850097656 1006.3301391601562 185.45062255859375 0.58078116 1.9296756 0.7322422 18.646828 0.23444861 33.73421 -0.8189761638641357 0.18652532994747162
Pedestrian 0.0 0 1.116034984588623 115.46217346191406 152.19650268554688 137.8616943359375 193.04617309570312 0.7839109 1.9785647 0.6306875 -23.499554 0.60911703 34.709717 0.5208914279937744 0.13633227348327637
Pedestrian 0.0 0 -0.5726140737533569 880.705322265625 148.34288024902344 899.2168579101562 186.40672302246094 0.59764016 1.7851217 0.57305366 13.480383 0.27846515 33.49207 -0.1899588406085968 0.13117879629135132
Pedestrian 0.0 0 0.050703927874565125 768.888427734375 156.54042053222656 798.8550415039062 188.49227905273438 1.6425936 1.8099865 0.4883003 10.244727 0.45412704 40.522205 0.29833269119262695 0.11475935578346252
Cyclist 0.0 0 -0.05136318504810333 770.4385986328125 157.23204040527344 799.4727783203125 189.455322265625 1.5881791 1.8294753 0.51595604 10.304843 0.5098234 40.546486 0.19751644134521484 0.2031075656414032
Cyclist 0.0 0 1.1343780755996704 984.9169311523438 145.01101684570312 1028.6370849609375 218.44583129882812 0.963097 1.8460256 0.6324973 10.334517 0.955487 18.273832 1.6490710973739624 0.1174909919500351
Car 0.0 0 -0.401863157749176 849.6375122070312 163.76426696777344 997.6189575195312 210.35736083984375 3.975915 1.4199483 1.5475339 9.958514 0.9114768 22.350733 0.017289400100708008 0.9219028353691101
Car 0.0 0 -0.8164260983467102 0.0 206.67677307128906 301.2974548339844 370.0 3.9965231 1.445619 1.6121581 -3.1838925 1.6474571 3.400809 -1.5688936710357666 0.8282232880592346
