Pedestrian 0.0 0 1.6675547361373901 764.0646362304688 151.9141845703125 811.5556640625 259.4244689941406 0.782613 1.684621 0.68149257 3.011617 1.2223274 11.737298 1.9187215566635132 0.8265353441238403
Pedestrian 0.0 0 1.8578275442123413 430.4603576660156 171.2960205078125 459.15032958984375 229.70791625976562 1.0020043 1.8557855 0.65604794 -5.1065803 1.5327002 23.342587 1.642453908920288 0.5571914315223694
Pedestrian 0.0 0 -2.401944160461426 492.2965393066406 164.78756713867188 516.9674682617188 213.18919372558594 0.6518765 1.796993 0.6557058 -3.6741245 1.1775517 27.12185 -2.5365917682647705 0.5328256487846375
Pedestrian 0.0 0 1.9209115505218506 524.1792602539062 162.28359985351562 542.5758056640625 202.4595184326172 0.69839615 1.8164729 0.63878644 -3.1253133 0.94857997 32.894012 1.8261842727661133 0.4228605628013611
Pedestrian 0.0 0 2.1827504634857178 13.630494117736816 133.6857147216797 93.06160736083984 265.3586120605469 0.5407248 1.7422566 0.6727878 -7.4987993 1.1109201 9.786385 1.5289313793182373 0.37607672810554504
Pedestrian 0.0 0 1.1168755292892456 605.561767578125 164.91372680664062 621.2274169921875 196.5148162841797 0.93145716 1.8562038 0.58150005 0.7107665 0.88272166 42.736416 1.1335053443908691 0.366277277469635
Pedestrian 0.0 0 1.7320482730865479 449.7815856933594 174.74539184570312 465.7691650390625 216.1158447265625 0.67971796 1.7221451 0.55959177 -6.061971 1.4419498 30.249666 1.5342700481414795 0.3651496469974518
Pedestrian 0.0 0 3.286736011505127 389.37933349609375 151.1769256591797 441.4785461425781 238.55596923828125 1.0077451 1.8277413 0.5772134 -4.0043263 1.194696 15.365157 3.0317959785461426 0.3610536456108093
Pedestrian 0.0 0 -3.2646331787109375 1147.837890625 135.32301330566406 1238.0 374.0 0.5482504 1.7762423 0.67005277 3.6624715 1.5231181 4.3872523 -2.56903076171875 0.31338393688201904
Pedestrian 0.0 0 1.2658488750457764 588.4566650390625 160.58335876464844 603.0143432617188 192.67967224121094 0.82561314 1.8732177 0.64033717 -0.33752495 0.6532495 42.41244 1.2578909397125244 0.31014156341552734
Pedestrian 0.0 0 3.6599793434143066 100.71836853027344 139.59625244140625 166.05751037597656 264.9314880371094 0.57466763 1.7138852 0.55073184 -6.622579 1.1421988 10.112676 3.080181837081909 0.30854499340057373
Pedestrian 0.0 0 0.5716860294342041 227.10557556152344 110.5011215209961 344.6296691894531 278.7915344238281 1.000159 1.7683021 0.6458912 -3.5182223 1.0236468 7.9413676 0.1546478271484375 0.2918943166732788
Pedestrian 0.0 0 0.11409293115139008 593.70849609375 160.9324188232422 609.0111694335938 193.4955596923828 0.8901545 1.9874101 0.4956217 0.001963228 0.7328639 44.13606 0.11413741111755371 0.2640833556652069
Pedestrian 0.0 0 3.545501947402954 173.39649963378906 131.8157196044922 223.56536865234375 214.28221130371094 0.81434345 1.7624513 0.5237443 -8.808965 0.7018407 15.653928 3.0329363346099854 0.2615557014942169
Pedestrian 0.0 0 -1.4831154346466064 536.7898559570312 171.73629760742188 548.95849609375 203.15660095214844 0.6588913 1.7045358 0.6091455 -3.2036796 1.1756876 39.29807 -1.5644581317901611 0.25523969531059265
Pedestrian 0.0 0 1.860339641571045 552.4505615234375 163.6389923095703 567.6382446289062 195.3395233154297 0.8333535 1.8748193 0.69901437 -2.4696693 0.8192593 42.96675 1.8029241561889648 0.23595251142978668
Pedestrian 0.0 0 2.056446075439453 851.98876953125 114.96973419189453 909.2393798828125 221.96163940429688 0.72304046 1.7745975 0.6611067 4.777549 0.67239493 12.398639 2.424241065979004 0.21018460392951965
Pedestrian 0.0 0 -2.38312029838562 425.1082763671875 175.6756591796875 446.43048095703125 218.14224243164062 0.5646747 1.5633718 0.5321319 -6.204167 1.3499937 26.8147 -2.6104912757873535 0.20504020154476166
Cyclist 0.0 0 3.16379451751709 390.6622009277344 149.05563354492188 444.2772521972656 236.9960174560547 1.1001822 1.8464205 0.5594229 -3.9914887 1.1664429 15.477589 2.911405563354492 0.10561317950487137
Car 0.0 0 1.7233997583389282 440.1212158203125 178.57725524902344 576.1945190429688 281.6402893066406 4.3046923 1.4527555 1.6316837 -1.4388722 1.4128745 12.30334 1.6069788932800293 0.9672370553016663
Car 0.0 0 3.301682710647583 231.43258666992188 168.54539489746094 412.0586853027344 228.19041442871094 4.464006 1.5483156 1.5315576 -7.609227 1.213202 19.850584 2.935633420944214 0.2999257743358612
Car 0.0 0 -2.9648830890655518 1156.0079345703125 80.43294525146484 1238.0 206.94729614257812 4.5233326 2.20443 1.8362175 14.529775 0.44467914 14.887596 -2.191648006439209 0.26750943064689636
Car 0.0 0 0.9839282035827637 583.6473999023438 169.56190490722656 629.8555908203125 192.16647338867188 3.5009933 1.5212688 1.5475398 0.35167986 0.7185138 50.22903 0.9909296035766602 0.205861434340477
