Pedestrian 0.0 0 -3.205012559890747 670.7636108398438 165.98361206054688 686.2515258789062 195.59339904785156 0.9439477 1.8628615 0.5239743 4.3013706 1.4309783 45.6681 -3.1111018657684326 0.2881777584552765
Pedestrian 0.0 0 0.9563416838645935 0.0 81.23304748535156 84.24547576904297 323.3741760253906 0.6565923 1.7826124 0.5894761 -4.735037 1.1084685 5.6786704 0.26131129264831543 0.22303573787212372
Pedestrian 0.0 0 -0.2600795328617096 854.295654296875 184.99314880371094 905.5421142578125 257.7630920410156 1.1001775 1.8041124 0.6109299 6.8082843 2.119412 18.360748 0.09500956535339355 0.18210923671722412
Pedestrian 0.0 0 -1.5204044580459595 298.7180480957031 193.99720764160156 325.1233825683594 256.4474182128906 1.0389515 1.692684 0.64612293 -8.529877 2.3130193 20.556877 -1.9137237071990967 0.13553328812122345
Cyclist 0.0 0 2.253711462020874 459.2552490234375 179.8727569580078 484.3877868652344 211.03802490234375 1.4965665 1.6957049 0.5660842 -7.7646346 2.0968604 40.40658 2.0638630390167236 0.5491969585418701
Car 0.0 0 1.9612189531326294 61.07440948486328 199.189697265625 390.4210510253906 375.0 3.9850557 1.4584186 1.5819448 -3.6945941 1.8142822 7.7030826 1.5140035152435303 0.9564014673233032
Car 0.0 0 1.8139564990997314 331.5368347167969 176.95852661132812 476.27581787109375 290.3097839355469 4.1507206 1.8000501 1.6566429 -3.7559006 1.8902864 13.702133 1.546417236328125 0.9503298401832581
Car 0.0 0 1.6552175283432007 502.83758544921875 184.400146484375 551.7838745117188 221.78240966796875 4.162761 1.4119179 1.7200028 -3.4831653 1.9365563 30.655203 1.5420788526535034 0.8715123534202576
Car 0.0 0 1.8146413564682007 292.9664306640625 194.15988159179688 345.0257873535156 225.1461181640625 4.222045 1.4789602 1.6847547 -15.959801 2.716212 39.67835 1.4322144985198975 0.34148964285850525
Car 0.0 0 -2.581414222717285 307.2247009277344 194.78150939941406 416.1141357421875 239.5251007080078 3.443433 1.4953488 1.6107308 -9.113281 2.334857 26.435999 -2.913386344909668 0.1816922426223755
