Pedestrian 0.0 0 2.0951733589172363 633.8688354492188 161.310302734375 661.3846435546875 210.90147399902344 0.93516713 1.8167686 0.6481202 1.573961 1.1152736 26.466473 2.154573440551758 0.516708254814148
Pedestrian 0.0 0 1.6188125610351562 731.344482421875 144.74612426757812 745.6842041015625 187.245361328125 0.4402307 1.9602249 0.6357969 6.1962495 0.3125766 32.894672 1.8049973249435425 0.34276342391967773
Pedestrian 0.0 0 1.779150366783142 913.438720703125 129.67822265625 971.0206909179688 252.066650390625 0.6163444 1.7704364 0.673529 5.0475907 1.0369275 10.672144 2.220940113067627 0.20825429260730743
Pedestrian 0.0 0 1.6381208896636963 801.5096435546875 129.16015625 834.758544921875 204.09185791015625 1.0125672 1.8907105 0.7663989 5.53284 0.59687364 18.444204 1.9295567274093628 0.17605407536029816
Pedestrian 0.0 0 2.4441425800323486 270.40716552734375 126.26952362060547 364.9997253417969 330.9327087402344 0.5567014 1.5832797 0.4599301 -2.4095263 1.1654605 5.817912 2.051492214202881 0.1636858731508255
Pedestrian 0.0 0 -2.7365100383758545 279.033447265625 148.05397033691406 327.802490234375 232.4322967529297 0.7990783 1.7752261 0.58081234 -6.4995766 1.0942187 15.160988 -3.1415138244628906 0.12737582623958588
Pedestrian 0.0 0 2.023120880126953 194.8912353515625 122.37007141113281 270.29559326171875 258.35614013671875 0.8237669 1.8276693 0.6431886 -5.2528896 1.0480673 9.920621 1.5361590385437012 0.11934012174606323
Pedestrian 0.0 0 0.3360447883605957 1122.4654541015625 109.03947448730469 1224.0 370.0 0.76469344 1.6253722 0.46847358 3.0250988 1.3230755 3.4512832 1.0557317733764648 0.1181928738951683
Pedestrian 0.0 0 -3.0817794799804688 564.33447265625 166.77188110351562 579.2698364257812 201.3492431640625 0.7836728 1.8739574 0.5522026 -1.8198378 1.1313494 38.595375 -3.1288962364196777 0.10303235799074173
Pedestrian 0.0 0 -0.007120311260223389 696.4459838867188 158.3232421875 707.6083374023438 182.98556518554688 0.8482071 1.890491 0.47452742 7.4854655 0.19178434 54.48395 0.12941336631774902 0.10284096002578735
Pedestrian 0.0 0 1.5026116371154785 524.1290283203125 184.21142578125 548.7002563476562 247.67062377929688 0.64828646 1.551919 0.5672556 -1.7592207 1.6483505 17.695858 1.4035229682922363 0.1014704778790474
Pedestrian 0.0 0 1.7595664262771606 543.146484375 180.8651123046875 565.4114990234375 234.7587432861328 0.6945067 1.5448297 0.52923524 -1.5098724 1.5572497 20.64267 1.6865531206130981 0.10000583529472351
Cyclist 0.0 0 -2.2096400260925293 1040.142822265625 63.34084701538086 1224.0 278.2255859375 1.7182395 1.7919464 0.53175145 4.9101286 0.8166491 6.7529526 -1.5809513330459595 0.15307924151420593
Cyclist 0.0 0 1.700986385345459 626.4765014648438 158.6244659423828 647.0949096679688 208.76101684570312 1.1300099 1.8246388 0.62806904 1.1653342 1.0300337 26.337858 1.7452031373977661 0.1436624675989151
Car 0.0 0 -1.6792484521865845 667.4125366210938 159.70440673828125 704.9737548828125 192.78160095214844 4.300417 1.8129058 1.6914892 4.632872 0.67453206 40.90108 -1.566459059715271 0.12151981145143509
