Pedestrian 0.0 0 2.796255588531494 665.97607421875 155.34677124023438 681.8285522460938 188.7823028564453 0.7742468 1.9096063 0.53388584 3.645048 0.91007173 41.56333 2.883730411529541 0.6541728973388672
Pedestrian 0.0 0 -1.9954233169555664 973.5629272460938 146.8559112548828 992.3892211914062 183.1304473876953 0.54049855 1.9322809 0.7401543 19.977205 0.54776615 38.721302 -1.5191187858581543 0.5354230403900146
Car 0.0 0 2.003180503845215 164.66717529296875 202.1440887451172 369.3631286621094 312.0082702636719 4.117391 1.474582 1.6766809 -5.866714 2.0801027 12.843013 1.5746843814849854 0.9630959630012512
Car 0.0 0 1.8036212921142578 386.79803466796875 192.77017211914062 463.1299133300781 245.24798583984375 3.671264 1.4350336 1.5450844 -5.8415394 2.1207345 22.978506 1.554677128791809 0.9575502276420593
Car 0.0 0 1.7802633047103882 431.85455322265625 189.41946411132812 494.69769287109375 232.52662658691406 4.1172314 1.5119298 1.6486304 -5.8424406 2.2246885 28.960052 1.5811939239501953 0.9539169073104858
Car 0.0 0 -0.353144109249115 811.3264770507812 159.23680114746094 951.479248046875 205.11846923828125 4.2231274 1.5323032 1.6399692 9.249512 1.0778897 24.919134 0.0022742748260498047 0.9225442409515381
Car 0.0 0 1.8833210468292236 318.8027038574219 196.95339965820312 429.8048400878906 265.83917236328125 3.7620814 1.4352491 1.5734018 -5.859937 2.1074424 18.229834 1.57230544090271 0.9170299172401428
Car 0.0 0 -1.6661707162857056 667.5938110351562 177.78257751464844 714.4814453125 215.26312255859375 3.9470463 1.4787791 1.6166037 3.3733356 1.7042593 30.970942 -1.5576790571212769 0.8944258689880371
Car 0.0 0 1.7659852504730225 476.4551086425781 187.98260498046875 522.9524536132812 222.0581817626953 3.9952252 1.5440831 1.5820645 -5.5582905 2.3529272 36.526283 1.614971399307251 0.6943283677101135
Car 0.0 0 2.6181492805480957 808.8675537109375 158.67608642578125 921.4151611328125 199.47824096679688 3.8210275 1.4949373 1.4762352 9.657302 0.97583485 27.511883 2.955735206604004 0.6006603240966797
Car 0.0 0 -1.6633689403533936 656.997314453125 176.5454559326172 697.0033569335938 210.6778564453125 4.002704 1.6132203 1.6422075 3.2999864 1.8107655 36.53645 -1.5732929706573486 0.5667625069618225
Car 0.0 0 -0.7306446433067322 1110.98681640625 143.50845336914062 1242.0 181.1725311279297 4.2518706 1.5119262 1.6745509 23.407032 0.3342837 29.939417 -0.06709198653697968 0.531129002571106
