Pedestrian 0.0 0 1.4288384914398193 796.0623779296875 167.4934844970703 833.0126953125 249.2992401123047 0.7308602 1.6667176 0.64228225 4.338028 1.4033473 14.807977 1.7138168811798096 0.21146246790885925
Pedestrian 0.0 0 2.7889599800109863 610.1239624023438 159.2325439453125 622.1048583984375 182.261474609375 0.8680892 1.9122677 0.54023314 0.9445671 0.14748082 59.10505 2.8049397468566895 0.1466526985168457
Pedestrian 0.0 0 -2.2975151538848877 470.3111877441406 168.41390991210938 482.5456237792969 190.15286254882812 0.6756943 1.7598492 0.71455365 -10.482215 0.78266007 57.722916 -2.4771530628204346 0.13334009051322937
Pedestrian 0.0 0 -1.4845104217529297 806.7090454101562 147.19522094726562 820.3004150390625 184.24847412109375 0.64098924 1.8841207 0.6181372 10.712041 0.19203034 36.358818 -1.1979964971542358 0.12057612091302872
Cyclist 0.0 0 2.185093402862549 416.622314453125 172.06712341308594 439.1560974121094 199.6112518310547 1.5811808 1.6818873 0.5515375 -11.0174055 1.1683202 44.005405 1.9397714138031006 0.5588809847831726
Cyclist 0.0 0 -1.7966275215148926 826.0975341796875 124.25191497802734 869.4630126953125 236.14634704589844 1.6431394 1.7797121 0.33140245 4.077513 0.88672566 12.07483 -1.470963716506958 0.27663901448249817
Car 0.0 0 1.6321818828582764 543.614501953125 163.03990173339844 568.3551635742188 185.91693115234375 3.7561393 1.6457226 1.615981 -3.615605 0.39096618 52.74232 1.5637366771697998 0.4047190546989441
Car 0.0 0 1.915099859237671 167.23387145996094 168.188232421875 229.36419677734375 197.8736114501953 3.875508 1.4761899 1.621216 -21.325506 0.8653839 37.2049 1.3946263790130615 0.23003724217414856
Car 0.0 0 0.8735286593437195 110.33123016357422 194.4322509765625 188.40830993652344 221.24864196777344 4.064667 1.5051231 1.7572937 -27.459488 2.3747842 42.61914 0.30117130279541016 0.19442299008369446
Car 0.0 0 2.148683786392212 65.23184967041016 180.12823486328125 127.3484115600586 207.40023803710938 3.8682792 1.7991745 1.6178416 -34.887375 1.7759737 48.60845 1.5261623859405518 0.1571916788816452
Car 0.0 0 2.3037471771240234 0.0 176.5137481689453 67.76962280273438 233.52542114257812 3.8716936 1.7588651 1.767032 -20.467968 1.6374416 23.762909 1.5927057266235352 0.15426592528820038
Car 0.0 0 -1.587829828262329 587.3834838867188 165.27743530273438 607.9032592773438 186.13543701171875 4.0035563 1.7016151 1.6588013 -0.63281834 0.46096623 59.700657 -1.5984293222427368 0.11992954462766647
