Pedestrian 0.0 0 1.0636920928955078 941.0967407226562 152.8852996826172 1012.5765380859375 276.32366943359375 0.6513633 1.8201746 0.74585676 5.514064 1.5260816 10.977688 1.5291759967803955 0.4462593197822571
Pedestrian 0.0 0 2.677962064743042 814.3017578125 166.1736297607422 853.0145263671875 217.30349731445312 1.1425118 1.8024285 0.67777866 7.96656 1.5672904 25.860899 2.9767916202545166 0.2669885456562042
Pedestrian 0.0 0 -0.3171401023864746 769.5667724609375 161.56671142578125 790.8314208984375 197.27841186523438 0.9583151 1.8485787 0.5427807 8.843492 1.2646617 37.65864 -0.08648642897605896 0.17409014701843262
Pedestrian 0.0 0 0.291363924741745 744.5347900390625 169.33676147460938 759.1062622070312 196.89492797851562 0.88819426 1.8840888 0.47027633 9.74806 1.6439806 49.742138 0.48488330841064453 0.15414655208587646
Pedestrian 0.0 0 -3.1056692600250244 678.2116088867188 174.8661651611328 687.1719970703125 197.9613494873047 0.667849 1.7725847 0.62903357 5.5972967 1.9295437 55.795296 -3.005685329437256 0.15317772328853607
Pedestrian 0.0 0 0.8770357370376587 699.5178833007812 172.1597137451172 713.0459594726562 197.83311462402344 0.72533053 1.7754449 0.6138934 6.690724 1.7277896 50.36565 1.0091054439544678 0.13247044384479523
Cyclist 0.0 0 -1.8216007947921753 705.45263671875 163.66603088378906 733.687744140625 216.01583862304688 1.8893466 1.8258126 0.55451465 3.9067843 1.5057205 26.130507 -1.673189640045166 0.8276093006134033
Cyclist 0.0 0 1.566634178161621 683.0109252929688 171.7102813720703 694.3214721679688 202.78526306152344 1.8586158 1.7159758 0.6213632 4.4077134 1.6531771 40.79735 1.6742559671401978 0.3255214989185333
Cyclist 0.0 0 2.1916534900665283 534.9818115234375 139.4472198486328 569.5863037109375 184.6185302734375 1.7368963 1.8292434 0.5290278 -2.4345737 0.47677073 30.097267 2.1109390258789062 0.12235234677791595
Car 0.0 0 1.731224536895752 1137.3016357421875 193.0375518798828 1177.8768310546875 216.44239807128906 3.8753176 1.5048345 1.7213391 39.252056 3.0071037 51.728992 2.3803350925445557 0.17918895184993744
Car 0.0 0 1.5541409254074097 516.849365234375 155.57125854492188 555.767333984375 190.3984375 4.077944 1.4274055 1.5923713 -3.315113 0.7194239 31.689863 1.4499088525772095 0.11772206425666809
