Pedestrian 0.0 0 -2.1160879135131836 537.482666015625 171.77597045898438 563.5206909179688 209.2473602294922 0.78708977 1.6403805 0.87633574 -2.284805 1.2156484 32.0183 -2.187326431274414 0.7249091863632202
Pedestrian 0.0 0 0.1341850310564041 399.47119140625 167.07688903808594 442.2877197265625 241.61106872558594 0.9786776 1.8400512 0.57067734 -4.5659614 1.4851712 18.070013 -0.11331596970558167 0.5658407211303711
Pedestrian 0.0 0 1.6518688201904297 981.19921875 145.81973266601562 1013.7132568359375 223.05787658691406 0.76971275 1.6839173 0.5809009 8.86658 0.90725267 16.13946 2.1542303562164307 0.5150654911994934
Pedestrian 0.0 0 2.7694504261016846 392.1658630371094 175.3289337158203 435.3082580566406 248.63018798828125 0.9587118 1.8616719 0.5391201 -4.928278 1.7061217 18.741392 2.5123097896575928 0.4953435957431793
Pedestrian 0.0 0 -1.4385199546813965 503.260986328125 182.5998077392578 534.7958984375 252.53952026367188 0.9145695 1.685984 0.66362834 -2.0651968 1.7151148 17.790901 -1.5540844202041626 0.32284078001976013
Pedestrian 0.0 0 0.13392597436904907 489.6859436035156 177.3626251220703 522.7009887695312 239.42633056640625 0.8123026 1.61122 0.41244975 -2.5274994 1.5049835 18.852385 0.0006527900695800781 0.30574464797973633
Pedestrian 0.0 0 2.043701171875 729.7183227539062 145.44467163085938 750.2175903320312 188.3011932373047 0.73579985 1.8177916 0.5979877 5.9541855 0.2894497 30.940092 2.2338194847106934 0.28840765357017517
Pedestrian 0.0 0 1.753137230873108 193.3210906982422 131.0684814453125 249.9075469970703 246.16529846191406 0.7308919 1.7250797 0.66169435 -5.9555163 0.9705149 11.211968 1.264861822128296 0.2830192446708679
Pedestrian 0.0 0 2.2656397819519043 737.3138427734375 142.56166076660156 762.5431518554688 190.15609741210938 0.7686904 1.8500205 0.63141704 5.854036 0.3374817 28.405855 2.4688799381256104 0.26026713848114014
Pedestrian 0.0 0 0.3704957365989685 389.0222473144531 140.00064086914062 420.2189025878906 203.61964416503906 0.6880713 1.8101517 0.6368848 -5.7197328 0.63051265 20.78799 0.10199379920959473 0.2169804722070694
Cyclist 0.0 0 -1.8555647134780884 639.6278686523438 171.2926788330078 652.9171142578125 201.00949096679688 1.4326801 1.682744 0.37526855 2.5796185 1.1055428 41.413918 -1.7933564186096191 0.23458458483219147
Cyclist 0.0 0 0.11503481864929199 396.2196350097656 162.67901611328125 441.26544189453125 237.0308074951172 1.0460117 1.8383853 0.54416186 -4.6264095 1.3742151 18.098688 -0.13522741198539734 0.1298854947090149
Cyclist 0.0 0 -1.4499458074569702 502.48712158203125 182.1551513671875 534.3701782226562 252.62246704101562 0.963959 1.6978593 0.67607754 -2.080057 1.715714 17.797476 -1.5662916898727417 0.10200958698987961
Cyclist 0.0 0 1.6518688201904297 981.19921875 145.81973266601562 1013.7132568359375 223.05787658691406 0.76971275 1.6839173 0.5809009 8.86658 0.90725267 16.13946 2.1542303562164307 0.10030897706747055
Car 0.0 0 -1.8327361345291138 709.1600341796875 158.00888061523438 833.0000610351562 263.0719299316406 3.6696076 1.8876338 1.5366787 3.295112 1.4668466 14.76922 -1.6132245063781738 0.9309604167938232
Car 0.0 0 -1.5804686546325684 542.9407348632812 181.90538024902344 572.087890625 208.32557678222656 3.630068 1.4406954 1.5912241 -2.5324473 1.4656996 41.09087 -1.6420211791992188 0.47927093505859375
Car 0.0 0 -2.400465726852417 1130.9249267578125 183.11434936523438 1238.0 374.0 4.044236 1.4552753 1.5505329 7.143647 1.4761524 6.660729 -1.5800988674163818 0.2501896023750305
