Pedestrian 0.0 0 1.170836329460144 716.0318603515625 191.64268493652344 741.3245239257812 236.6676025390625 0.86337215 1.7373631 0.7139139 4.6832705 2.4999013 28.763287 1.3322410583496094 0.36032283306121826
Pedestrian 0.0 0 1.8831512928009033 421.50146484375 161.23814392089844 453.79718017578125 219.23471069335938 1.501641 1.7965028 0.5753604 -5.5522866 1.4370478 23.118269 1.6474467515945435 0.20963223278522491
Pedestrian 0.0 0 0.7632318139076233 1112.772705078125 239.81228637695312 1242.0 375.0 0.63244027 1.4082569 0.48569456 3.6728313 1.8737135 4.662051 1.4304982423782349 0.2026272565126419
Pedestrian 0.0 0 0.3547383248806 710.34765625 160.73777770996094 736.3873901367188 206.01907348632812 0.87241405 1.8664688 0.75492555 4.7188945 1.367403 30.280855 0.5093324184417725 0.19348116219043732
Pedestrian 0.0 0 1.3179560899734497 792.889892578125 163.17416381835938 830.3517456054688 237.31422424316406 0.9657576 1.8037195 0.6792336 4.980111 1.568581 18.039635 1.58731210231781 0.17604181170463562
Pedestrian 0.0 0 1.7920857667922974 582.137451171875 191.9190216064453 592.9581909179688 215.46421813964844 0.83375615 1.7413267 0.651983 -1.7227688 3.1967041 54.59327 1.7605397701263428 0.15991850197315216
Pedestrian 0.0 0 -2.3125762939453125 1019.5678100585938 214.98220825195312 1155.6917724609375 375.0 0.5996067 1.5957651 0.66063595 3.6757066 1.9477676 5.6695127 -1.7373770475387573 0.1549360156059265
Pedestrian 0.0 0 -1.5504393577575684 510.8118896484375 171.2073211669922 526.192626953125 215.1888427734375 0.60608685 1.9061651 0.6573186 -4.0451417 1.8351557 31.605188 -1.6777371168136597 0.14671270549297333
Pedestrian 0.0 0 0.44217586517333984 129.3364715576172 108.81304931640625 266.09368896484375 313.86883544921875 0.8864846 1.763157 0.65485376 -3.7732065 1.2128636 6.562978 -0.07960043847560883 0.142784982919693
Pedestrian 0.0 0 -3.20904803276062 850.7902221679688 190.2207794189453 873.5037841796875 227.4395751953125 0.94007766 1.6662602 0.7008707 11.553862 2.4767497 33.193573 -2.874089002609253 0.1402856409549713
Cyclist 0.0 0 1.9845104217529297 413.3512268066406 149.93609619140625 452.12005615234375 206.26089477539062 1.6986727 1.707945 0.55396754 -5.61717 1.0133599 22.760723 1.7425531148910522 0.31854549050331116
Cyclist 0.0 0 -2.2133541107177734 921.685302734375 123.84927368164062 1006.1001586914062 232.8808135986328 1.5049276 1.8320329 0.5611158 6.2429028 1.008975 12.913298 -1.763035774230957 0.1514333039522171
Car 0.0 0 1.7105216979980469 542.6409301757812 196.4513702392578 586.75146484375 234.59228515625 3.4696486 1.6055361 1.6315002 -2.1467998 2.7890248 34.38119 1.64816153049469 0.9407210350036621
Car 0.0 0 -1.6171787977218628 670.7103271484375 196.96966552734375 695.7760009765625 220.47364807128906 4.1416564 1.5332729 1.6519845 5.3685045 3.3928518 53.51278 -1.5171914100646973 0.4732157289981842
Car 0.0 0 -1.117995023727417 302.46368408203125 120.67823791503906 427.4774475097656 195.31275939941406 3.966565 1.8345084 1.6708962 -6.6143208 0.55239195 19.807716 -1.4402793645858765 0.23875972628593445
Car 0.0 0 3.269547939300537 442.02655029296875 211.42396545410156 526.14892578125 254.66046142578125 3.1193748 1.5749617 1.6282351 -5.006268 3.158853 28.738077 3.0970754623413086 0.17698532342910767
Car 0.0 0 0.9914049506187439 865.2340698242188 199.35806274414062 1242.0 375.0 3.5689754 1.4648321 1.5189116 4.009264 1.7989336 7.247179 1.4967148303985596 0.17569240927696228
Car 0.0 0 1.3307952880859375 821.72900390625 202.0474395751953 1016.2742309570312 342.1197204589844 4.416116 1.5806268 1.7201213 4.521895 2.1358173 11.405272 1.7082583904266357 0.13257648050785065
