Pedestrian 0.0 0 2.060297727584839 622.66845703125 173.76400756835938 648.1197509765625 219.3826446533203 0.88029236 1.7195545 0.63956296 1.2899235 1.4289821 27.616137 2.1069729328155518 0.4630569517612457
Pedestrian 0.0 0 1.5105496644973755 720.5709838867188 190.84304809570312 761.9583129882812 273.8079833984375 0.7849004 1.575883 0.7522436 2.7085798 1.7672493 14.177656 1.699320673942566 0.4276540279388428
Pedestrian 0.0 0 0.15262410044670105 458.2874755859375 172.73800659179688 496.9893493652344 268.7532043457031 0.5786978 1.691975 0.8227386 -2.28292 1.538846 13.072996 -0.020261250436306 0.296335369348526
Pedestrian 0.0 0 -1.622070074081421 740.6826171875 189.2510223388672 781.2426147460938 284.44610595703125 0.6507463 1.6564603 0.6772542 2.8214574 1.8013742 12.934224 -1.4072957038879395 0.2430505007505417
Pedestrian 0.0 0 -1.0240484476089478 697.7064208984375 189.54103088378906 738.27587890625 260.27032470703125 0.7334955 1.6691521 0.70117974 2.8187575 1.8727237 17.571022 -0.8649829030036926 0.23414617776870728
Pedestrian 0.0 0 1.211972951889038 744.963623046875 154.8890838623047 769.1846313476562 205.95880126953125 0.8306719 1.7617072 0.5747231 5.4378147 0.844802 25.230003 1.42425537109375 0.20314303040504456
Pedestrian 0.0 0 -0.17571860551834106 676.0552978515625 170.99143981933594 705.7461547851562 227.60667419433594 0.8146135 1.73511 0.64919245 2.7515032 1.4141659 22.358316 -0.05327030271291733 0.19454129040241241
Pedestrian 0.0 0 1.114752173423767 885.6422729492188 187.88360595703125 976.78662109375 342.416748046875 0.78666645 1.5646633 0.5994189 3.4665256 1.6381094 7.7069488 1.5374332666397095 0.1608128696680069
Pedestrian 0.0 0 -2.0770604610443115 933.2050170898438 194.3159637451172 1057.1365966796875 374.0 0.8135691 1.6892323 0.7303883 3.6748133 1.8203096 6.855763 -1.5850152969360352 0.13226039707660675
Cyclist 0.0 0 0.45208388566970825 485.69561767578125 172.94070434570312 551.1928100585938 231.76670837402344 1.7941861 1.6526015 0.6098283 -2.428741 1.4132912 20.76097 0.33562731742858887 0.5625786781311035
Cyclist 0.0 0 1.5105496644973755 720.5709838867188 190.84304809570312 761.9583129882812 273.8079833984375 0.7849004 1.575883 0.7522436 2.7085798 1.7672493 14.177656 1.699320673942566 0.13954319059848785
Cyclist 0.0 0 -1.8034427165985107 672.0579223632812 174.17677307128906 698.7080078125 229.3623046875 1.1753008 1.6826147 0.5710024 2.5945282 1.4604458 22.516678 -1.6887216567993164 0.1332695335149765
Cyclist 0.0 0 1.2055097818374634 743.3034057617188 154.9678497314453 769.9271240234375 206.23492431640625 1.014667 1.7654897 0.59030503 5.4306192 0.8528682 25.281298 1.4171022176742554 0.12579315900802612
Cyclist 0.0 0 -1.622070074081421 740.6826171875 189.2510223388672 781.2426147460938 284.44610595703125 0.6507463 1.6564603 0.6772542 2.8214574 1.8013742 12.934224 -1.4072957038879395 0.10823211818933487
Cyclist 0.0 0 1.0818147659301758 879.6765747070312 185.03929138183594 984.0825805664062 349.2372741699219 0.8501384 1.6567405 0.6963866 3.4709814 1.698303 7.711641 1.504748821258545 0.10678792744874954
Car 0.0 0 3.0945169925689697 414.18145751953125 176.40086364746094 498.63397216796875 205.62240600585938 3.9936073 1.3877789 1.592018 -7.1612806 1.1465223 35.372066 2.894761085510254 0.22411982715129852
Car 0.0 0 2.6704018115997314 613.8651733398438 156.2254180908203 691.5660400390625 188.07713317871094 4.203146 1.7931694 1.747456 3.0050218 0.37107828 42.060726 2.741725444793701 0.18319831788539886
