Pedestrian 0.0 0 2.0855398178100586 221.60609436035156 178.3795166015625 272.3805847167969 259.5626525878906 0.9072723 1.8198669 0.69492733 -8.440046 1.9517684 16.70516 1.617712378501892 0.8145081400871277
Pedestrian 0.0 0 2.2629916667938232 213.3031768798828 140.4203338623047 262.0566101074219 207.62149047851562 1.0578932 1.8714695 0.73787487 -10.708277 0.9685897 20.686556 1.7853285074234009 0.2019105851650238
Pedestrian 0.0 0 1.9089653491973877 207.57398986816406 168.67831420898438 248.75514221191406 235.39321899414062 0.998607 1.7632339 0.69939095 -10.412869 1.6532313 19.612982 1.4208909273147583 0.19363637268543243
Pedestrian 0.0 0 0.35233452916145325 375.8378601074219 179.48500061035156 392.3661193847656 214.36865234375 0.63235813 1.7652713 0.6236174 -11.606492 2.1083336 36.961174 0.04806685447692871 0.10403864830732346
Cyclist 0.0 0 -1.5652023553848267 437.7843017578125 181.54139709472656 445.8486022949219 212.847900390625 1.5253174 1.6282896 0.41381323 -9.066252 2.104779 38.753105 -1.7950180768966675 0.15822537243366241
Cyclist 0.0 0 2.262916088104248 215.4981689453125 143.9860076904297 262.732421875 208.69369506835938 1.0121431 1.8084769 0.73046696 -10.693521 1.0020207 20.735666 1.7867823839187622 0.1197504922747612
Cyclist 0.0 0 1.9628441333770752 415.16259765625 178.93502807617188 433.7747802734375 207.72874450683594 1.4629744 1.6561065 0.54792845 -10.97494 2.021789 42.58199 1.710597276687622 0.1150902509689331
Cyclist 0.0 0 2.127309799194336 240.4716339111328 163.4730224609375 288.5731201171875 229.6863555908203 1.1390733 1.8000793 0.7248733 -9.712025 1.5454055 20.21851 1.6795027256011963 0.1055983230471611
Car 0.0 0 -1.924987554550171 884.0335693359375 161.221923828125 951.6096801757812 193.92092895507812 3.9815886 1.4666712 1.672877 14.537925 0.9452872 34.38788 -1.5250132083892822 0.25706544518470764
Car 0.0 0 1.6518687009811401 461.9468078613281 174.57847595214844 498.5640563964844 205.17457580566406 3.9081547 1.5230334 1.596171 -6.848296 1.6194427 38.16423 1.4743155241012573 0.11189224570989609
