Pedestrian 0.0 0 -1.6729457378387451 858.1402587890625 107.79159545898438 920.213623046875 239.36875915527344 0.7806769 1.8178551 0.75747716 3.966904 0.91931814 10.440774 -1.3098480701446533 0.5213316679000854
Pedestrian 0.0 0 0.44917941093444824 727.0736083984375 174.03477478027344 737.6912841796875 195.23709106445312 0.7029808 1.7810684 0.5834577 10.341466 1.8821406 61.0994 0.6168467998504639 0.32084736227989197
Pedestrian 0.0 0 -0.28115788102149963 973.8753051757812 131.52003479003906 1030.9857177734375 230.88861083984375 0.8302819 1.8269553 0.53168386 7.3389087 1.0673615 13.610907 0.21335053443908691 0.28868550062179565
Pedestrian 0.0 0 -3.571047782897949 987.8631591796875 104.51121520996094 1062.078369140625 235.7401580810547 0.7677107 1.8447922 0.55959296 5.943665 0.8843999 10.452794 -3.0540215969085693 0.20610582828521729
Pedestrian 0.0 0 -0.8508526086807251 598.5957641601562 168.8941650390625 610.3302612304688 192.70213317871094 0.6181549 1.8008312 0.64811987 -0.44829756 1.5016676 55.019985 -0.8590003252029419 0.15528976917266846
Pedestrian 0.0 0 -3.5933823585510254 1069.1182861328125 140.71099853515625 1198.6143798828125 328.7190856933594 0.8098229 1.7589844 0.7093425 5.111317 1.4586158 7.1652164 -2.9737517833709717 0.1484108716249466
Pedestrian 0.0 0 -1.336753249168396 822.093505859375 154.58209228515625 845.6380615234375 207.3170623779297 0.6216421 1.7351532 0.62699866 7.4550867 1.1343058 24.165237 -1.0375124216079712 0.12573955953121185
Cyclist 0.0 0 -1.6729457378387451 858.1402587890625 107.79159545898438 920.213623046875 239.36875915527344 0.7806769 1.8178551 0.75747716 3.966904 0.91931814 10.440774 -1.3098480701446533 0.12304659187793732
Car 0.0 0 1.7225003242492676 604.0108032226562 177.51931762695312 640.7914428710938 205.06768798828125 3.9889646 1.5345716 1.6086925 0.7522239 1.8265873 43.003475 1.7399907112121582 0.6098535656929016
Car 0.0 0 -2.2999861240386963 1135.072265625 170.6651611328125 1242.0 375.0 4.1458254 1.4786267 1.5994289 5.5623236 1.4708701 4.8294554 -1.4441807270050049 0.27738156914711
