Pedestrian 0.0 0 1.2211201190948486 741.7427368164062 171.16317749023438 763.6046142578125 222.67417907714844 0.61299986 1.561503 0.4779492 4.341936 1.5106053 22.20995 1.4141802787780762 0.2653246521949768
Pedestrian 0.0 0 1.4358054399490356 722.7572631835938 180.36085510253906 747.0885009765625 240.4984130859375 0.7326357 1.7543495 0.6200974 3.672723 1.9825155 21.516855 1.604866623878479 0.2253454327583313
Pedestrian 0.0 0 -1.082632303237915 437.26495361328125 172.24282836914062 458.96142578125 212.7435302734375 0.8294549 1.6847965 0.5735055 -6.8774076 1.65973 30.488213 -1.304494857788086 0.22369372844696045
Pedestrian 0.0 0 1.9553804397583008 151.23831176757812 139.8363800048828 188.2259063720703 199.7767333984375 1.1008956 1.9376684 0.6852799 -14.627785 0.8706788 23.92118 1.4065485000610352 0.1853473037481308
Cyclist 0.0 0 -0.19025251269340515 350.92645263671875 172.05099487304688 381.7500305175781 202.17335510253906 1.770777 1.8917031 0.657998 -15.5748825 1.8416315 46.033604 -0.5164998173713684 0.18211223185062408
Car 0.0 0 1.6763663291931152 444.1888732910156 185.33106994628906 508.0046691894531 234.3270263671875 4.4686227 1.4468676 1.6855614 -4.5394807 1.915117 24.763348 1.4950647354125977 0.9512854218482971
Car 0.0 0 3.1589443683624268 156.7863311767578 189.88351440429688 361.88079833984375 265.94171142578125 4.10168 1.5222367 1.7499322 -8.087319 1.958818 16.82878 2.710965394973755 0.934819757938385
Car 0.0 0 -2.1099138259887695 550.283203125 161.69863891601562 605.9337768554688 194.50003051757812 4.766279 2.266535 1.8412596 -2.3988523 1.4960711 52.349907 -2.155705213546753 0.5887816548347473
Car 0.0 0 1.4614882469177246 463.15521240234375 175.38311767578125 490.472900390625 197.094970703125 4.0110116 1.5483298 1.5801362 -10.045576 1.7458587 54.10064 1.2778960466384888 0.4221084713935852
Car 0.0 0 1.374280571937561 443.4296569824219 174.52243041992188 471.7340087890625 194.70401000976562 4.1002727 1.67879 1.6281557 -13.273882 1.8289753 62.58749 1.1652920246124268 0.2643941044807434
