Pedestrian 0.0 0 3.130028247833252 529.8878784179688 175.09519958496094 540.8496704101562 200.48695373535156 0.7926247 1.8491714 0.6071036 -5.5067506 2.0150917 52.95202 3.0264055728912354 0.630023717880249
Pedestrian 0.0 0 2.0478579998016357 278.2247314453125 195.0125274658203 313.06768798828125 266.0188903808594 0.4960558 1.5614475 0.5565712 -7.1447725 2.0704548 16.294891 1.6346361637115479 0.286588191986084
Pedestrian 0.0 0 1.8608746528625488 1155.50341796875 163.03553771972656 1220.0545654296875 282.58917236328125 0.5578406 1.7998502 0.6573846 8.984071 1.6523935 11.288961 2.533066511154175 0.2064199596643448
Pedestrian 0.0 0 -2.299985647201538 937.4658813476562 162.8610076904297 1012.3185424804688 284.3556213378906 0.8396123 1.7955191 0.63242537 5.569714 1.6481948 11.148708 -1.8366711139678955 0.16657550632953644
Cyclist 0.0 0 1.2662519216537476 593.3189697265625 177.9037628173828 613.0149536132812 211.7889404296875 1.6236607 1.6997316 0.5544145 -0.39972448 1.9671888 37.3041 1.2555370330810547 0.6182969212532043
Cyclist 0.0 0 -0.5278026461601257 878.3887329101562 137.12225341796875 980.3941040039062 235.20343017578125 1.8301815 1.8881 0.5223232 6.2475085 1.2006083 14.251265 -0.11465153098106384 0.19690263271331787
Car 0.0 0 1.7175836563110352 386.3699645996094 186.6768341064453 459.915283203125 239.00137329101562 3.91197 1.3909631 1.6380929 -5.713753 1.857133 22.281607 1.4665590524673462 0.9553460478782654
Car 0.0 0 1.6743619441986084 434.29559326171875 184.6208038330078 478.19647216796875 220.96434020996094 3.4700172 1.3912127 1.470321 -6.5049458 1.9198463 30.587936 1.4648199081420898 0.8769354820251465
Car 0.0 0 1.277359127998352 638.4002685546875 165.6314697265625 730.2930297851562 229.36001586914062 4.0510364 1.7315269 1.6258618 2.078306 1.535646 21.747602 1.3726346492767334 0.4911498725414276
Car 0.0 0 -1.5390299558639526 540.1644287109375 174.09800720214844 564.8589477539062 198.96376037597656 4.156476 1.7643857 1.6968721 -4.255599 1.8606777 53.523064 -1.6183726787567139 0.39533138275146484
Car 0.0 0 1.4865902662277222 451.2420349121094 183.58697509765625 490.9203796386719 218.27728271484375 4.025949 1.6110106 1.6551094 -7.209607 2.194044 37.005886 1.2941772937774658 0.21832530200481415
