Pedestrian 0.0 0 2.854295253753662 522.7354125976562 166.65594482421875 536.642578125 196.70831298828125 0.7330924 1.850521 0.54889536 -4.875982 0.7088065 44.655506 2.745535135269165 0.6065149903297424
Cyclist 0.0 0 0.13173724710941315 473.3089294433594 162.2275848388672 517.7533569335938 207.0804443359375 1.7055627 1.7915128 0.6480431 -4.562781 0.87445295 29.053192 -0.02403957210481167 0.25506967306137085
Car 0.0 0 -1.1848225593566895 106.89108276367188 188.36302185058594 427.6123352050781 376.0 3.8674207 1.5060527 1.6363977 -3.2482836 1.5492421 7.656426 -1.5860627889633179 0.961273193359375
Car 0.0 0 -1.3723459243774414 359.303466796875 188.75408935546875 464.2568664550781 264.158203125 3.3043044 1.4173609 1.5327104 -4.1138587 1.5024952 15.364977 -1.6339524984359741 0.9579793214797974
Car 0.0 0 -1.5670965909957886 561.6505737304688 177.35586547851562 602.9884643554688 216.22857666015625 3.6591825 1.5742854 1.6746947 -1.1272227 1.257105 30.964771 -1.6034839153289795 0.9058868288993835
Car 0.0 0 -1.0837000608444214 96.37487030029297 187.556640625 228.2565460205078 238.84767150878906 4.1155295 1.3484528 1.546735 -12.982718 1.4254441 21.189116 -1.6334105730056763 0.861901581287384
Car 0.0 0 -1.2455579042434692 296.21478271484375 181.8163604736328 376.3864440917969 224.7379150390625 3.4609966 1.3387711 1.4917281 -9.072766 1.2338736 24.17287 -1.6046165227890015 0.8572397828102112
Car 0.0 0 -0.7880786061286926 0.0 200.08352661132812 96.64830780029297 376.0 4.4280643 1.4803631 1.6370853 -7.8652163 1.685999 7.657061 -1.5868860483169556 0.6442423462867737
Car 0.0 0 1.947270154953003 177.25462341308594 187.60379028320312 313.9959716796875 257.9181823730469 3.9464605 1.4013714 1.431766 -8.161518 1.4640149 16.486588 1.4875985383987427 0.4180155098438263
Car 0.0 0 -1.5445845127105713 452.2425842285156 178.8755645751953 478.76776123046875 204.34237670898438 3.8582716 1.6007787 1.6108063 -9.329988 1.203386 47.21874 -1.7396624088287354 0.26088377833366394
Car 0.0 0 1.421327829360962 252.5124053955078 166.55096435546875 308.3251647949219 203.36524963378906 3.7771392 1.4525983 1.5925294 -13.914694 0.7172664 30.376911 0.9917848110198975 0.2531406879425049
