Car 0.0 0 -1.3647630214691162 431.3721008300781 185.82568359375 503.0921936035156 235.55853271484375 3.5686982 1.4879386 1.5862539 -4.5172043 1.5104052 23.343416 -1.5559113025665283 0.9651634097099304
Car 0.0 0 -1.577889323234558 578.8814697265625 180.03811645507812 609.8547973632812 208.82333374023438 3.9011028 1.5080161 1.623393 -0.7841446 1.2379014 39.627724 -1.5976744890213013 0.9434223771095276
Car 0.0 0 -1.2791781425476074 261.83770751953125 192.68414306640625 437.5341796875 300.08624267578125 4.1708617 1.4666878 1.6324978 -4.1809754 1.6168097 12.222009 -1.6087851524353027 0.9413623809814453
Car 0.0 0 -1.3105061054229736 382.2177734375 183.2488250732422 439.6983337402344 220.41990661621094 3.5756557 1.552328 1.5862664 -8.672683 1.471319 31.809338 -1.5766823291778564 0.8983064293861389
Car 0.0 0 -0.9775084257125854 1.677483081817627 182.37184143066406 250.37286376953125 283.3159484863281 4.074939 1.5217751 1.6766437 -8.338304 1.4800339 12.886288 -1.5518196821212769 0.8429340124130249
Car 0.0 0 -1.3889539241790771 472.4053649902344 183.27056884765625 521.7088623046875 217.17669677734375 3.8078592 1.4836901 1.6005906 -5.110137 1.3997052 33.37949 -1.5408666133880615 0.7999995350837708
Car 0.0 0 -1.2046204805374146 249.09640502929688 173.523681640625 334.5572814941406 218.81077575683594 4.3017187 1.6756335 1.6994355 -12.558038 1.2441576 28.781158 -1.6160471439361572 0.7479926347732544
Car 0.0 0 -1.1216063499450684 363.9906005859375 180.32110595703125 415.27679443359375 206.28121948242188 3.3015294 1.4286417 1.5404134 -12.508371 1.160413 41.30638 -1.4156476259231567 0.6549442410469055
Car 0.0 0 -1.202570915222168 261.6559753417969 188.54043579101562 362.3493957519531 242.84414672851562 3.5148804 1.4312685 1.54401 -8.532705 1.5374203 20.931534 -1.5896532535552979 0.5248137712478638
Car 0.0 0 -1.344477653503418 424.3502197265625 179.1562957763672 467.13470458984375 205.95590209960938 3.5599005 1.4405915 1.5898607 -9.086422 1.1160047 40.421833 -1.5655921697616577 0.4219607412815094
