Pedestrian 0.0 0 0.6128126382827759 273.7760925292969 187.05487060546875 400.7893981933594 374.0 0.92212564 1.675297 0.60239154 -2.473224 1.7311028 6.6288104 0.255706787109375 0.7668978571891785
Pedestrian 0.0 0 2.4112813472747803 891.8565063476562 161.5550537109375 986.62255859375 311.08367919921875 0.74987096 1.7567865 0.75569934 4.1268497 1.5238026 8.907883 2.8451244831085205 0.6987423896789551
Pedestrian 0.0 0 -0.9030513763427734 1108.6136474609375 130.89122009277344 1193.60205078125 267.79193115234375 0.6988141 1.805342 0.6295008 7.490625 1.1392806 9.862557 -0.2534971237182617 0.336616188287735
Pedestrian 0.0 0 1.7643046379089355 1126.121826171875 93.12301635742188 1238.0 316.88323974609375 0.7592706 1.8016075 0.653003 5.0391874 1.0914308 6.275412 2.440875291824341 0.24763643741607666
Pedestrian 0.0 0 -2.054204225540161 992.185791015625 98.50224304199219 1072.999267578125 228.61582946777344 0.7305194 1.759193 0.7136016 5.9929566 0.6383511 10.093043 -1.518377423286438 0.1959511637687683
Cyclist 0.0 0 1.1186034679412842 1116.3203125 91.19100189208984 1238.0 321.59307861328125 1.1866766 1.8018762 0.6044275 5.063828 1.0970023 6.261443 1.7986459732055664 0.1507127434015274
Car 0.0 0 -0.8198143243789673 1010.463134765625 152.475830078125 1122.6820068359375 196.6453094482422 3.6917365 1.6734993 1.6626164 18.390516 0.5748545 28.470018 -0.24628384411334991 0.6064876914024353
Car 0.0 0 0.06804382801055908 967.5133056640625 0.0 1238.0 374.0 4.197357 1.5841211 1.6505741 3.6271799 1.2279185 2.3683639 1.060394525527954 0.48491165041923523
Car 0.0 0 1.2689154148101807 540.8118286132812 177.58583068847656 625.9541015625 226.7917938232422 4.05152 1.455444 1.6219969 -0.712192 1.340797 23.424236 1.2385207414627075 0.3445301651954651
Car 0.0 0 1.3823578357696533 241.17384338378906 178.97540283203125 290.6448059082031 212.89596557617188 3.7658236 1.552748 1.4883933 -16.321802 1.4381123 34.84151 0.9442603588104248 0.23742707073688507
Car 0.0 0 -1.3076369762420654 164.2781524658203 160.9615936279297 233.85279846191406 201.27122497558594 3.6340117 1.5330184 1.5816536 -16.319948 0.7529464 29.271158 -1.8162533044815063 0.19780781865119934
Car 0.0 0 0.5084162354469299 1101.2939453125 173.13336181640625 1238.0 374.0 4.0401306 1.4612743 1.541407 6.596472 1.4175781 6.0140615 1.339966058731079 0.1945999413728714
Car 0.0 0 0.26210176944732666 0.0 133.3837432861328 154.40789794921875 190.273681640625 3.9708872 1.6689726 1.7027247 -16.56408 0.2585237 22.583916 -0.3707202076911926 0.1730268895626068
