Pedestrian 0.0 0 1.6652424335479736 338.1976623535156 178.44898986816406 375.3887023925781 250.48159790039062 1.1644809 1.7637483 0.7925819 -6.499384 1.912147 18.427954 1.3261717557907104 0.3785018026828766
Pedestrian 0.0 0 -2.20851469039917 631.427001953125 172.27964782714844 647.3837280273438 202.93724060058594 0.6190964 1.8004289 0.7190528 1.7112833 1.7670572 42.829243 -2.1685800552368164 0.3490253984928131
Pedestrian 0.0 0 1.0649596452713013 0.0 167.37393188476562 87.41883087158203 337.5231018066406 0.8329738 1.7596582 0.5652001 -6.3307986 1.7033421 7.878474 0.38805389404296875 0.2612437903881073
Pedestrian 0.0 0 -1.31502366065979 286.42913818359375 154.05810546875 304.57562255859375 197.8068084716797 0.53147817 1.9501256 0.63561344 -14.190996 1.1126447 32.47221 -1.7270309925079346 0.25774309039115906
Pedestrian 0.0 0 1.752366065979004 254.74887084960938 138.29185485839844 280.5372009277344 200.67745971679688 0.6736477 1.8927532 0.6095726 -10.617887 0.8445101 22.29288 1.3078652620315552 0.19638562202453613
Pedestrian 0.0 0 -1.547236680984497 315.8041687011719 168.6466827392578 330.57659912109375 205.71742248535156 0.67096364 1.82279 0.6686131 -14.30738 1.6162716 35.90657 -1.9264159202575684 0.19319237768650055
Pedestrian 0.0 0 1.7918543815612793 292.0364074707031 141.39724731445312 319.2169494628906 202.3131866455078 0.7761373 1.8967474 0.6418453 -9.7001505 0.9176325 22.903017 1.391228199005127 0.1540553867816925
Pedestrian 0.0 0 -1.5198228359222412 436.0878601074219 175.49403381347656 451.9364013671875 218.02659606933594 0.9469574 1.7128729 0.5886741 -6.854627 1.8235743 29.637093 -1.7471116781234741 0.1536969542503357
Cyclist 0.0 0 1.963820457458496 360.5967712402344 181.3962860107422 404.1716613769531 244.57777404785156 1.849086 1.7352685 0.54633355 -6.6499386 1.9956317 21.014309 1.657342791557312 0.16004930436611176
Car 0.0 0 2.0394797325134277 0.0 186.69287109375 404.8408203125 375.0 4.0892754 1.5196332 1.7075627 -3.4846408 1.6932021 6.9788413 1.5763801336288452 0.9772942066192627
Car 0.0 0 -1.5604151487350464 495.6210021972656 182.99378967285156 526.5375366210938 212.6463623046875 3.359658 1.4137633 1.515763 -5.1423364 1.9640176 37.365406 -1.6971789598464966 0.899323582649231
Car 0.0 0 3.2547245025634766 328.5157470703125 176.4140625 441.1235046386719 217.41921997070312 4.445741 1.6757245 1.7577137 -9.611603 1.8352762 30.983835 2.9539241790771484 0.7327487468719482
Car 0.0 0 1.6954587697982788 510.78009033203125 178.56114196777344 547.1310424804688 207.8524169921875 4.3578777 1.6797866 1.6959463 -4.967672 2.04883 44.419178 1.5840853452682495 0.25648918747901917
Car 0.0 0 -2.63236665725708 249.43197631835938 164.1326904296875 345.9524841308594 197.55738830566406 4.2275143 1.6552885 1.6941175 -15.918488 1.2237415 36.785397 -3.040774345397949 0.16369347274303436
Car 0.0 0 -0.22836637496948242 601.589111328125 170.88717651367188 653.39208984375 190.54554748535156 4.0081053 1.592879 1.6758235 1.4087827 1.4338688 59.689945 -0.2047690749168396 0.1507788896560669
