Pedestrian 0.0 0 0.1183285117149353 773.7061157226562 113.9752426147461 860.0144653320312 265.6950378417969 1.0283204 1.8812063 0.4947639 2.6345966 1.1515136 9.368975 0.392453670501709 0.5598236918449402
Pedestrian 0.0 0 -2.456123113632202 700.12109375 162.68968200683594 725.5852661132812 206.91030883789062 0.73325765 1.7991971 0.7527719 4.2177105 1.3860006 29.879017 -2.315890073776245 0.557954728603363
Cyclist 0.0 0 1.6573822498321533 519.9839477539062 172.26576232910156 538.1112060546875 213.33946228027344 1.7795889 1.7528726 0.6423764 -3.5847003 1.728127 31.687672 1.5447351932525635 0.918575644493103
Cyclist 0.0 0 1.616041660308838 447.778564453125 173.1851348876953 475.5016174316406 248.69207763671875 1.9447931 1.7158262 0.5722872 -3.6097956 1.7246356 17.407818 1.4115731716156006 0.8800245523452759
Cyclist 0.0 0 1.6618635654449463 480.57708740234375 174.6884765625 512.9182739257812 248.728271484375 1.9123222 1.7273978 0.6233421 -2.8299167 1.7756346 17.85418 1.5046695470809937 0.8602691888809204
Car 0.0 0 2.111940383911133 0.0 188.80532836914062 310.1069641113281 375.0 3.9402893 1.5169865 1.5954838 -4.971726 1.7380692 7.999618 1.5558652877807617 0.9502828121185303
Car 0.0 0 1.825959324836731 402.36138916015625 182.76748657226562 488.1651611328125 234.47238159179688 4.6002855 1.4880222 1.6618216 -5.386278 1.8498925 23.98214 1.6050300598144531 0.8953385949134827
Car 0.0 0 -2.1099109649658203 819.5184326171875 188.6604766845703 1242.0 375.0 3.6540456 1.456103 1.5852045 2.5448537 1.5919182 4.346244 -1.5801995992660522 0.8689855933189392
Car 0.0 0 -1.5703203678131104 641.0796508789062 175.13479614257812 669.9151000976562 202.55174255371094 4.147813 1.6106353 1.706765 2.7935288 1.7595204 44.86123 -1.5081301927566528 0.8030706644058228
Car 0.0 0 1.7484626770019531 503.2335510253906 179.77053833007812 542.216796875 207.55712890625 4.081821 1.5163788 1.5836304 -5.1202993 1.9440686 42.49354 1.6285449266433716 0.613434374332428
