Car 0.0 0 -1.7118027210235596 647.15087890625 180.89288330078125 709.1673583984375 226.20968627929688 4.1839757 1.4562136 1.637311 2.3311422 1.770817 26.071053 -1.6226248741149902 0.9736502170562744
Car 0.0 0 -1.857682466506958 687.9464721679688 187.89254760742188 800.624267578125 263.11810302734375 3.4533663 1.4399221 1.5629512 2.8634589 1.8183707 16.333763 -1.6841368675231934 0.9654268026351929
Car 0.0 0 -2.6318888664245605 76.56405639648438 191.52491760253906 372.66119384765625 286.10113525390625 4.1851683 1.449912 1.6252244 -6.4500375 1.7901692 12.2667265 -3.1159751415252686 0.962279736995697
Car 0.0 0 -2.7187917232513428 276.6127014160156 186.60877990722656 440.10577392578125 251.78829956054688 3.7943146 1.613736 1.598084 -6.6847625 1.9991108 19.231 -3.0533299446105957 0.8844025731086731
Car 0.0 0 -2.666409730911255 230.60726928710938 186.83953857421875 414.9512939453125 258.9856262207031 3.7464833 1.5646245 1.5126814 -6.722082 1.9115609 16.942753 -3.0441136360168457 0.8680658936500549
Car 0.0 0 3.8499765396118164 0.0 191.9703369140625 182.69277954101562 367.37677001953125 4.0173326 1.5448569 1.6535767 -6.989647 1.7673165 7.465884 3.0975115299224854 0.8605718016624451
Car 0.0 0 3.333542823791504 310.688720703125 184.7163543701172 448.70550537109375 240.51937866210938 3.7163262 1.5653455 1.5401787 -6.8583937 1.9374653 21.63161 3.0265142917633057 0.809085488319397
Car 0.0 0 0.5222530364990234 183.1461944580078 184.04345703125 397.8555908203125 267.429931640625 3.7230022 1.5558975 1.5486993 -6.4718137 1.7991319 14.689643 0.1072688102722168 0.7889989614486694
Car 0.0 0 0.3834538161754608 337.6585693359375 181.70509338378906 468.3370361328125 233.22293090820312 3.8743255 1.6216741 1.5860509 -6.88981 1.9291215 24.040575 0.10434389114379883 0.7726657390594482
Car 0.0 0 0.3339642584323883 394.48828125 182.99423217773438 511.34051513671875 220.3411407470703 4.429098 1.4593487 1.6573887 -6.499817 1.8947959 29.869274 0.11969590187072754 0.7448976039886475
Car 0.0 0 3.3048782348632812 425.4844055175781 173.404541015625 504.019287109375 208.32138061523438 3.4943333 1.6380262 1.5946149 -6.9840555 1.665542 34.731487 3.1064374446868896 0.625187873840332
