Pedestrian 0.0 0 -2.116105556488037 746.53173828125 154.4025115966797 764.7483520507812 188.3024444580078 0.828409 1.8825914 0.6711 8.151053 0.85826814 40.570602 -1.917834758758545 0.33206722140312195
Car 0.0 0 -1.4855865240097046 505.2532958984375 178.69549560546875 545.75 213.45899963378906 3.5484574 1.5120909 1.588287 -3.9454691 1.8005393 33.78392 -1.6018452644348145 0.9684120416641235
Car 0.0 0 -1.5823991298675537 558.7357788085938 181.51547241210938 613.9793701171875 228.42291259765625 3.3669698 1.3864632 1.6838999 -0.84540844 1.6917913 23.681164 -1.6180835962295532 0.9671197533607483
Car 0.0 0 2.003690719604492 135.54896545410156 180.54771423339844 251.6486358642578 233.06564331054688 4.3355594 1.5715892 1.7431431 -13.993493 1.8568239 24.47887 1.4843732118606567 0.9347208142280579
Car 0.0 0 2.313112735748291 828.4202270507812 181.984375 879.8119506835938 201.2407684326172 4.4516087 1.6055696 1.7535414 21.556921 2.4358597 63.74327 2.6392221450805664 0.5742416977882385
Car 0.0 0 1.7045164108276367 310.6968688964844 182.80149841308594 350.4493408203125 210.91949462890625 3.9940453 1.4782622 1.618369 -16.075167 2.0811272 41.569214 1.3355205059051514 0.5691061615943909
Car 0.0 0 2.181159734725952 791.2581787109375 184.24208068847656 847.5834350585938 211.38299560546875 3.3806727 1.5409771 1.6726853 12.787133 2.2646239 44.112305 2.463303565979004 0.3873085379600525
Car 0.0 0 -1.1357026100158691 68.97899627685547 173.13710021972656 126.09982299804688 201.28634643554688 4.53771 2.038026 1.7823505 -38.76769 2.0607762 54.677742 -1.752457618713379 0.3589431643486023
Car 0.0 0 1.924625277519226 202.1633758544922 189.6568145751953 267.6443786621094 223.00587463378906 3.9881923 1.4865125 1.6445597 -18.834557 2.38158 36.33673 1.4464184045791626 0.33016079664230347
Car 0.0 0 1.827683687210083 0.0 204.4793701171875 66.6220932006836 249.04637145996094 3.3732142 1.4563307 1.5565661 -22.60144 2.7684834 28.06865 1.1497678756713867 0.2913687527179718
