Pedestrian 0.0 0 -1.5272821187973022 780.0667724609375 166.23094177246094 800.0127563476562 209.64517211914062 0.98562384 1.7196077 0.7414154 7.238412 1.4576315 29.15444 -1.2839245796203613 0.6377509832382202
Pedestrian 0.0 0 2.3690528869628906 1022.171630859375 140.5875244140625 1080.4498291015625 230.39230346679688 0.7476434 1.7955974 0.6987195 9.022201 1.1508048 14.848402 2.9150571823120117 0.33453068137168884
Pedestrian 0.0 0 -1.6147327423095703 720.2285766601562 172.930419921875 732.1268310546875 203.945068359375 0.8717014 1.6789923 0.6044944 6.325432 1.6835866 39.527924 -1.4560537338256836 0.29447707533836365
Pedestrian 0.0 0 -1.0122922658920288 864.33642578125 160.9989013671875 891.8446655273438 210.7073516845703 0.7966628 1.8088357 0.62996197 9.895009 1.3777999 26.74603 -0.657945990562439 0.2632918059825897
Cyclist 0.0 0 -2.0854811668395996 900.871826171875 127.92918395996094 1022.3229370117188 282.3414611816406 1.7234457 1.7765074 0.6055517 4.3498297 1.2600069 9.179831 -1.642974615097046 0.9236346483230591
Cyclist 0.0 0 -1.6573952436447144 760.86474609375 160.50265502929688 784.982177734375 216.6750030517578 1.9268965 1.7662913 0.60196847 5.2856164 1.3782719 23.680244 -1.4377872943878174 0.9048380851745605
Cyclist 0.0 0 -1.5272821187973022 780.0667724609375 166.23094177246094 800.0127563476562 209.64517211914062 0.98562384 1.7196077 0.7414154 7.238412 1.4576315 29.15444 -1.2839245796203613 0.11596453189849854
Car 0.0 0 -0.7430493831634521 1171.0709228515625 194.7045135498047 1242.0 222.1723175048828 3.6102653 1.6133109 1.5463383 37.032173 2.9908803 44.612083 -0.05022657662630081 0.6065926551818848
Car 0.0 0 -3.6805837154388428 1037.287841796875 183.1055145263672 1101.830810546875 202.34181213378906 4.318639 1.5582187 1.6360705 38.31774 2.4271889 60.25633 -3.114175796508789 0.5074575543403625
Car 0.0 0 -1.6262831687927246 698.268310546875 170.59092712402344 732.0119018554688 202.44277954101562 4.057195 1.7317283 1.6795624 5.9378424 1.6090472 41.320034 -1.4835565090179443 0.30204910039901733
Car 0.0 0 -0.36512529850006104 826.7117309570312 193.04208374023438 884.8792114257812 211.8909454345703 4.269989 1.4896461 1.6074256 20.318537 3.1878638 59.796745 -0.037572041153907776 0.28305134177207947
