Pedestrian 0.0 0 0.4037884473800659 458.441650390625 169.7692413330078 473.9667053222656 196.0601806640625 0.9472622 1.8622509 0.5506433 -9.896532 1.1034572 50.445053 0.21006441116333008 0.4525046944618225
Pedestrian 0.0 0 2.768663167953491 590.2816162109375 164.11517333984375 604.772216796875 189.61131286621094 0.92132676 1.8577647 0.5667804 -0.5430124 0.6651709 51.948994 2.7582106590270996 0.27222609519958496
Cyclist 0.0 0 3.0465779304504395 610.8685913085938 166.18215942382812 636.0468139648438 191.2834014892578 1.7661994 1.7956711 0.5696445 1.331139 0.7727026 50.9202 3.072713613510132 0.6291804909706116
Cyclist 0.0 0 2.993919610977173 559.0406494140625 167.34933471679688 584.5796508789062 191.98028564453125 1.8562435 1.839648 0.58376306 -2.4939425 0.8587116 53.26918 2.9471359252929688 0.6187906265258789
Cyclist 0.0 0 -1.7623333930969238 1123.423583984375 43.198463439941406 1224.0 327.9737548828125 1.7760392 1.7774221 0.4991854 4.306883 0.9221749 5.3090506 -1.080779790878296 0.38169345259666443
Cyclist 0.0 0 -1.2587096691131592 404.7889404296875 174.28759765625 423.4252624511719 206.64398193359375 1.717701 1.7738347 0.50770783 -10.697843 1.4346582 39.626858 -1.5223883390426636 0.2975618541240692
Car 0.0 0 -1.4832408428192139 532.268798828125 170.2843017578125 563.1305541992188 195.1444854736328 3.98503 1.5452999 1.6585877 -3.6811721 0.91164476 45.94374 -1.5631935596466064 0.8969452977180481
Car 0.0 0 2.637343168258667 859.3842163085938 142.9388427734375 964.2667846679688 178.30409240722656 4.0387583 1.5319332 1.6237347 13.715473 -0.10028264 31.750109 3.0451126098632812 0.7856728434562683
Car 0.0 0 -1.954253077507019 1003.2667846679688 140.37359619140625 1071.3095703125 173.2579345703125 4.0136437 1.5489063 1.5857037 22.104578 -0.3924362 36.33684 -1.4077353477478027 0.46142080426216125
Car 0.0 0 2.2079763412475586 11.67959976196289 180.92185974121094 132.2602081298828 222.04649353027344 4.1713786 1.5136775 1.6782954 -21.072496 1.5332013 28.151827 1.5654165744781494 0.3817629814147949
Car 0.0 0 -1.5474086999893188 561.2980346679688 174.24029541015625 583.261962890625 195.1488800048828 3.7244558 1.5687883 1.6200917 -2.5018961 1.100382 54.925205 -1.592928171157837 0.3707684874534607
Car 0.0 0 1.5223785638809204 744.689697265625 159.61892700195312 770.7442016601562 182.6221923828125 4.264262 1.6614419 1.7077507 11.482086 0.15456235 53.305386 1.7345389127731323 0.3010846674442291
Car 0.0 0 -2.0170702934265137 1061.142333984375 136.50733947753906 1140.244873046875 174.03594970703125 3.744669 1.6481875 1.6200103 23.508276 -0.32488203 33.708496 -1.4080919027328491 0.29092633724212646
Car 0.0 0 -2.4201035499572754 0.0 195.46029663085938 36.30830001831055 220.72372436523438 3.6552942 1.5683742 1.6073712 -39.22131 2.5540824 45.69274 -3.129437208175659 0.25740981101989746
