Pedestrian 0.0 0 -1.5324220657348633 513.8972778320312 166.3633270263672 538.448974609375 214.3629150390625 0.7855597 1.556764 0.7783748 -2.5028372 1.066932 23.712934 -1.6375800371170044 0.6480741500854492
Pedestrian 0.0 0 3.3363492488861084 220.5435333251953 156.848388671875 299.58502197265625 290.715576171875 0.8709671 1.7307967 0.5578032 -4.618334 1.4134026 9.6632395 2.890514612197876 0.4475308656692505
Pedestrian 0.0 0 0.6297658681869507 429.2289123535156 177.84437561035156 485.5706481933594 280.941162109375 0.6444115 1.7515554 0.77492535 -2.5773451 1.6907306 12.687911 0.42935872077941895 0.28371888399124146
Pedestrian 0.0 0 -1.273501992225647 411.32525634765625 190.19578552246094 477.9826354980469 324.95074462890625 0.9660746 1.671519 0.6063733 -2.0940723 1.7937347 9.478569 -1.4909363985061646 0.25586462020874023
Pedestrian 0.0 0 2.6187446117401123 723.5782470703125 173.29405212402344 766.36865234375 245.2443389892578 0.8323722 1.7029313 0.5918539 3.4412835 1.5099121 17.4132 2.8138554096221924 0.2528260350227356
Pedestrian 0.0 0 2.097466230392456 706.3969116210938 174.9433135986328 740.455078125 236.80523681640625 0.74767625 1.6879002 0.65262216 3.3841283 1.5101583 20.093204 2.264321804046631 0.25167611241340637
Pedestrian 0.0 0 -2.6981515884399414 521.4359130859375 163.0066375732422 543.683349609375 205.61349487304688 0.6966439 1.8240074 0.7799149 -3.005541 1.0332701 31.234715 -2.7940807342529297 0.24613627791404724
Pedestrian 0.0 0 2.938076972961426 390.1949462890625 177.14527893066406 452.2158508300781 295.42498779296875 0.77964616 1.6656643 0.5827327 -2.6949835 1.605657 10.546027 2.6878864765167236 0.2333422750234604
Pedestrian 0.0 0 3.4819045066833496 222.42306518554688 170.74183654785156 296.8363952636719 297.6434020996094 0.8589746 1.7870133 0.4941915 -4.9813733 1.6368358 10.404135 3.035370111465454 0.1890789419412613
Pedestrian 0.0 0 -1.4193204641342163 358.8836975097656 188.99420166015625 415.9960632324219 321.010498046875 0.81784964 1.6610862 0.6135574 -2.8692226 1.7665775 9.5345 -1.7116308212280273 0.18115200102329254
Cyclist 0.0 0 -1.8583624362945557 642.5130615234375 167.97056579589844 660.722412109375 203.6016845703125 1.6561304 1.6069441 0.38361675 2.301512 0.9977132 33.243847 -1.7892415523529053 0.43035513162612915
Cyclist 0.0 0 -0.7785732746124268 670.10009765625 162.12643432617188 702.700927734375 196.30213928222656 1.7457902 1.7576531 0.65321386 4.4651184 0.7621342 37.73488 -0.6607922911643982 0.32999739050865173
Cyclist 0.0 0 -1.280260443687439 410.2887268066406 189.58059692382812 477.7922058105469 325.6985778808594 1.0173752 1.6834116 0.60713816 -2.0994399 1.7972808 9.473325 -1.4983515739440918 0.13689374923706055
Car 0.0 0 -2.043595314025879 799.0098266601562 110.08077239990234 1227.9423828125 372.7790832519531 3.8278823 1.6712786 1.6085213 3.1155272 1.2183236 6.501561 -1.5967284440994263 0.9579540491104126
Car 0.0 0 -2.6668879985809326 1145.974609375 187.3403778076172 1238.0 374.0 3.908093 1.5028442 1.5561348 7.209011 1.571951 6.248553 -1.8102412223815918 0.23892465233802795
