Pedestrian 0.0 0 -1.8550634384155273 762.7373657226562 165.30819702148438 854.51806640625 353.7759094238281 0.8667531 1.6063291 0.5769607 1.8144677 1.4697101 6.557287 -1.5851080417633057 0.8718357086181641
Pedestrian 0.0 0 -2.6169495582580566 533.0801391601562 161.892578125 596.0242309570312 260.8764343261719 0.9664721 1.8037345 0.71187484 -0.7352699 1.447705 13.623645 -2.670867443084717 0.8607802391052246
Pedestrian 0.0 0 -1.8700755834579468 861.87158203125 152.66883850097656 966.3922729492188 341.8487548828125 0.8046737 1.6131791 0.66006213 2.7733996 1.3687149 6.556322 -1.4698904752731323 0.8377798795700073
Pedestrian 0.0 0 -1.0986860990524292 485.71575927734375 170.11553955078125 515.461181640625 227.21597290039062 0.75333405 1.7795417 0.6686968 -3.2295508 1.4258529 22.849388 -1.2390968799591064 0.753197193145752
Pedestrian 0.0 0 0.3411647081375122 985.3367309570312 154.70947265625 1057.3704833984375 275.3018493652344 0.7972031 1.7169065 0.52478987 6.2044883 1.3367982 10.698191 0.8667161464691162 0.7353253960609436
Pedestrian 0.0 0 -1.9240607023239136 714.781982421875 160.54283142089844 753.2244873046875 243.9346923828125 0.94968826 1.8577658 0.5731609 3.0018363 1.3921094 16.517313 -1.7442840337753296 0.6568956971168518
Pedestrian 0.0 0 -1.0462961196899414 188.1271209716797 155.34957885742188 299.1066589355469 329.19921875 0.9499567 1.6934721 0.6495167 -3.7452538 1.4401112 7.488517 -1.5100500583648682 0.6222571134567261
Pedestrian 0.0 0 -0.9301351308822632 1117.865966796875 138.99183654785156 1206.061279296875 266.6759338378906 0.84524757 1.7978157 0.64263284 8.165645 1.2006104 10.534314 -0.2707330286502838 0.5711922645568848
Pedestrian 0.0 0 -1.2526657581329346 427.72845458984375 173.69180297851562 453.8746337890625 225.5163116455078 0.7663594 1.8296831 0.7129889 -5.78019 1.5550708 25.774532 -1.4732755422592163 0.5492050051689148
Pedestrian 0.0 0 -1.547695517539978 142.373291015625 164.9010467529297 206.20460510253906 318.2489318847656 0.88788444 1.7144345 0.62569314 -5.127395 1.5302107 8.568903 -2.0869174003601074 0.5261847376823425
Pedestrian 0.0 0 -0.1954902857542038 611.6752319335938 172.19830322265625 630.0957641601562 203.42005920410156 0.95448875 1.758053 0.56163204 1.1020151 1.23509 40.80269 -0.16848845779895782 0.5081917643547058
Pedestrian 0.0 0 1.5346930027008057 421.0390319824219 171.56500244140625 441.385986328125 224.0807647705078 1.0140401 1.9024622 0.69502807 -6.330955 1.5435995 26.601448 1.3010467290878296 0.45550286769866943
Pedestrian 0.0 0 2.4383163452148438 931.819091796875 151.53341674804688 1007.1075439453125 244.8436737060547 1.1129283 1.6416131 0.5693832 6.633841 1.115684 13.040431 2.9089102745056152 0.424849271774292
Pedestrian 0.0 0 -2.250088691711426 1005.7083740234375 189.49349975585938 1180.27392578125 374.0 0.7665961 1.5871855 0.7211242 3.4716234 1.6511852 5.208821 -1.662208914756775 0.3445584177970886
Pedestrian 0.0 0 -0.9318175911903381 1085.71484375 169.51028442382812 1157.98583984375 278.3311462402344 0.82930547 1.7240399 0.58043325 8.486015 1.5353839 11.780034 -0.3075491189956665 0.3060005307197571
Pedestrian 0.0 0 0.9604958891868591 856.9374389648438 153.75453186035156 895.3247680664062 203.9941864013672 1.4179791 1.6910291 0.5232853 9.493268 0.7582162 24.927397 1.3243738412857056 0.18373532593250275
Cyclist 0.0 0 2.4000325202941895 919.1723022460938 154.50474548339844 1010.857421875 252.82432556152344 1.470814 1.7180811 0.5945118 6.553219 1.2476301 13.0361595 2.8658342361450195 0.4514620900154114
Cyclist 0.0 0 0.9604958891868591 856.9374389648438 153.75453186035156 895.3247680664062 203.9941864013672 1.4179791 1.6910291 0.5232853 9.493268 0.7582162 24.927397 1.3243738412857056 0.3297116756439209
Car 0.0 0 1.7310270071029663 457.0626525878906 160.18939208984375 522.043212890625 216.99061584472656 4.4652715 1.9643087 1.7247899 -4.137695 1.2284095 27.078924 1.579398512840271 0.8088855147361755
Car 0.0 0 -1.6963094472885132 556.4885864257812 172.78317260742188 583.5025634765625 192.82569885253906 3.7168992 1.4900138 1.6221688 -2.4344702 0.8425649 55.368923 -1.7402492761611938 0.38960111141204834
