Pedestrian 0.0 0 -1.7421330213546753 682.0964965820312 164.4342498779297 694.8348388671875 195.13796997070312 1.3056276 1.7830633 0.5304528 4.589992 1.2944593 42.567684 -1.634719967842102 0.19034044444561005
Pedestrian 0.0 0 -0.6490232348442078 1102.461669921875 145.44923400878906 1173.56005859375 272.23358154296875 0.5754401 1.7196183 0.56594586 7.3058157 1.3482761 10.072809 -0.02151794359087944 0.14981627464294434
Pedestrian 0.0 0 2.5027923583984375 867.64453125 165.2270050048828 897.48193359375 213.8643341064453 0.80797195 1.733573 0.60645866 9.819473 1.4620829 26.117727 2.862412929534912 0.11274845898151398
Pedestrian 0.0 0 -0.7652974128723145 1179.4129638671875 106.60283660888672 1242.0 231.17027282714844 0.82169086 1.7916758 0.56750953 9.012042 0.8391312 10.6849575 -0.06462839245796204 0.10833633691072464
Cyclist 0.0 0 -1.7061030864715576 682.5725708007812 164.90628051757812 694.4152221679688 195.41864013671875 1.2768444 1.7720612 0.52499807 4.589857 1.3108408 42.54735 -1.5986422300338745 0.15913836658000946
Cyclist 0.0 0 2.319580554962158 293.35498046875 184.9860382080078 315.6396789550781 210.06576538085938 1.4718795 1.642019 0.5273151 -20.67385 2.4756916 48.775818 1.9186805486679077 0.13211001455783844
Cyclist 0.0 0 -0.7453853487968445 1168.2958984375 106.06613159179688 1242.0 230.54031372070312 1.0533705 1.7982634 0.5362744 8.966023 0.8337451 10.71463 -0.04860345274209976 0.12025655061006546
Car 0.0 0 1.8993498086929321 338.130126953125 186.1317901611328 383.7663269042969 212.51861572265625 4.12193 1.6209537 1.6563991 -16.69348 2.5511384 48.462025 1.5676143169403076 0.780890166759491
Car 0.0 0 -1.8149774074554443 791.2738647460938 174.55601501464844 859.2544555664062 224.6023712158203 3.0149887 1.5392991 1.4525634 6.9927955 1.5995004 23.830574 -1.52955162525177 0.19874006509780884
Car 0.0 0 2.0343799591064453 149.97689819335938 189.39205932617188 228.23931884765625 225.3751220703125 4.0214047 1.5197794 1.5926869 -20.006716 2.3562596 34.419563 1.5078538656234741 0.18956997990608215
Car 0.0 0 2.0764474868774414 185.06243896484375 180.38531494140625 249.32537841796875 211.0526885986328 4.0060644 1.713937 1.6549942 -23.529043 2.1874602 43.31925 1.5788750648498535 0.18227368593215942
Car 0.0 0 2.1130478382110596 275.2860107421875 182.14599609375 328.0245361328125 205.59556579589844 3.8076692 1.502985 1.6164063 -21.25783 2.1707394 49.824165 1.7097744941711426 0.16068394482135773
Car 0.0 0 1.3787167072296143 663.620361328125 183.2974395751953 713.2691040039062 217.48985290527344 3.9543717 1.4701174 1.6085815 3.6256728 1.9965656 34.305378 1.4840140342712402 0.1312115639448166
Car 0.0 0 -0.6518847942352295 812.0735473632812 175.97547912597656 961.1419677734375 229.35061645507812 4.125665 1.5125148 1.5772394 8.349294 1.6136234 21.943419 -0.28830796480178833 0.10687313228845596
