Pedestrian 0.0 0 0.4506017565727234 414.299560546875 140.33810424804688 510.33416748046875 287.6009521484375 1.0192161 1.7848402 0.6500292 -1.8539582 1.2997541 9.004501 0.24754691123962402 0.7949941158294678
Pedestrian 0.0 0 0.5249613523483276 732.8114624023438 143.0314178466797 819.42919921875 265.608154296875 1.0168499 1.7794969 0.8399998 2.593627 1.2372142 10.914104 0.7582736015319824 0.6238282322883606
Pedestrian 0.0 0 -1.7752305269241333 300.9879455566406 172.30796813964844 340.176513671875 250.04771423339844 0.8309512 1.65882 0.645367 -6.324802 1.4856365 15.606864 -2.1602611541748047 0.6070366501808167
Pedestrian 0.0 0 -2.5768752098083496 178.8294677734375 114.69834899902344 240.8785858154297 232.47044372558594 0.6433199 1.7876188 0.56536245 -6.1994576 0.7904999 11.026234 -3.089071750640869 0.4647267460823059
Pedestrian 0.0 0 0.5693299770355225 0.0 175.89186096191406 42.045345306396484 276.8697204589844 0.64578176 1.6806383 0.5492875 -10.199103 1.6055925 12.077621 -0.13194070756435394 0.4224367141723633
Pedestrian 0.0 0 -0.28940218687057495 953.8265380859375 126.93346405029297 1014.0169067382812 238.44989013671875 0.7412617 1.688528 0.3906207 5.8217907 0.8791094 10.965437 0.19867587089538574 0.27776530385017395
Pedestrian 0.0 0 -0.2598365247249603 772.3505249023438 152.61404418945312 788.32958984375 185.30184936523438 0.7773256 1.9139938 0.63496506 10.337405 0.28254008 41.71943 -0.01694464311003685 0.2776881456375122
Cyclist 0.0 0 -1.5149002075195312 980.6451416015625 144.70626831054688 1003.82470703125 209.81787109375 1.8533181 1.7143959 0.4616715 10.669523 0.7735288 19.52059 -1.0146880149841309 0.795843243598938
Cyclist 0.0 0 0.12585312128067017 425.8613586425781 162.0791778564453 537.7763671875 264.8841552734375 1.7199465 1.61022 0.5988536 -2.0073829 1.3233538 11.410028 -0.04829617589712143 0.7329421639442444
Cyclist 0.0 0 2.3835980892181396 1170.59326171875 135.574951171875 1224.0 189.032958984375 1.7711141 1.793537 0.6151711 20.339851 0.2878223 24.07388 3.0851197242736816 0.5569862723350525
Cyclist 0.0 0 -0.7239118814468384 49.61773681640625 173.12501525878906 151.37762451171875 269.7249755859375 1.7031028 1.659725 0.3784742 -9.277394 1.5346588 13.015421 -1.3431769609451294 0.41423875093460083
Cyclist 0.0 0 1.0336579084396362 804.88232421875 152.4535369873047 827.5668334960938 182.52732849121094 1.640538 1.7391901 0.51407516 12.45369 0.11861992 41.74244 1.3235965967178345 0.29558026790618896
Car 0.0 0 -0.9541890025138855 0.0 193.24781799316406 353.0673522949219 370.0 3.950094 1.4514937 1.6217053 -3.2015893 1.5712063 4.5617595 -1.56614351272583 0.8943142890930176
Car 0.0 0 2.3518495559692383 1199.9390869140625 145.89312744140625 1224.0 198.1572723388672 3.9418156 1.440149 1.5825809 19.678368 0.48812753 20.308659 3.1214866638183594 0.6126116514205933
Car 0.0 0 2.0204248428344727 447.0986633300781 168.7095489501953 491.690185546875 193.7258758544922 3.4900863 1.5287836 1.4174393 -8.599982 0.80960876 45.072674 1.8318883180618286 0.34433892369270325
