Pedestrian 0.0 0 -3.0402116775512695 578.8783569335938 171.6654510498047 593.2400512695312 198.1121826171875 0.936382 1.8014038 0.5222571 -1.2932726 1.2009541 48.450584 -3.0668978691101074 0.6468852162361145
Pedestrian 0.0 0 -1.6403762102127075 884.9599609375 139.22219848632812 905.0903930664062 190.4882049560547 0.9199578 1.8515247 0.6220573 10.65951 0.36225617 26.065096 -1.2521719932556152 0.6414881944656372
Pedestrian 0.0 0 2.9576003551483154 517.6734008789062 169.3250274658203 532.7526245117188 195.652587890625 0.9533438 1.7916218 0.49265435 -5.4703817 1.0324626 48.48535 2.845250129699707 0.4288357198238373
Pedestrian 0.0 0 -0.3666251301765442 1034.0870361328125 156.568359375 1084.54736328125 229.4504852294922 0.892728 1.7395226 0.5592528 11.026121 1.1699336 17.234299 0.2025303840637207 0.30020055174827576
Pedestrian 0.0 0 1.2686587572097778 813.6453247070312 150.86831665039062 829.5734252929688 189.56715393066406 0.52285206 1.8857908 0.61949205 10.617667 0.4432798 34.71254 1.5654958486557007 0.2939164340496063
Pedestrian 0.0 0 -0.7711894512176514 503.9101867675781 170.87001037597656 518.1343994140625 197.61837768554688 0.8647159 1.8559307 0.5290334 -6.5818233 1.189058 49.556793 -0.9032304286956787 0.2797849476337433
Pedestrian 0.0 0 -2.504201650619507 954.8985595703125 137.95175170898438 1006.5534057617188 205.22360229492188 1.2544713 1.9198406 0.5653791 11.038619 0.7071472 20.860989 -2.0175058841705322 0.25429895520210266
Pedestrian 0.0 0 -2.9219892024993896 452.9046325683594 177.07276916503906 470.35369873046875 204.02743530273438 1.0316883 1.7835512 0.6104945 -9.546201 1.5580993 47.094734 -3.121981620788574 0.24703258275985718
Cyclist 0.0 0 0.10821335017681122 624.6689453125 170.76437377929688 652.4385986328125 196.85218811035156 1.8126948 1.7375739 0.5785825 2.2592046 1.0904549 47.514275 0.15572547912597656 0.8802973628044128
Cyclist 0.0 0 1.9699362516403198 395.0094909667969 182.73013305664062 417.9214782714844 216.22689819335938 1.8358697 1.7277517 0.49899146 -10.537393 1.8505187 37.531376 1.696220874786377 0.6404440999031067
Car 0.0 0 -1.4612680673599243 525.3206176757812 178.5364990234375 560.3877563476562 203.81240844726562 4.301295 1.4474392 1.6482985 -3.70165 1.3363805 42.653603 -1.547835111618042 0.916513204574585
Car 0.0 0 2.648643970489502 887.274658203125 145.95445251464844 1012.2999877929688 183.9535675048828 4.2659426 1.4748935 1.568449 13.722772 0.13555029 28.310595 3.099994659423828 0.8507776260375977
Car 0.0 0 2.804793119430542 802.4701538085938 161.8538818359375 857.7369995117188 179.84352111816406 4.048774 1.4638438 1.6065302 18.597769 -0.053871155 58.453297 3.11283016204834 0.44725969433784485
Car 0.0 0 -0.641619086265564 1111.4510498046875 137.69337463378906 1224.0 176.15086364746094 4.2325993 1.5322951 1.6571575 23.69126 -0.18426776 29.282347 0.03862357139587402 0.4211021661758423
Car 0.0 0 -0.2603531777858734 863.228515625 154.68106079101562 922.6565551757812 173.1934356689453 4.2763186 1.4811882 1.6258898 23.792627 -0.6143997 58.491142 0.1259784698486328 0.4024955630302429
Car 0.0 0 -1.6922560930252075 570.478515625 176.03416442871094 598.4940795898438 197.33682250976562 3.6813934 1.5008992 1.609499 -1.5284933 1.1875489 51.751675 -1.7217826843261719 0.27735522389411926
Car 0.0 0 1.6126636266708374 349.7849426269531 179.73028564453125 378.2684631347656 205.41981506347656 3.972434 1.5604256 1.5559472 -15.320452 1.515031 45.067364 1.2849738597869873 0.2619219124317169
