Pedestrian 0.0 0 0.31579750776290894 595.105224609375 184.1250457763672 618.202880859375 224.23106384277344 0.88046783 1.7697452 0.6612534 -0.18798342 2.285434 32.537952 0.31002020835876465 0.49705013632774353
Pedestrian 0.0 0 1.367673397064209 743.3292236328125 102.9402084350586 818.0761108398438 254.66925048828125 0.8010772 1.7497559 0.7276765 1.9894542 0.94386023 8.726209 1.5918282270431519 0.4816930294036865
Pedestrian 0.0 0 -1.8773807287216187 851.8072509765625 80.13428497314453 956.7467651367188 267.72381591796875 1.7763073 1.8214973 0.5331121 3.1054168 0.9215454 7.907532 -1.5031691789627075 0.14776970446109772
Cyclist 0.0 0 -1.8773807287216187 851.8072509765625 80.13428497314453 956.7467651367188 267.72381591796875 1.7763073 1.8214973 0.5331121 3.1054168 0.9215454 7.907532 -1.5031691789627075 0.39209187030792236
Car 0.0 0 1.804540753364563 379.4818115234375 194.623779296875 493.06231689453125 277.5889587402344 4.0334945 1.5668517 1.6480483 -3.9136095 2.1321998 16.703592 1.574394702911377 0.9803638458251953
Car 0.0 0 1.9266833066940308 231.6072998046875 217.53988647460938 433.45721435546875 351.30596923828125 3.5943851 1.3646206 1.5035331 -3.7887342 2.118475 10.362677 1.5761672258377075 0.9663586616516113
Car 0.0 0 -1.5436471700668335 611.2489013671875 186.232666015625 648.8077392578125 222.8721160888672 3.9732714 1.4831712 1.5961733 0.91875166 2.1277492 32.713657 -1.5155699253082275 0.8415744304656982
Car 0.0 0 2.453112840652466 0.0 234.11595153808594 103.80679321289062 375.0 4.1051717 1.5007783 1.6566914 -3.9769576 1.903039 2.6000385 1.4613415002822876 0.4848734140396118
Car 0.0 0 2.905197858810425 629.5695190429688 182.9366455078125 679.7550048828125 200.11041259765625 4.17934 1.4582257 1.5274475 3.9080422 2.3642066 63.689713 2.9664816856384277 0.2801015079021454
Car 0.0 0 1.5778356790542603 510.32867431640625 182.87644958496094 542.1834106445312 215.16152954101562 4.0477934 1.6218076 1.650829 -4.6238203 2.2021456 39.64956 1.461742877960205 0.24281682074069977
