Pedestrian 0.0 0 3.716643810272217 0.6162895560264587 148.3172607421875 51.11826705932617 234.44688415527344 0.63077354 1.6749552 0.45693782 -11.612823 1.1981493 14.2898855 3.0342307090759277 0.38464879989624023
Car 0.0 0 0.3043006658554077 127.61365509033203 168.8264923095703 327.6031494140625 241.51222229003906 3.8454123 1.5943738 1.619883 -8.882616 1.5063876 16.962078 -0.17810702323913574 0.9664983153343201
Car 0.0 0 -0.37301552295684814 667.700439453125 166.7467041015625 849.2876586914062 238.31541442871094 3.7869782 1.5442425 1.6115311 3.3279305 1.4128226 16.691137 -0.17621320486068726 0.9426212310791016
Car 0.0 0 -0.24855241179466248 617.4652099609375 166.0363006591797 725.1323852539062 209.04290771484375 3.7859378 1.566545 1.6353728 2.2481945 1.3185638 27.400183 -0.16668544709682465 0.9143542647361755
Car 0.0 0 3.7140965461730957 0.0 197.1151123046875 176.22421264648438 342.8047790527344 3.9149108 1.4572374 1.5909622 -7.7313533 1.7857515 8.6670265 2.9856956005096436 0.9060026407241821
Car 0.0 0 3.6560754776000977 0.0 186.2397918701172 234.09576416015625 296.84967041015625 3.8871129 1.51564 1.5083412 -8.19008 1.7403121 11.105332 3.0206284523010254 0.9034883975982666
Car 0.0 0 3.3601021766662598 291.0778503417969 168.99546813964844 405.58734130859375 212.05276489257812 3.8285217 1.5732049 1.6281737 -9.90181 1.4325819 27.412436 3.013470411300659 0.8510475158691406
Car 0.0 0 3.5295424461364746 181.78067016601562 180.38284301757812 355.8236999511719 236.857421875 3.9895606 1.4494283 1.5578911 -9.225882 1.6638367 19.63074 3.090205192565918 0.8014891147613525
Car 0.0 0 -0.09842893481254578 606.7731323242188 163.76531982421875 710.2318115234375 205.29002380371094 4.0917935 1.6540754 1.6781597 1.8963531 1.2923994 29.647911 -0.03455349802970886 0.6394707560539246
Car 0.0 0 1.2386146783828735 423.5316467285156 166.4688720703125 456.8736877441406 185.63491821289062 4.117459 1.6671739 1.6657671 -15.334258 1.1121148 64.94587 1.0067527294158936 0.4507005512714386
