Pedestrian 0.0 0 0.3010909855365753 669.34033203125 168.18283081054688 686.3248291015625 196.6480255126953 1.0029992 1.8296907 0.4679049 4.3675714 1.5297941 46.785004 0.39417529106140137 0.4858125150203705
Car 0.0 0 -1.3039528131484985 398.88482666015625 181.30824279785156 564.5025634765625 296.7392272949219 3.7698643 1.4639643 1.598346 -1.8735938 1.6207787 11.392601 -1.4669508934020996 0.9731208086013794
Car 0.0 0 2.1896162033081055 0.0 190.66529846191406 403.6020812988281 375.0 3.6128626 1.5108994 1.5620241 -2.7336836 1.6670736 4.4538517 1.6391260623931885 0.9229016304016113
Car 0.0 0 1.7222036123275757 586.5907592773438 170.3131866455078 640.4010620117188 212.97018432617188 4.124948 1.7079715 1.7124856 0.1805759 1.6065965 31.058487 1.7280175685882568 0.9091430902481079
Car 0.0 0 -1.698864221572876 742.7186889648438 181.75820922851562 819.7318115234375 246.4642333984375 3.122181 1.4777637 1.518697 4.267706 1.7271851 18.551777 -1.4727550745010376 0.8900711536407471
Car 0.0 0 -1.6787301301956177 731.0076293945312 181.7764129638672 793.1069946289062 234.6813201904297 3.398843 1.5270325 1.5777229 4.765062 1.8359797 23.185776 -1.4760358333587646 0.8719577789306641
Car 0.0 0 -2.875809907913208 431.0908203125 169.33233642578125 543.3336791992188 212.63299560546875 3.5874693 1.453507 1.5038149 -4.2785153 1.3356498 25.14011 -3.044381618499756 0.8298000693321228
Car 0.0 0 -2.0571448802948 879.6116943359375 209.66114807128906 1242.0 375.0 3.7270362 1.455268 1.5563986 2.5025814 1.7338123 3.499585 -1.4363510608673096 0.7579593062400818
Car 0.0 0 1.7409511804580688 615.2012329101562 173.07794189453125 657.5704345703125 204.00482177734375 4.132306 1.5805131 1.6181895 1.448137 1.5936832 39.091404 1.7779791355133057 0.3905658721923828
Car 0.0 0 -1.584597110748291 710.6495971679688 178.02015686035156 732.737060546875 198.6982879638672 4.137438 1.4891949 1.6061325 8.486143 1.9002659 55.200035 -1.4320569038391113 0.35041525959968567
