Pedestrian 0.0 0 -3.3012828826904297 831.2391357421875 140.05210876464844 855.932373046875 194.9558868408203 0.71997494 1.881515 0.6620614 8.077314 0.7577748 25.105453 -2.990006446838379 0.5277195572853088
Pedestrian 0.0 0 -0.6370034217834473 852.6820068359375 143.65980529785156 898.5887451171875 239.7039337158203 0.531395 1.7975676 0.6755905 5.059405 1.2515252 13.900939 -0.28794538974761963 0.420375794172287
Pedestrian 0.0 0 -2.7564492225646973 733.4559936523438 169.94146728515625 745.1116333007812 194.84812927246094 0.5385267 1.6800443 0.7523248 8.774974 1.4839416 49.129368 -2.5797033309936523 0.2998438775539398
Pedestrian 0.0 0 -0.47156625986099243 1071.189697265625 126.9847183227539 1214.2734375 304.4084777832031 1.1097538 1.843624 0.588082 5.721685 1.3673508 7.8719654 0.15694904327392578 0.25534847378730774
Pedestrian 0.0 0 -1.7960517406463623 816.7662353515625 151.96669006347656 837.2477416992188 198.93328857421875 0.6236631 1.8362458 0.65196395 8.537142 1.0199759 28.539564 -1.5053900480270386 0.24349457025527954
Pedestrian 0.0 0 3.575360059738159 153.22637939453125 158.95997619628906 223.4936981201172 283.587646484375 0.72018164 1.7566792 0.5429685 -6.1602325 1.5611949 10.473022 3.0436620712280273 0.17081817984580994
Pedestrian 0.0 0 2.5898773670196533 394.96136474609375 131.68997192382812 445.2618713378906 195.026123046875 1.3623778 1.8853809 0.6421493 -5.87751 0.6603742 22.190788 2.3309600353240967 0.1546095609664917
Pedestrian 0.0 0 -3.452357530593872 844.6630859375 160.25958251953125 866.7084350585938 208.9922637939453 0.633655 1.9034618 0.72359896 9.673183 1.4118917 28.546782 -3.1256468296051025 0.15173302590847015
Pedestrian 0.0 0 -1.4309279918670654 809.6942749023438 159.72341918945312 836.6351318359375 226.56781005859375 0.592146 1.7083613 0.5989718 5.518462 1.3731371 18.831009 -1.145857810974121 0.14360053837299347
Cyclist 0.0 0 2.7423036098480225 432.0482482910156 137.9108428955078 474.4627380371094 192.87948608398438 1.3890321 1.9147303 0.5127943 -5.6309237 0.6979087 25.740654 2.526940107345581 0.24424834549427032
Cyclist 0.0 0 2.5481033325195312 394.6513977050781 131.3983154296875 445.71575927734375 195.5104217529297 1.3818783 1.9065107 0.6693506 -5.875068 0.67409503 22.194157 2.2893264293670654 0.1850735992193222
Cyclist 0.0 0 2.1768319606781006 457.39532470703125 142.07037353515625 488.1512451171875 186.42800903320312 1.4181371 1.7502382 0.5078325 -5.5878477 0.5359531 29.218416 1.9878695011138916 0.16666923463344574
Car 0.0 0 1.9428671598434448 299.3855285644531 187.37937927246094 515.5736083984375 329.78997802734375 4.045346 1.6171508 1.6791266 -2.7793148 1.8759727 10.728481 1.6893802881240845 0.97590172290802
Car 0.0 0 -1.689453125 723.6599731445312 183.06048583984375 855.3688354492188 296.1208190917969 3.4397292 1.4700358 1.5819451 2.6445987 1.6584597 11.497648 -1.4633731842041016 0.9539393782615662
Car 0.0 0 1.6353076696395874 634.802001953125 177.51214599609375 659.1417236328125 199.92196655273438 3.8266764 1.6109189 1.6009692 2.806332 1.9772065 54.686184 1.686579704284668 0.43799498677253723
