Car 0.0 0 -1.8347620964050293 730.789306640625 174.64370727539062 881.3959350585938 275.98541259765625 3.7748375 1.5493824 1.6309379 3.2852738 1.5866972 12.9962635 -1.5871630907058716 0.9777912497520447
Car 0.0 0 3.6110305786132812 23.342592239379883 186.8345184326172 356.1188659667969 285.3984375 4.286122 1.4006947 1.6372811 -6.5009236 1.6404275 11.431713 3.093963146209717 0.9729329943656921
Car 0.0 0 -1.906245231628418 792.599365234375 187.90072631835938 1069.6121826171875 362.0547180175781 3.664804 1.4131166 1.5733498 3.1650457 1.619945 8.035947 -1.5310423374176025 0.9627137184143066
Car 0.0 0 -1.725419282913208 679.2311401367188 179.2232666015625 735.5694580078125 224.299560546875 3.1946752 1.5176781 1.5533875 3.4537818 1.7650397 26.363163 -1.5951533317565918 0.9349088668823242
Car 0.0 0 3.4720420837402344 234.02195739746094 177.46324157714844 432.4645690917969 249.77127075195312 4.0354824 1.5997733 1.6732568 -6.4382644 1.7143509 16.976538 3.109555244445801 0.9233173727989197
Car 0.0 0 -2.8705763816833496 340.3453674316406 178.0701446533203 480.0640869140625 231.41934204101562 3.760712 1.5302632 1.5376163 -5.9592624 1.6925037 21.617476 -3.139564275741577 0.7965009808540344
Car 0.0 0 -0.1894657015800476 722.947509765625 180.32029724121094 822.3397216796875 214.64883422851562 4.292003 1.5441475 1.6841189 7.5070524 1.9031469 33.751385 0.029393672943115234 0.7259080410003662
Car 0.0 0 -2.946028709411621 492.0577697753906 175.26953125 558.8291625976562 200.79632568359375 4.3592114 1.7345133 1.7854807 -5.88942 1.9067856 50.287712 -3.0626120567321777 0.7218341827392578
Car 0.0 0 3.9343860149383545 0.0 212.1714324951172 116.47797393798828 375.0 4.1325006 1.5079463 1.5972234 -5.7429295 1.8057741 4.409919 3.0184402465820312 0.6552091240882874
Car 0.0 0 0.2564166188240051 405.52386474609375 170.99270629882812 514.8028564453125 215.87632751464844 3.6396575 1.5880321 1.5573632 -5.4744806 1.5225351 26.398163 0.051934003829956055 0.6176345944404602
Car 0.0 0 0.2022525817155838 463.20550537109375 165.77195739746094 538.4288940429688 196.2703857421875 3.9339943 1.6767364 1.6508738 -6.140299 1.2877393 40.592598 0.0521242618560791 0.598534882068634
Car 0.0 0 3.341566324234009 365.0091552734375 184.56764221191406 502.4739990234375 232.39361572265625 4.195232 1.4978637 1.5258019 -5.791913 1.8991396 23.850433 3.103334903717041 0.5956573486328125
Car 0.0 0 3.1546151638031006 416.7801208496094 173.88661193847656 519.3709716796875 208.2601776123047 4.2404118 1.4260936 1.6452814 -6.139906 1.4728056 31.195538 2.9602792263031006 0.5752279758453369
