Car 0.0 0 -1.9472403526306152 786.1647338867188 195.8201446533203 1090.34423828125 375.0 3.332628 1.4601775 1.5696417 2.9151459 1.746106 7.300114 -1.5673127174377441 0.9830689430236816
Car 0.0 0 3.5629897117614746 66.99510955810547 182.14231872558594 352.92205810546875 281.1272277832031 3.8215418 1.4863176 1.6163275 -6.497319 1.6529348 11.961387 3.0653891563415527 0.9560832977294922
Car 0.0 0 -0.2071899175643921 792.2388916015625 184.16384887695312 988.2131958007812 256.71343994140625 4.076615 1.5750729 1.6886275 6.462227 1.8624582 17.16391 0.15289592742919922 0.9354526400566101
Car 0.0 0 0.3223990201950073 292.6991882324219 166.89674377441406 456.1498107910156 229.89181518554688 4.2261133 1.769186 1.7200136 -6.8545504 1.6022375 21.139961 0.008849143981933594 0.9258674383163452
Car 0.0 0 -0.26731064915657043 722.4457397460938 178.85633850097656 870.6091918945312 232.8473663330078 4.663407 1.7839549 1.7504075 6.32398 1.9996446 24.96238 -0.019190533086657524 0.870201826095581
Car 0.0 0 0.20370237529277802 401.959228515625 182.576904296875 503.3499755859375 221.1695556640625 3.9539368 1.5721269 1.696248 -6.674629 1.9978695 30.696459 -0.010404523462057114 0.856841504573822
Car 0.0 0 -0.32728642225265503 849.6346435546875 195.62496948242188 1072.5323486328125 277.0361328125 3.7742953 1.4838006 1.5828136 6.9531684 1.9800706 14.709659 0.11427879333496094 0.8317094445228577
Car 0.0 0 0.5829641819000244 0.0 170.83544921875 255.54849243164062 375.0 4.151841 1.7366071 1.6643604 -5.963299 1.7205273 6.958565 -0.12556388974189758 0.8067634701728821
Car 0.0 0 3.143463134765625 429.7464904785156 173.89175415039062 521.9590454101562 212.26466369628906 4.3763566 1.8273913 1.7909609 -6.6505017 1.880943 35.704655 2.9593091011047363 0.6977756023406982
Car 0.0 0 3.9816536903381348 0.0 223.08322143554688 89.80116271972656 375.0 4.013648 1.4976323 1.5969309 -6.0123963 1.8856941 4.6186376 3.0658962726593018 0.6150811314582825
