Pedestrian 0.0 0 -1.8420847654342651 673.4983520507812 167.7503662109375 689.2503051757812 200.49876403808594 0.8536474 1.7763093 0.65441763 4.0088716 0.8301019 39.463806 -1.7408485412597656 0.19042986631393433
Pedestrian 0.0 0 1.6796109676361084 784.523193359375 163.45361328125 831.8423461914062 282.69427490234375 0.7467085 1.7835308 0.63660616 3.0837443 1.4591576 11.212786 1.9479961395263672 0.11569048464298248
Cyclist 0.0 0 0.415022611618042 358.3168640136719 143.98924255371094 464.2552185058594 239.96534729003906 1.8056327 1.7198429 0.59244025 -3.6740944 0.9822169 13.301769 0.14553093910217285 0.4394921660423279
Cyclist 0.0 0 1.61850106716156 492.3648376464844 186.24755859375 515.96435546875 253.47994995117188 1.4292277 1.684194 0.5459128 -2.7376978 1.7133242 18.764174 1.4736230373382568 0.10654293745756149
Car 0.0 0 -1.5682594776153564 581.0726928710938 177.53274536132812 615.9052124023438 209.07215881347656 3.7836199 1.4632093 1.6163086 -0.48484948 1.1079049 35.246887 -1.5820144414901733 0.9265174865722656
Car 0.0 0 -1.160590410232544 210.92259216308594 186.80331420898438 352.74627685546875 254.4496612548828 4.132543 1.4570695 1.6400427 -7.8457384 1.5017682 17.65016 -1.578872561454773 0.8909007906913757
Car 0.0 0 -2.5219886302948 167.3692626953125 181.29859924316406 298.8478698730469 230.4884490966797 3.5005343 1.5196906 1.583963 -12.102214 1.3998058 23.232265 -3.0022339820861816 0.2358682006597519
Car 0.0 0 -1.2995145320892334 335.7270202636719 187.9900665283203 419.0708923339844 237.32098388671875 4.1033096 1.5167998 1.6494814 -7.744608 1.620193 24.413088 -1.6067043542861938 0.20159363746643066
Car 0.0 0 -1.6135737895965576 543.9852905273438 175.46658325195312 568.3902587890625 197.2783660888672 3.593448 1.4787822 1.5555081 -3.6797109 0.8189488 50.60709 -1.686157464981079 0.13383395969867706
Car 0.0 0 1.301357388496399 639.2662963867188 179.56314086914062 711.2238159179688 222.4298095703125 4.1404796 1.4753287 1.6190413 2.3941162 1.2819179 26.918898 1.3900620937347412 0.1263151913881302
