Pedestrian 0.0 0 0.870212972164154 715.5077514648438 170.39060974121094 819.5026245117188 318.50140380859375 1.0741347 1.8003536 0.82475764 2.1060388 1.6666551 9.395886 1.0907132625579834 0.9041939973831177
Pedestrian 0.0 0 2.1872141361236572 359.73114013671875 163.58348083496094 428.39044189453125 281.716796875 0.8694547 1.7620394 0.65006864 -3.2712605 1.4961095 11.2289295 1.9037355184555054 0.8116195797920227
Pedestrian 0.0 0 -1.8045138120651245 685.587158203125 183.17431640625 726.3037719726562 277.9429931640625 0.8205622 1.6818241 0.5618971 1.8687668 1.7148569 13.195258 -1.663825273513794 0.7997837066650391
Pedestrian 0.0 0 -0.1356930434703827 708.5745239257812 174.08233642578125 756.645263671875 277.6524963378906 0.70489615 1.6579343 0.5543012 2.100665 1.5404876 11.787624 0.0406649112701416 0.7356550693511963
Pedestrian 0.0 0 -1.698962926864624 777.3369750976562 168.09213256835938 810.9447021484375 255.93527221679688 0.6994824 1.6760821 0.54869473 3.731322 1.421511 14.086036 -1.440015196800232 0.6303761005401611
Pedestrian 0.0 0 -0.28745511174201965 638.9182739257812 172.35595703125 675.31494140625 235.97128295898438 0.7747788 1.6269475 0.724113 1.4185197 1.3942684 18.804152 -0.21216119825839996 0.6022506952285767
Pedestrian 0.0 0 1.017931342124939 896.5991821289062 167.83038330078125 969.4296875 293.3631896972656 0.7079465 1.7140754 0.6642179 4.648163 1.5287477 10.198503 1.4455724954605103 0.5048483610153198
Pedestrian 0.0 0 1.6871813535690308 293.9464416503906 169.38522338867188 339.23443603515625 277.20068359375 0.6369719 1.6634442 0.60468894 -4.5788136 1.4778309 11.466555 1.3072621822357178 0.49859562516212463
Pedestrian 0.0 0 0.6961908936500549 745.068359375 188.17909240722656 818.7650146484375 309.6423645019531 0.85374403 1.6108869 0.5416872 2.4797385 1.710671 10.083928 0.9373164176940918 0.4619806110858917
Pedestrian 0.0 0 -0.10344147682189941 788.4503173828125 170.05799865722656 821.2276000976562 242.38742065429688 0.70601624 1.7060412 0.51941764 4.845284 1.4373596 17.256603 0.1702890396118164 0.455095499753952
Pedestrian 0.0 0 -0.41124892234802246 678.4127807617188 187.7162628173828 700.1066284179688 227.84317016601562 0.7737946 1.7695901 0.6404825 3.9240754 2.0530047 32.222477 -0.2900649607181549 0.4528532326221466
Pedestrian 0.0 0 0.9104630351066589 671.0310668945312 179.8945770263672 694.2916259765625 223.18077087402344 0.6977563 1.6788174 0.6110697 3.1811917 1.6175687 28.314398 1.0223462581634521 0.4351000189781189
Pedestrian 0.0 0 2.7212107181549072 700.3892211914062 176.1913604736328 719.6788330078125 217.84237670898438 0.5544088 1.6266426 0.60670877 4.2753325 1.4203317 28.417818 2.8705363273620605 0.3755267560482025
Pedestrian 0.0 0 -0.7839585542678833 182.55345153808594 170.7323760986328 237.32386779785156 244.23793029785156 1.1243076 1.8129051 0.6136497 -10.012684 1.5485259 18.34008 -1.2836835384368896 0.3312772512435913
Cyclist 0.0 0 -0.7839585542678833 182.55345153808594 170.7323760986328 237.32386779785156 244.23793029785156 1.1243076 1.8129051 0.6136497 -10.012684 1.5485259 18.34008 -1.2836835384368896 0.15451395511627197
Car 0.0 0 1.6705504655838013 551.2137451171875 181.4973602294922 598.2613525390625 216.98719787597656 4.237846 1.4908257 1.7025317 -1.1473222 1.4916912 32.341793 1.6350904703140259 0.9514639973640442
