Pedestrian 0.0 0 -1.171682357788086 220.564697265625 171.37466430664062 244.3363494873047 214.81439208984375 0.66091657 1.8790586 0.72219634 -16.554312 1.8154248 31.568117 -1.6546586751937866 0.17214557528495789
Pedestrian 0.0 0 0.49965283274650574 45.267730712890625 176.51190185546875 110.4576187133789 275.6781921386719 0.72910184 1.6823081 0.57811457 -9.330804 1.748257 12.599004 -0.13780418038368225 0.11364378780126572
Pedestrian 0.0 0 -0.27121055126190186 619.81787109375 172.70718383789062 630.5707397460938 195.82110595703125 0.7080617 1.766531 0.5385089 1.1413556 1.7556674 55.49099 -0.25064513087272644 0.10084749013185501
Car 0.0 0 -1.6195039749145508 574.4511108398438 170.98458862304688 599.926513671875 193.546630859375 3.8952048 1.5175132 1.588647 -1.6597935 1.3921343 50.533356 -1.652337670326233 0.5866820216178894
Car 0.0 0 1.9481279850006104 242.93714904785156 181.4857940673828 297.10931396484375 210.18785095214844 3.9113088 1.5983256 1.6194195 -20.401266 2.1416724 43.3839 1.5085625648498535 0.2503907382488251
Car 0.0 0 -1.510946273803711 547.7760620117188 169.027587890625 569.8573608398438 187.1564178466797 3.969308 1.4831667 1.6302909 -4.3209114 1.1704762 61.021458 -1.581637978553772 0.152248352766037
Car 0.0 0 -1.7206406593322754 1072.987060546875 177.2430877685547 1114.4742431640625 203.16188049316406 4.069051 1.5723408 1.6338834 31.215227 1.870097 46.698803 -1.131413221359253 0.12300717085599899
Car 0.0 0 -1.492226004600525 608.5397338867188 181.02256774902344 636.0745239257812 205.66636657714844 3.6884599 1.5486621 1.56855 0.83098185 2.119949 48.517387 -1.4751001596450806 0.11625611782073975
Car 0.0 0 -1.5454307794570923 657.2343139648438 163.06063842773438 679.00390625 185.1499481201172 4.1616535 1.811472 1.741387 4.947676 1.0087081 61.32938 -1.4649312496185303 0.10828669369220734
Car 0.0 0 -1.6916978359222412 716.7100830078125 185.11585998535156 781.6211547851562 237.22039794921875 3.8080125 1.4757781 1.5889583 4.3616805 1.9053502 23.302938 -1.506665825843811 0.10110205411911011
