Pedestrian 0.0 0 -3.075937032699585 564.809814453125 171.78245544433594 579.6278076171875 200.91693115234375 0.9079246 1.8418828 0.55659235 -2.0849261 1.2921015 44.98172 -3.1222543716430664 0.6354717016220093
Pedestrian 0.0 0 0.5761460661888123 447.8467102050781 173.7509765625 465.6883850097656 203.5672149658203 0.9372964 1.8223128 0.5356282 -9.150285 1.4111819 43.62752 0.36940622329711914 0.5847229361534119
Pedestrian 0.0 0 -1.6922527551651 924.6826171875 131.96551513671875 949.4285888671875 189.38316345214844 1.1097009 1.7965424 0.58739686 10.6385 0.27949893 22.73657 -1.2546111345291138 0.38643068075180054
Pedestrian 0.0 0 -1.8244736194610596 1048.02001953125 142.09881591796875 1065.3084716796875 179.24293518066406 0.5179708 1.9411854 0.65934813 23.825771 -0.06556767 37.31803 -1.2562594413757324 0.24812355637550354
Pedestrian 0.0 0 -2.768649101257324 503.7412414550781 171.20306396484375 518.9288940429688 198.96328735351562 0.8349604 1.7546291 0.4987727 -5.965961 1.1683445 45.027115 -2.900378942489624 0.24612870812416077
Pedestrian 0.0 0 -2.480848789215088 1021.1336059570312 129.107177734375 1082.8922119140625 208.1150360107422 1.2094995 1.8862618 0.5515891 11.0326605 0.66089356 17.537945 -1.919325351715088 0.20352865755558014
Pedestrian 0.0 0 -2.7886195182800293 454.1855773925781 175.51217651367188 470.34552001953125 204.43826293945312 0.8552664 1.812568 0.5740282 -9.014469 1.5013669 44.64932 -2.9878363609313965 0.187765434384346
Cyclist 0.0 0 -1.1844336986541748 386.1923522949219 180.64044189453125 407.2566223144531 213.96871948242188 1.6182584 1.6340339 0.43915713 -10.459664 1.6426708 35.494183 -1.4710088968276978 0.9147828221321106
Cyclist 0.0 0 -0.20724175870418549 587.9388427734375 168.3553009033203 616.2222900390625 196.52166748046875 1.7913015 1.8478184 0.58945674 -0.1950756 1.0524077 46.856182 -0.21140502393245697 0.7665673494338989
Cyclist 0.0 0 -3.1913607120513916 642.8683471679688 169.37379455566406 672.5910034179688 197.9777374267578 1.8217976 1.7719126 0.5764439 3.279889 1.084035 44.104656 -3.117131233215332 0.6918623447418213
Cyclist 0.0 0 -1.7227277755737305 924.1495971679688 134.38990783691406 950.6143188476562 191.4959259033203 1.227921 1.7831322 0.5882976 10.6510315 0.34490097 22.744598 -1.2847697734832764 0.16862832009792328
Car 0.0 0 -1.5129846334457397 519.365966796875 177.43617248535156 552.57275390625 205.5308074951172 3.7993932 1.4774643 1.6130915 -3.7829528 1.3177546 39.107353 -1.6094170808792114 0.9334062933921814
Car 0.0 0 -0.5061074495315552 926.2610473632812 143.02029418945312 1053.691650390625 184.04916381835938 3.6852887 1.4035107 1.4984754 13.493675 0.12294339 24.94991 -0.01033133827149868 0.7401676774024963
Car 0.0 0 1.7443735599517822 325.6831359863281 178.43199157714844 364.89825439453125 205.65570068359375 4.0246577 1.5283107 1.5052702 -15.303682 1.4136043 41.80158 1.3934258222579956 0.2948966920375824
Car 0.0 0 -3.7817046642303467 1192.231689453125 134.47601318359375 1224.0 178.86257934570312 4.315197 1.5079548 1.6782103 23.840334 -0.05933568 25.183363 -3.023695230484009 0.18156103789806366
