Pedestrian 0.0 0 2.4083125591278076 1004.8901977539062 116.42023468017578 1071.508056640625 229.44189453125 0.7265038 1.828597 0.6229757 7.0889387 0.9159032 12.049017 2.9401156902313232 0.5938411951065063
Pedestrian 0.0 0 0.3784939646720886 711.728759765625 126.20377349853516 754.552001953125 190.0888671875 1.150288 1.8910902 0.5756469 3.690024 0.51053464 21.900238 0.5454185009002686 0.29840949177742004
Pedestrian 0.0 0 1.6505115032196045 881.5350341796875 90.01203918457031 952.1222534179688 252.16778564453125 0.8696592 1.8693889 0.7354744 3.72952 0.9147153 8.870614 2.0485095977783203 0.22420541942119598
Pedestrian 0.0 0 -0.47092926502227783 1023.10888671875 94.06263732910156 1119.1854248046875 246.85873413085938 0.86547965 1.8185823 0.493081 5.597471 0.8811637 8.870264 0.09200000762939453 0.2070106416940689
Pedestrian 0.0 0 -3.039003849029541 585.4996948242188 172.1988983154297 594.6526489257812 195.3136749267578 0.6105666 1.7027031 0.70367324 -1.5030419 1.6548055 53.521473 -3.067079544067383 0.12032861262559891
Pedestrian 0.0 0 -1.4474000930786133 865.6168823242188 136.90728759765625 888.7591552734375 190.95745849609375 0.7633189 1.766583 0.6360315 8.870358 0.5920538 24.0651 -1.0942535400390625 0.11320315301418304
Cyclist 0.0 0 0.3784939646720886 711.728759765625 126.20377349853516 754.552001953125 190.0888671875 1.150288 1.8910902 0.5756469 3.690024 0.51053464 21.900238 0.5454185009002686 0.27928462624549866
Car 0.0 0 1.7301265001296997 590.7134399414062 176.71949768066406 628.9818725585938 204.26780700683594 3.7775207 1.4829844 1.6177752 0.002741471 1.715784 41.391747 1.73019278049469 0.8143196702003479
Car 0.0 0 -2.3216469287872314 1118.2581787109375 43.322898864746094 1242.0 375.0 3.875504 1.4921567 1.5706317 5.5808268 0.93255645 5.1098504 -1.4922224283218384 0.15860162675380707
Car 0.0 0 -1.7214316129684448 569.5538330078125 159.89840698242188 595.4381713867188 183.3494415283203 4.438037 2.113976 1.7638756 -2.6235282 0.94646186 67.38519 -1.760345220565796 0.14349940419197083
