Pedestrian 0.0 0 -1.5136992931365967 740.5386962890625 161.9602813720703 762.1284790039062 212.3321990966797 0.7841237 1.7819258 0.7211243 5.051947 1.3969144 25.99077 -1.321718454360962 0.6510477066040039
Pedestrian 0.0 0 -0.37731295824050903 898.0264892578125 92.6384048461914 1019.5309448242188 279.5550231933594 0.9809346 1.8128853 0.52082235 3.4436662 1.0352403 7.2867036 0.06417202949523926 0.5580683946609497
Pedestrian 0.0 0 0.12991319596767426 682.1551513671875 158.44305419921875 707.0861206054688 204.4716796875 0.9520046 1.8445591 0.46823236 3.3912401 1.2674104 29.25499 0.24531817436218262 0.514824628829956
Car 0.0 0 -1.843585729598999 733.1497192382812 178.82423400878906 892.0360107421875 284.6298828125 3.5132935 1.4460618 1.5611333 3.077685 1.55897 11.829035 -1.5890485048294067 0.9802496433258057
Car 0.0 0 1.867431879043579 321.1051025390625 188.05282592773438 432.0598449707031 260.5143737792969 3.7898312 1.5388753 1.5857097 -5.7338257 1.9590414 18.023108 1.5594193935394287 0.9600748419761658
Car 0.0 0 -1.8578159809112549 696.963134765625 178.0672149658203 800.07421875 248.55389404296875 3.2528114 1.4868824 1.5254519 3.1370745 1.6235641 17.167074 -1.6770724058151245 0.9350296258926392
Car 0.0 0 1.8045506477355957 394.61444091796875 189.3044891357422 467.67352294921875 241.25396728515625 3.441836 1.4594792 1.5102662 -5.682191 2.0256596 23.08833 1.5632396936416626 0.9237151145935059
Car 0.0 0 -1.7516063451766968 686.65673828125 180.73321533203125 761.2813110351562 231.20755004882812 3.7240434 1.415406 1.6546248 3.445933 1.6843374 22.705698 -1.6009905338287354 0.8898201584815979
Car 0.0 0 -2.3401336669921875 932.266845703125 186.4607696533203 1242.0 375.0 3.8317525 1.4889823 1.5993738 3.1652741 1.59044 3.4244096 -1.5940396785736084 0.8062281608581543
Car 0.0 0 0.5714467167854309 0.0 190.81869506835938 159.3217010498047 246.0539093017578 4.089097 1.3815179 1.5422772 -14.83192 1.8923193 19.572643 -0.07702028006315231 0.7224364876747131
Car 0.0 0 0.29452750086784363 408.80548095703125 178.08642578125 477.6027526855469 202.21817016601562 4.1198153 1.5436444 1.628596 -10.98341 1.8954929 47.515686 0.06736397743225098 0.5226049423217773
