Pedestrian 0.0 0 2.2414774894714355 887.2964477539062 166.90740966796875 970.8704223632812 306.8144226074219 0.93449956 1.7073938 0.5096883 4.0663037 1.4850947 9.2121 2.6571643352508545 0.46620699763298035
Car 0.0 0 -1.4221007823944092 454.2799377441406 180.9886932373047 533.4150390625 239.35470581054688 4.1689153 1.5807722 1.7362956 -3.3441513 1.46742 21.554522 -1.5760220289230347 0.9537065029144287
Car 0.0 0 -1.5721675157546997 557.9559936523438 180.61033630371094 613.5574340820312 225.7440643310547 3.4521685 1.4207852 1.7518362 -0.7929477 1.2769421 24.380196 -1.6046802997589111 0.9328325986862183
Car 0.0 0 -1.165684461593628 39.50297546386719 186.61314392089844 417.6114196777344 376.0 3.9718065 1.5266451 1.6617914 -3.209361 1.545249 6.9775496 -1.5967862606048584 0.9232501983642578
Car 0.0 0 -1.3263483047485352 394.49810791015625 182.8160400390625 450.8699035644531 217.72344970703125 3.8027844 1.4878315 1.5978962 -8.338697 1.3866842 32.54194 -1.5771955251693726 0.9157789945602417
Car 0.0 0 1.8543481826782227 359.0542297363281 180.00772094726562 406.7763366699219 205.8205108642578 3.839826 1.3984867 1.579329 -12.75018 1.1174603 40.876884 1.551994800567627 0.8441965579986572
Car 0.0 0 2.329389810562134 0.0 202.28689575195312 116.78213500976562 376.0 4.168351 1.4614716 1.6527951 -7.623404 1.6981477 7.819213 1.5566706657409668 0.6706058979034424
Car 0.0 0 -1.0297291278839111 0.0 189.10659790039062 172.05613708496094 257.3951110839844 3.9667826 1.3966525 1.5570481 -12.184451 1.5007061 16.971178 -1.6524004936218262 0.5867977142333984
Car 0.0 0 -1.3792221546173096 418.9937438964844 176.97654724121094 461.42694091796875 206.86343383789062 3.6697342 1.5567182 1.5908445 -9.135306 1.128697 39.30219 -1.6076043844223022 0.5273118019104004
Car 0.0 0 -1.1526405811309814 250.5021209716797 181.37094116210938 374.8023986816406 243.23898315429688 3.9875624 1.5070031 1.6321808 -7.8924165 1.4144825 19.526772 -1.536749005317688 0.5229097604751587
Car 0.0 0 1.9944417476654053 229.83578491210938 178.29122924804688 319.0045471191406 218.43463134765625 3.8665054 1.4134772 1.6158818 -12.554735 1.1707933 27.247387 1.5626689195632935 0.394889771938324
