Pedestrian 0.0 0 -1.6623461246490479 350.755859375 163.15516662597656 375.78778076171875 221.4827423095703 1.0757344 1.8954066 0.6953986 -7.9799385 1.3003682 23.97251 -1.9836875200271606 0.7682368755340576
Pedestrian 0.0 0 1.2442569732666016 629.0545043945312 157.27789306640625 667.853271484375 235.60565185546875 0.88958305 1.8513436 0.6917813 1.1018877 1.2800344 17.495407 1.3071554899215698 0.717833936214447
Pedestrian 0.0 0 -2.422590494155884 76.9513168334961 159.15133666992188 170.2329864501953 319.75982666015625 0.6849269 1.710145 0.52348256 -5.3241696 1.473538 7.9497385 -3.0127100944519043 0.5682328343391418
Pedestrian 0.0 0 -1.9573876857757568 0.0 163.0072479248047 83.47772979736328 349.234375 0.79208267 1.698241 0.5879736 -5.6325083 1.5309802 6.9972124 -2.635148525238037 0.4877866804599762
Pedestrian 0.0 0 -2.365309715270996 61.65733337402344 159.936279296875 215.55316162109375 371.4893493652344 0.88516027 1.6755075 0.66797036 -3.9586463 1.5061151 6.102171 -2.9407899379730225 0.4872376024723053
Pedestrian 0.0 0 3.188310146331787 514.536376953125 167.36843872070312 548.7642822265625 230.05032348632812 0.9765026 1.8119227 0.5144867 -2.0670316 1.4045633 21.043922 3.0903995037078857 0.458606094121933
Pedestrian 0.0 0 -1.7054098844528198 573.37744140625 194.16574096679688 632.3036499023438 296.6830139160156 0.8304138 1.5277296 0.8171959 -0.035813883 1.736283 11.284905 -1.7085834741592407 0.42807695269584656
Pedestrian 0.0 0 1.2612327337265015 660.0140380859375 144.1337127685547 694.89453125 218.0147705078125 0.73438853 1.8002616 0.6721751 1.856974 0.8909485 17.929342 1.3644365072250366 0.3953905701637268
Pedestrian 0.0 0 -2.4564764499664307 478.8053894042969 165.9852752685547 510.20648193359375 211.1029052734375 0.893981 1.6462606 0.7345796 -4.001559 1.0812004 26.7523 -2.6049537658691406 0.3568917214870453
Pedestrian 0.0 0 1.5297352075576782 648.9635009765625 141.15292358398438 674.8838500976562 210.78707885742188 0.7055513 1.7714704 0.63932985 1.5303708 0.74623287 18.637136 1.6116654872894287 0.2912529408931732
Pedestrian 0.0 0 3.0800867080688477 532.5646362304688 172.06015014648438 566.5091552734375 237.15835571289062 0.898365 1.7595277 0.52134717 -1.4614899 1.5055394 19.732075 3.006155014038086 0.2830450236797333
Pedestrian 0.0 0 0.8210676908493042 1020.4156494140625 107.84530639648438 1066.8671875 193.61953735351562 0.640561 1.8805012 0.61577713 9.881268 0.26692882 16.12108 1.3709481954574585 0.2774347960948944
Pedestrian 0.0 0 -0.007353648543357849 720.109375 164.34031677246094 753.55224609375 250.71791076660156 0.6548573 1.7146175 0.6681556 2.71672 1.3752404 14.642794 0.17609333992004395 0.23534142971038818
Pedestrian 0.0 0 1.6970722675323486 0.0 150.53297424316406 24.066171646118164 219.1427764892578 0.59180135 1.9163532 0.61365575 -16.922634 1.0525562 20.47547 1.0063903331756592 0.22974878549575806
Cyclist 0.0 0 1.6671209335327148 374.74346923828125 158.857177734375 424.07574462890625 275.7274169921875 1.6772013 1.7122362 0.59958065 -3.2199094 1.3818126 11.400098 1.391845703125 0.8490229845046997
Cyclist 0.0 0 0.7561841011047363 61.256038665771484 162.29489135742188 172.44393920898438 328.35382080078125 0.8630815 1.748106 0.56399614 -5.3673854 1.5472945 7.9063797 0.15978217124938965 0.18915735185146332
Cyclist 0.0 0 -2.6193442344665527 471.7713928222656 162.65219116210938 504.2963562011719 207.48825073242188 0.9476809 1.6364657 0.7520802 -4.237883 0.9495863 26.736225 -2.776543617248535 0.1005798950791359
Cyclist 0.0 0 0.13713228702545166 510.1094055175781 169.43218994140625 548.2916259765625 232.70553588867188 1.055438 1.8291576 0.49676293 -2.1381218 1.4814283 21.03072 0.03581380844116211 0.10048102587461472
Car 0.0 0 1.8892152309417725 130.39144897460938 187.68328857421875 361.7110595703125 320.5090637207031 4.3824644 1.4579287 1.6162443 -4.8073583 1.567968 10.36294 1.4548630714416504 0.9728187322616577
