Pedestrian 0.0 0 1.895459771156311 394.19500732421875 168.1875457763672 417.3110656738281 214.8419647216797 0.7588198 1.8052667 0.66743153 -7.839656 1.3303475 27.749306 1.6201183795928955 0.5632627606391907
Pedestrian 0.0 0 0.254112184047699 409.19610595703125 163.045654296875 453.5243835449219 245.08486938476562 0.84052163 1.8368073 0.6891432 -4.002287 1.4476275 16.174816 0.011544942855834961 0.48830634355545044
Pedestrian 0.0 0 -2.741380214691162 382.72979736328125 178.76181030273438 402.570068359375 215.6519012451172 0.6926996 1.696015 0.6311351 -9.88209 1.6175588 32.852554 -3.03357195854187 0.29359954595565796
Pedestrian 0.0 0 3.4365267753601074 357.2518005371094 188.63168334960938 402.4954833984375 267.03741455078125 0.8339074 1.6882529 0.51995945 -4.9815946 1.8717194 15.540904 3.1263275146484375 0.22689250111579895
Pedestrian 0.0 0 1.3274972438812256 682.8475952148438 137.95921325683594 722.52587890625 226.36328125 1.0346558 1.8874203 0.6350629 2.1078446 0.98079664 15.639355 1.4614681005477905 0.13693994283676147
Pedestrian 0.0 0 0.31084373593330383 489.2840270996094 168.86170959472656 501.40911865234375 191.1291961669922 0.84729975 1.8092974 0.56627685 -8.94686 0.86487645 57.790806 0.15724849700927734 0.1251213252544403
Pedestrian 0.0 0 2.3219492435455322 296.7874450683594 140.5947723388672 333.12841796875 188.27622985839844 1.2945728 1.7670113 0.5435963 -11.048788 0.28969193 26.8989 1.9322080612182617 0.10027085989713669
Cyclist 0.0 0 2.4042892456054688 300.794921875 140.21502685546875 338.44195556640625 187.94105529785156 1.3149987 1.7678784 0.5295246 -10.869439 0.27714875 26.892937 2.0201892852783203 0.21544544398784637
Cyclist 0.0 0 0.254112184047699 409.19610595703125 163.045654296875 453.5243835449219 245.08486938476562 0.84052163 1.8368073 0.6891432 -4.002287 1.4476275 16.174816 0.011544942855834961 0.14111284911632538
Car 0.0 0 -1.6713067293167114 538.8716430664062 163.4976043701172 582.3650512695312 200.2140350341797 3.997309 1.619375 1.6377783 -2.1633532 0.8709547 33.285587 -1.7362091541290283 0.6607545614242554
Car 0.0 0 -1.6437585353851318 531.8922119140625 171.10118103027344 567.561767578125 202.88572692871094 4.1363277 1.6274961 1.6215174 -3.058694 1.1476611 38.366108 -1.7233141660690308 0.339264839887619
Car 0.0 0 0.24770760536193848 1111.8978271484375 174.86949157714844 1224.0 370.0 3.731623 1.505003 1.5448273 6.246151 1.48029 5.330414 1.112044095993042 0.10366643220186234
