Pedestrian 0.0 0 -1.1668956279754639 297.7635803222656 168.30691528320312 357.6293640136719 281.9012451171875 0.6798362 1.7808952 0.69088197 -4.6016183 1.7099652 11.658738 -1.542818307876587 0.7062305808067322
Pedestrian 0.0 0 -0.5139456987380981 943.3641967773438 116.79051208496094 1031.18603515625 266.5238037109375 0.7188872 1.8184137 0.72754383 4.7035255 1.137917 9.1372175 -0.03855550289154053 0.43869754672050476
Car 0.0 0 -1.237062692642212 207.12379455566406 190.70179748535156 485.0544128417969 369.7767333984375 4.197311 1.4514714 1.6258278 -2.7203593 1.7115211 8.381479 -1.5509036779403687 0.9759591221809387
Car 0.0 0 -1.6964017152786255 662.8792114257812 180.04356384277344 733.0741577148438 234.14962768554688 3.9752254 1.4509238 1.6007378 2.5245175 1.6891438 21.872751 -1.5814918279647827 0.962723433971405
Car 0.0 0 -1.977221131324768 769.4449462890625 184.64962768554688 1185.703369140625 375.0 3.6839015 1.4883125 1.5665038 2.4956648 1.6177987 6.042706 -1.5855544805526733 0.9528241157531738
Car 0.0 0 -1.5792264938354492 534.0408325195312 179.2523651123047 570.1259765625 214.32656860351562 4.2959056 1.5921186 1.6769794 -2.9307666 1.9293613 35.772686 -1.6609714031219482 0.8783730268478394
Car 0.0 0 -1.0022813081741333 0.0 196.20346069335938 358.3343200683594 375.0 4.0834007 1.4703443 1.5829934 -2.6588063 1.6532097 3.5414758 -1.6462700366973877 0.8597189784049988
Car 0.0 0 -1.3439266681671143 351.58013916015625 185.3697509765625 489.7793884277344 284.2411193847656 3.7159803 1.4887611 1.6268176 -3.3393097 1.7508353 13.210846 -1.5915110111236572 0.8504206538200378
Car 0.0 0 -1.7472392320632935 639.3621215820312 179.36947631835938 687.535888671875 213.03431701660156 3.9885075 1.4760078 1.609217 2.4537487 1.8066055 34.500786 -1.6762372255325317 0.7633728384971619
Car 0.0 0 -2.453460454940796 0.0 0.0 1242.0 375.0 3.6960218 1.5472032 1.5940114 1.7582611 1.5149916 0.68899715 -1.2561360597610474 0.504906177520752
