Pedestrian 0.0 0 2.0632312297821045 967.9352416992188 171.6785125732422 995.2581787109375 214.33145141601562 0.94052404 1.6836135 0.60388744 14.891545 1.637572 28.993647 2.537710666656494 0.28458666801452637
Pedestrian 0.0 0 -1.8376846313476562 1080.6148681640625 137.1992645263672 1117.4022216796875 200.00120544433594 0.9212087 1.9084376 0.7298424 15.17492 0.8253124 22.476889 -1.243842601776123 0.26005223393440247
Pedestrian 0.0 0 1.3224174976348877 1106.5181884765625 124.66898345947266 1144.2109375 199.21075439453125 0.66717 1.9733485 0.686165 13.894737 0.6981019 19.533619 1.940703272819519 0.14492644369602203
Cyclist 0.0 0 1.5247528553009033 972.3041381835938 171.7178955078125 991.0917358398438 214.5447540283203 1.0476003 1.6872556 0.6224555 14.905881 1.6428543 29.029522 1.999120831489563 0.19789034128189087
Cyclist 0.0 0 -1.8376846313476562 1080.6148681640625 137.1992645263672 1117.4022216796875 200.00120544433594 0.9212087 1.9084376 0.7298424 15.17492 0.8253124 22.476889 -1.243842601776123 0.11570011079311371
Car 0.0 0 1.980910301208496 199.49107360839844 189.2000274658203 289.0050354003906 231.32119750976562 4.105692 1.4354922 1.6254132 -14.264129 2.1247175 28.30931 1.5141738653182983 0.7809571027755737
Car 0.0 0 1.584067702293396 590.5319213867188 175.18380737304688 611.7646484375 194.9363250732422 3.8750749 1.4994619 1.6253262 -0.70177037 1.6906756 57.16655 1.571792483329773 0.5577481389045715
Car 0.0 0 -0.4985504150390625 944.2392578125 187.0963592529297 1015.6905517578125 211.22341918945312 3.946024 1.5742128 1.8108774 25.136063 2.563872 49.160416 -0.025898220017552376 0.1837693303823471
Car 0.0 0 1.2434109449386597 920.1423950195312 177.27345275878906 991.737060546875 214.8784637451172 3.8996234 1.4639363 1.5513848 14.525437 1.664082 30.588982 1.6867438554763794 0.1782350093126297
Car 0.0 0 -1.0262532234191895 272.54595947265625 162.63987731933594 332.69793701171875 193.88233947753906 3.7240891 1.8249006 1.7000452 -18.751978 1.2286417 44.106834 -1.4282500743865967 0.1293150782585144
