Pedestrian 0.0 0 1.468336582183838 806.5923461914062 178.4549560546875 822.4453125 214.82012939453125 1.624979 1.6867104 0.564688 9.752787 1.9620636 34.574406 1.7432739734649658 0.13386975228786469
Cyclist 0.0 0 1.4700756072998047 806.57470703125 177.8516387939453 822.50830078125 214.35289001464844 1.6424378 1.6933693 0.5691154 9.750761 1.9390924 34.56398 1.74503755569458 0.5073834657669067
Car 0.0 0 -1.831770896911621 823.6845092773438 183.74771118164062 1130.68017578125 375.0 3.5064187 1.5829183 1.659358 3.119728 1.7173384 7.015153 -1.4133225679397583 0.9323476552963257
Car 0.0 0 1.7252854108810425 563.955078125 180.47268676757812 627.4351196289062 226.6088409423828 4.247007 1.5263001 1.7225384 -0.48788184 1.8333473 26.821844 1.7070976495742798 0.909646213054657
Car 0.0 0 1.4909061193466187 728.5574340820312 178.28936767578125 768.7032470703125 214.9959716796875 3.8349497 1.7191246 1.6756458 6.8966136 2.0085728 36.377384 1.6782677173614502 0.9020668268203735
Car 0.0 0 1.7089673280715942 621.3657836914062 182.3336181640625 658.7816162109375 209.28271484375 4.137979 1.490178 1.7075598 1.8339493 2.0924528 43.623535 1.7509829998016357 0.882225751876831
Car 0.0 0 -1.6306670904159546 803.32080078125 192.074951171875 915.9153442382812 300.6627197265625 3.7818587 1.4797713 1.5746058 4.1417227 1.8693142 12.577642 -1.3125576972961426 0.7291872501373291
Car 0.0 0 -2.267669916152954 953.2168579101562 231.859130859375 1242.0 375.0 3.5908406 1.4903576 1.5631775 2.6799593 1.8580238 2.6250343 -1.4719187021255493 0.4335654079914093
Car 0.0 0 1.4262782335281372 636.2334594726562 179.60240173339844 662.0991821289062 201.89825439453125 3.8284638 1.7214803 1.5671422 3.139628 2.2910779 58.882595 1.4795479774475098 0.43355292081832886
Car 0.0 0 1.439261794090271 719.2142944335938 178.5462646484375 754.89501953125 205.93136596679688 3.9668434 1.5456326 1.6065769 7.5902314 1.9056599 43.573463 1.6117252111434937 0.40196871757507324
