Car 0.0 0 -1.7202454805374146 671.4826049804688 179.28880310058594 758.2123413085938 245.51780700683594 4.012331 1.4813744 1.5911891 2.5268297 1.6651363 18.545317 -1.5848277807235718 0.9656801819801331
Car 0.0 0 -1.9576022624969482 799.3660278320312 192.889892578125 1151.804931640625 375.0 3.5128121 1.4160427 1.5220453 2.875114 1.6499827 6.636337 -1.5487746000289917 0.9632755517959595
Car 0.0 0 1.724581003189087 439.6054382324219 180.7730255126953 507.0081787109375 227.05661010742188 3.9358418 1.4449879 1.7264198 -4.725994 1.7438436 25.20051 1.539198637008667 0.9474916458129883
Car 0.0 0 2.130253314971924 0.0 192.2229461669922 311.2919006347656 375.0 3.8028672 1.5238969 1.6067657 -4.4455843 1.7590666 6.8292613 1.553202509880066 0.9424781799316406
Car 0.0 0 -1.8597050905227661 739.189208984375 180.92913818359375 912.541015625 302.4939880371094 3.432727 1.51373 1.5422133 3.0172842 1.655967 10.943232 -1.5906682014465332 0.9050167202949524
Car 0.0 0 0.45781412720680237 196.3017120361328 178.3511199951172 357.882080078125 230.56686401367188 3.9222734 1.4173825 1.4997661 -9.453871 1.5804651 20.554066 0.026715517044067383 0.890975296497345
Car 0.0 0 -1.7014907598495483 660.8665161132812 174.3476104736328 723.5108642578125 225.18251037597656 3.855205 1.6181204 1.6501684 2.7233484 1.6743127 25.024288 -1.59308922290802 0.8358289003372192
Car 0.0 0 1.6471387147903442 476.159912109375 171.70530700683594 519.8860473632812 212.45944213867188 3.7694821 1.6235886 1.554883 -4.744284 1.5781842 30.681334 1.4937227964401245 0.8318765163421631
Car 0.0 0 -1.6965911388397217 646.9181518554688 177.3890380859375 694.0104370117188 212.54421997070312 4.055321 1.4936668 1.6526289 2.6820562 1.7159868 33.24908 -1.6160998344421387 0.7986628413200378
Car 0.0 0 1.7218453884124756 498.3583984375 175.18191528320312 541.5111694335938 210.49945068359375 3.9777644 1.6749169 1.5855402 -4.534011 1.799498 36.490646 1.598227620124817 0.641653299331665
