Pedestrian 0.0 0 -1.1356313228607178 453.0171813964844 178.53070068359375 469.2049865722656 208.04103088378906 0.7845316 1.7596505 0.6939614 -9.039587 2.1071548 43.66006 -1.3397914171218872 0.43186014890670776
Pedestrian 0.0 0 -1.3213508129119873 0.0 126.92034912109375 25.945880889892578 197.42010498046875 0.6345462 1.9863194 0.65934235 -17.35655 0.692504 20.755072 -2.0178112983703613 0.40805235505104065
Pedestrian 0.0 0 -0.31457531452178955 1056.22119140625 77.72696685791016 1183.77392578125 252.15350341796875 1.0111297 1.847865 0.6662721 5.6355176 0.84045243 8.106117 0.29293394088745117 0.32124096155166626
Pedestrian 0.0 0 1.3768291473388672 872.2459716796875 185.35049438476562 908.5780639648438 261.8522033691406 0.73263633 1.5781751 0.5916229 5.936251 1.8529224 15.428454 1.744128942489624 0.21520808339118958
Pedestrian 0.0 0 -0.9337629079818726 127.44976806640625 153.84246826171875 168.0239715576172 217.05642700195312 0.7858541 1.7764344 0.63806516 -13.291921 1.2425315 20.68695 -1.504866600036621 0.1923331618309021
Pedestrian 0.0 0 -3.4549293518066406 836.1912231445312 127.59225463867188 881.3223266601562 207.27774047851562 0.88784665 1.899916 0.61646944 5.9806795 0.8211125 17.515816 -3.125896453857422 0.16840581595897675
Cyclist 0.0 0 1.698302149772644 472.6233215332031 176.3450164794922 488.4657287597656 205.96177673339844 1.7873535 1.722122 0.7115223 -7.752849 1.9353211 43.077595 1.5202343463897705 0.7733404636383057
Car 0.0 0 1.8861432075500488 281.8261413574219 186.88482666015625 458.5862731933594 296.94525146484375 3.8163142 1.451701 1.6276659 -3.7811139 1.7210845 11.917244 1.5789088010787964 0.9585610032081604
Car 0.0 0 -1.6518092155456543 679.3618774414062 175.15737915039062 707.4209594726562 199.6312255859375 3.865364 1.6146631 1.6140121 5.7032194 1.7806638 49.92731 -1.5380717515945435 0.3539726138114929
Car 0.0 0 1.8049390316009521 321.4259948730469 189.12408447265625 424.44451904296875 256.3566589355469 4.2211246 1.4769841 1.6356478 -6.158422 1.9562052 19.065582 1.4925057888031006 0.18928393721580505
Car 0.0 0 -2.328826665878296 491.65008544921875 176.61654663085938 547.8707275390625 202.10842895507812 3.9527452 1.7045627 1.652076 -6.393444 1.9791597 50.695286 -2.4542794227600098 0.17593145370483398
