Pedestrian 0.0 0 -1.7376785278320312 885.9548950195312 143.33267211914062 905.0768432617188 188.46287536621094 0.61979884 1.9450337 0.68099153 12.407545 0.67307353 31.468004 -1.3621035814285278 0.38679757714271545
Pedestrian 0.0 0 -1.6815142631530762 1205.7689208984375 131.27906799316406 1235.9102783203125 198.30593872070312 0.6025242 1.9877751 0.6319754 18.420668 0.7551707 21.821632 -0.9804279804229736 0.2015075385570526
Pedestrian 0.0 0 0.882469117641449 866.8170776367188 136.59652709960938 911.7796020507812 198.4796905517578 1.2582929 1.8951548 0.6783706 8.764786 0.7851372 22.798216 1.2494993209838867 0.17020535469055176
Pedestrian 0.0 0 1.5153207778930664 936.92138671875 183.95907592773438 957.8958740234375 236.3436279296875 0.7059352 1.6398908 0.5710974 10.799358 2.0040727 23.2025 1.950939655303955 0.14679130911827087
Cyclist 0.0 0 0.882469117641449 866.8170776367188 136.59652709960938 911.7796020507812 198.4796905517578 1.2582929 1.8951548 0.6783706 8.764786 0.7851372 22.798216 1.2494993209838867 0.12899522483348846
Car 0.0 0 2.0660340785980225 94.30957794189453 183.0861053466797 279.49658203125 275.78338623046875 3.5643146 1.5471525 1.636022 -8.171842 1.775057 14.240551 1.545069694519043 0.971552312374115
Car 0.0 0 -1.641548752784729 577.3772583007812 177.29493713378906 616.1122436523438 212.43165588378906 4.164456 1.6101959 1.616042 -0.74854666 1.8438427 35.75317 -1.6624822616577148 0.8732510805130005
Car 0.0 0 1.8376476764678955 362.8578796386719 183.1107940673828 432.9570617675781 224.79989624023438 3.9780424 1.454397 1.6298503 -8.222979 1.8835309 28.157663 1.5535156726837158 0.8421400785446167
Car 0.0 0 1.8259799480438232 417.9024963378906 177.92349243164062 481.6596984863281 218.3294677734375 4.417238 1.658591 1.7341101 -7.14296 1.9024704 32.417374 1.6091018915176392 0.24969525635242462
Car 0.0 0 1.8074830770492554 366.3459777832031 178.80377197265625 445.522216796875 232.6804656982422 3.9445856 1.5886195 1.6183271 -6.643468 1.801048 23.714966 1.5343462228775024 0.2112506926059723
