Pedestrian 0.0 0 -2.095334529876709 1000.9046630859375 99.63778686523438 1238.0 374.0 0.6869307 1.6073862 0.64570814 2.1811209 1.2948457 3.1222658 -1.4855690002441406 0.7806239128112793
Pedestrian 0.0 0 -1.362407922744751 545.0175170898438 165.3638458251953 565.6349487304688 210.7705078125 0.8754697 1.6379597 0.5890241 -1.7095358 1.056928 26.385365 -1.4271085262298584 0.7443506121635437
Pedestrian 0.0 0 2.249488115310669 342.5460205078125 135.2147216796875 475.5915222167969 367.30670166015625 0.9514813 1.7437009 0.6038723 -1.6163845 1.3973587 5.951183 1.9842787981033325 0.6995481252670288
Pedestrian 0.0 0 -0.09128452837467194 695.1205444335938 156.0458221435547 723.3565063476562 214.49502563476562 0.8027836 1.7568246 0.5460933 3.2508752 0.992864 21.883741 0.05618906021118164 0.5866726636886597
Pedestrian 0.0 0 -0.5508126020431519 964.417724609375 170.3714141845703 1053.402587890625 330.4604797363281 0.5893793 1.6919945 0.6701395 4.4352393 1.5757362 7.9364514 -0.041204631328582764 0.5214242935180664
Pedestrian 0.0 0 -3.211019515991211 945.5289306640625 117.13579559326172 1068.6956787109375 374.0 0.6623356 1.6135842 0.56835085 2.5923193 1.2254553 4.741412 -2.7106826305389404 0.46984368562698364
Pedestrian 0.0 0 -1.9164830446243286 890.8106689453125 216.08624267578125 980.1312866210938 374.0 0.6409411 1.5962298 0.6682813 3.4339423 1.977118 7.533276 -1.4887861013412476 0.29648804664611816
Pedestrian 0.0 0 -0.01525186002254486 687.0233154296875 150.66017150878906 706.1304321289062 200.7891082763672 0.6706756 1.7801995 0.64900476 3.3996265 0.68605924 25.86815 0.11542057991027832 0.2851974070072174
Pedestrian 0.0 0 2.403130054473877 557.751220703125 157.62254333496094 571.7437133789062 186.39801025390625 0.78588253 1.9266621 0.5405021 -2.468572 0.32861885 48.562763 2.3523411750793457 0.2844794690608978
Pedestrian 0.0 0 0.9952652454376221 970.7794799804688 131.10830688476562 1013.3031616210938 205.15042114257812 0.80598325 1.7780831 0.5708045 9.565708 0.569149 17.67219 1.4913935661315918 0.25518086552619934
Pedestrian 0.0 0 -1.8195099830627441 748.2166748046875 153.48324584960938 771.2640991210938 199.3359832763672 1.0041687 1.6546634 0.59717894 5.7962584 0.6446873 26.431175 -1.6036310195922852 0.2120969593524933
Cyclist 0.0 0 -1.8195099830627441 748.2166748046875 153.48324584960938 771.2640991210938 199.3359832763672 1.0041687 1.6546634 0.59717894 5.7962584 0.6446873 26.431175 -1.6036310195922852 0.12644223868846893
Car 0.0 0 -1.623911738395691 665.0918579101562 154.22987365722656 695.7562255859375 181.51951599121094 3.8776388 1.5923884 1.6501741 4.7888722 0.0019166693 43.89486 -1.5152428150177002 0.5398167967796326
Car 0.0 0 -2.0709123611450195 1120.849609375 202.8582000732422 1238.0 374.0 3.817069 1.4263364 1.5503482 4.6657834 1.6166416 4.2950544 -1.2441655397415161 0.3128434419631958
Car 0.0 0 1.770810604095459 433.2489318847656 138.84323120117188 554.4901123046875 235.7113037109375 4.2579417 1.7568578 1.6979942 -2.1393433 0.98447675 15.201738 1.6309986114501953 0.28499484062194824
