Pedestrian 0.0 0 -1.1156935691833496 325.9750671386719 155.31494140625 348.4442443847656 195.1974334716797 0.8483616 1.8614274 0.69261444 -12.936625 1.0431887 34.127872 -1.4780218601226807 0.471815288066864
Pedestrian 0.0 0 3.271676778793335 426.31451416015625 162.3457794189453 447.35504150390625 199.1455535888672 0.977911 1.8676907 0.6143519 -8.906422 1.3347275 36.974598 3.0353004932403564 0.34293627738952637
Pedestrian 0.0 0 -2.8339340686798096 659.8987426757812 164.6699981689453 675.8388061523438 197.3509063720703 0.6857131 1.77091 0.72096944 3.1395106 1.3277943 39.55907 -2.754737377166748 0.2480446994304657
Cyclist 0.0 0 -1.8874421119689941 814.9810180664062 156.7445068359375 868.01318359375 237.54690551757812 1.9189674 1.8431705 0.6456694 5.505214 1.4760573 17.418964 -1.5813289880752563 0.9095350503921509
Cyclist 0.0 0 1.5094404220581055 534.0968017578125 176.67071533203125 550.0589599609375 218.7629852294922 1.6051309 1.6313912 0.5365974 -2.7757823 1.7893063 28.948261 1.4138449430465698 0.32954156398773193
Car 0.0 0 -1.6184849739074707 577.719482421875 178.2532501220703 665.9513549804688 258.2105407714844 4.4520936 1.559157 1.7652086 0.09408897 1.7009254 16.633696 -1.6128284931182861 0.9290221333503723
Car 0.0 0 2.094719171524048 0.0 141.3185272216797 289.0296325683594 281.5758361816406 4.001832 1.5768293 1.5570086 -6.18687 1.2226527 10.128408 1.5463649034500122 0.3970891237258911
Car 0.0 0 1.4901312589645386 591.4502563476562 167.30274963378906 613.8129272460938 185.40866088867188 3.9655538 1.5199876 1.6210352 -0.69054264 1.0543184 62.61885 1.4791040420532227 0.26586711406707764
Car 0.0 0 -1.7369115352630615 587.865234375 179.07452392578125 627.76318359375 209.2994842529297 3.6176853 1.5396849 1.5971527 -0.20081443 1.8968072 39.461086 -1.7420004606246948 0.24359053373336792
Car 0.0 0 -1.6307101249694824 382.0622863769531 183.1025390625 420.5078125 215.72958374023438 3.7393937 1.4614981 1.5931859 -10.382559 1.9966651 35.621147 -1.9143246412277222 0.17267508804798126
Car 0.0 0 1.383562684059143 488.7742614746094 173.7739715576172 546.0498046875 211.80886840820312 4.023879 1.473684 1.6451184 -3.98608 1.5153494 30.226841 1.2524470090866089 0.17100323736667633
