Pedestrian 0.0 0 0.5704533457756042 546.3933715820312 173.7766876220703 560.9699096679688 200.0963897705078 0.7991314 1.7068251 0.5163647 -3.7176075 1.768121 47.23425 0.4919095039367676 0.45791375637054443
Pedestrian 0.0 0 1.8455357551574707 684.582763671875 167.05642700195312 703.487060546875 200.6868133544922 1.2809155 1.7164946 0.655547 4.3418536 1.4209443 37.5415 1.9606789350509644 0.4180695712566376
Cyclist 0.0 0 1.6959830522537231 535.5916137695312 176.3368377685547 554.4804077148438 217.1199951171875 1.8489099 1.8106314 0.6404957 -3.0104034 1.9754122 33.125698 1.605353832244873 0.7697243690490723
Cyclist 0.0 0 1.8455357551574707 684.582763671875 167.05642700195312 703.487060546875 200.6868133544922 1.2809155 1.7164946 0.655547 4.3418536 1.4209443 37.5415 1.9606789350509644 0.2661260664463043
Car 0.0 0 1.8548742532730103 338.87530517578125 185.1879119873047 453.4581604003906 259.62213134765625 3.8942726 1.5372729 1.6216608 -5.079656 1.8700063 17.493015 1.572264552116394 0.9580256938934326
Car 0.0 0 -1.784651279449463 687.3212890625 175.78656005859375 813.1494140625 270.8384704589844 3.6679053 1.5851622 1.6080002 2.5143166 1.6500273 14.006967 -1.607038140296936 0.9496697783470154
Car 0.0 0 1.7247810363769531 468.736083984375 183.59555053710938 518.9161987304688 218.04847717285156 4.3593836 1.4257888 1.6428097 -5.341987 1.9559498 33.40206 1.5661941766738892 0.8819237947463989
Car 0.0 0 -0.7713029384613037 0.0 211.0840606689453 165.26548767089844 375.0 3.8122282 1.5186284 1.6395603 -4.3657675 1.8267293 3.8629887 -1.6177254915237427 0.6095548868179321
Car 0.0 0 -1.5555833578109741 631.987548828125 177.13027954101562 655.71728515625 200.1239471435547 4.0907974 1.6418734 1.7200575 2.554591 1.9770285 54.393 -1.5086524486541748 0.46481895446777344
Car 0.0 0 1.6638314723968506 676.5908203125 179.49261474609375 708.10546875 207.73123168945312 3.9841936 1.705777 1.6652793 5.3376503 2.1553428 46.70008 1.7776340246200562 0.388818621635437
