Car 0.0 0 -1.7565486431121826 622.0206909179688 177.18771362304688 702.367919921875 240.2722930908203 3.7000976 1.6601804 1.6746607 1.3893919 1.7994564 21.189081 -1.6910712718963623 0.9793842434883118
Car 0.0 0 -1.766835331916809 564.3974609375 178.19215393066406 591.3715209960938 198.2989501953125 3.4521868 1.5536835 1.5411595 -2.6603186 2.0013618 58.59962 -1.8122024536132812 0.7941946387290955
Car 0.0 0 0.671960711479187 0.0 177.21580505371094 235.02964782714844 334.888671875 4.053315 1.5789497 1.6969241 -6.7684503 1.6340404 8.161628 -0.020393414422869682 0.7354450225830078
Car 0.0 0 -1.4812026023864746 322.2989501953125 176.43540954589844 414.9290466308594 277.150390625 3.8900871 1.9036943 1.5740136 -5.2224994 1.9930559 15.855822 -1.7993857860565186 0.615119218826294
Car 0.0 0 3.399946451187134 257.9176940917969 177.47573852539062 395.9192810058594 230.93914794921875 3.646428 1.5466249 1.5440967 -8.590612 1.6942394 22.012726 3.027867555618286 0.40712836384773254
Car 0.0 0 3.3458075523376465 333.15716552734375 184.98587036132812 458.0086975097656 227.7720489501953 4.2658625 1.5206071 1.6683285 -8.045928 1.9956577 27.22088 3.0584113597869873 0.37422022223472595
Car 0.0 0 3.2903079986572266 374.1479797363281 178.9108428955078 450.36614990234375 210.91163635253906 3.541682 1.5668492 1.6153845 -10.0481 1.8839575 36.719772 3.0232040882110596 0.3695833384990692
Car 0.0 0 -2.206603765487671 623.4664916992188 175.0147247314453 674.93310546875 200.5415496826172 3.4592001 1.5752317 1.5780101 2.4709735 1.7211272 46.718784 -2.1537625789642334 0.35946378111839294
Car 0.0 0 3.4598822593688965 303.0491638183594 174.08445739746094 423.7267761230469 221.87777709960938 3.5593014 1.5654125 1.5815941 -8.345468 1.6089029 24.481014 3.1313412189483643 0.2830118238925934
Car 0.0 0 3.2832818031311035 399.982177734375 167.2529296875 482.825927734375 200.50070190429688 4.4214797 1.8579768 1.789502 -9.647219 1.545332 41.402725 3.0543572902679443 0.2646045386791229
