Pedestrian 0.0 0 -0.6535050868988037 1042.931396484375 166.767822265625 1109.8448486328125 280.29510498046875 0.6505315 1.702556 0.5760671 7.132379 1.6116402 11.132295 -0.08370064198970795 0.23460206389427185
Pedestrian 0.0 0 -0.7150360345840454 1018.3345947265625 154.07122802734375 1080.0953369140625 246.37283325195312 0.8476965 1.7086198 0.5519694 8.279927 1.3612845 13.698045 -0.17134319245815277 0.15455272793769836
Cyclist 0.0 0 -0.6356900930404663 1034.732421875 162.62391662597656 1120.015869140625 281.0000305175781 0.9508451 1.7731494 0.5702132 7.137051 1.6202714 11.120563 -0.0651090070605278 0.1600332409143448
Cyclist 0.0 0 -0.6770579218864441 1015.3310546875 147.45516967773438 1096.6453857421875 244.78408813476562 1.221259 1.7940814 0.572304 8.380972 1.326258 13.658502 -0.12669230997562408 0.15454404056072235
Car 0.0 0 2.1302762031555176 20.503238677978516 184.51144409179688 261.80908203125 289.7283020019531 4.359026 1.6104553 1.7562659 -8.593545 1.8674908 13.704275 1.570189356803894 0.9325438737869263
Car 0.0 0 -1.6235032081604004 587.1822509765625 173.90093994140625 616.1282958984375 199.6864776611328 4.3403196 1.6609383 1.7256569 -0.6375952 1.7354434 48.876675 -1.6365474462509155 0.7721927165985107
Car 0.0 0 1.8843412399291992 443.9414978027344 172.0576934814453 490.09698486328125 198.1452178955078 4.2550864 1.6072955 1.6988144 -9.214826 1.558592 46.6655 1.689383864402771 0.7636871933937073
Car 0.0 0 1.7542588710784912 395.4561462402344 182.13278198242188 455.2414855957031 222.33299255371094 3.946316 1.4074942 1.568855 -7.179676 1.7966794 28.212906 1.5050663948059082 0.34918448328971863
Car 0.0 0 1.8565419912338257 349.4109802246094 173.89157104492188 436.4407043457031 223.63516235351562 4.01865 1.4986099 1.6808528 -7.0943217 1.536134 23.831074 1.5672038793563843 0.33660492300987244
Car 0.0 0 1.992466926574707 213.78671264648438 168.21534729003906 316.4278564453125 227.6103515625 4.151015 1.8965483 1.6643292 -11.90865 1.7487891 25.129175 1.5499186515808105 0.3114376664161682
