Pedestrian 0.0 0 -1.7117068767547607 721.243408203125 170.53829956054688 737.814697265625 208.4818115234375 0.7211976 1.7476349 0.6654194 5.5227556 1.6413347 33.598293 -1.5487877130508423 0.4250030517578125
Pedestrian 0.0 0 -1.6380828619003296 947.047607421875 181.2761688232422 966.7833862304688 232.56890869140625 0.7778068 1.6082902 0.51974785 11.11784 1.8851591 23.22885 -1.1916834115982056 0.2361334264278412
Cyclist 0.0 0 -0.5151717662811279 925.5874633789062 169.24229431152344 956.9185791015625 197.9456329345703 1.8129518 1.8544732 0.56037307 21.529802 1.6214848 46.97104 -0.08538465946912766 0.42141827940940857
Car 0.0 0 2.015636444091797 182.5895538330078 193.86436462402344 314.6199645996094 259.6307373046875 3.9317036 1.4707955 1.6230026 -9.572313 2.092952 19.373981 1.5567353963851929 0.9482313990592957
Car 0.0 0 -1.6406363248825073 600.4085693359375 177.2708740234375 631.427978515625 203.870849609375 4.3802576 1.6067579 1.6906826 0.30471426 1.9058828 46.56428 -1.6340924501419067 0.8138730525970459
Car 0.0 0 2.0005757808685303 265.3188781738281 187.8468017578125 347.06280517578125 228.39125061035156 3.7824237 1.4397146 1.5888002 -12.128432 2.0815551 28.952534 1.6038769483566284 0.8016812205314636
Car 0.0 0 1.6873589754104614 467.2060852050781 182.96556091308594 495.0984191894531 202.80963134765625 4.2602167 1.4954454 1.7545296 -10.477364 2.3499916 58.771385 1.510939121246338 0.7893053889274597
Car 0.0 0 2.1561481952667236 182.87490844726562 175.68946838378906 267.954345703125 212.93600463867188 3.3746958 1.4104358 1.4243323 -15.584097 1.5329535 29.334736 1.667813777923584 0.27134010195732117
Car 0.0 0 -1.3940492868423462 463.3162536621094 173.0233154296875 505.66387939453125 202.99119567871094 3.6760926 1.5144266 1.5953579 -6.649291 1.52421 38.32294 -1.5658457279205322 0.2689100503921509
Car 0.0 0 -1.1275039911270142 918.4959716796875 168.80276489257812 966.0481567382812 194.4232940673828 3.282215 1.6426681 1.6192751 22.058113 1.3832804 47.932564 -0.6962080001831055 0.23333001136779785
