Pedestrian 0.0 0 2.168724775314331 162.25665283203125 167.06979370117188 282.2133483886719 342.9211120605469 0.932446 1.7393469 0.7263851 -4.029809 1.5979863 7.605937 1.681503415107727 0.9049254059791565
Pedestrian 0.0 0 1.2591371536254883 761.5907592773438 167.52816772460938 798.1434326171875 245.79559326171875 0.6888427 1.6335009 0.5724687 3.7687588 1.343133 15.353433 1.4998447895050049 0.7267780900001526
Pedestrian 0.0 0 -1.960776686668396 732.0736694335938 165.4585723876953 767.4789428710938 234.62640380859375 0.9552569 1.7774744 0.5953597 3.8781643 1.3664175 18.982092 -1.7592437267303467 0.6138936877250671
Pedestrian 0.0 0 -0.5142948627471924 661.68798828125 168.42156982421875 697.3162841796875 231.67543029785156 0.7333682 1.6483089 0.6199527 2.045717 1.3086746 19.146208 -0.40785157680511475 0.5108726024627686
Pedestrian 0.0 0 0.001278609037399292 531.1136474609375 175.94815063476562 545.6383666992188 203.76434326171875 0.9293918 1.7849406 0.5076354 -4.063969 1.4293888 46.38517 -0.08611178398132324 0.4744561016559601
Pedestrian 0.0 0 -0.47945594787597656 834.024658203125 136.33810424804688 874.0164794921875 225.61314392089844 0.54782194 1.7261138 0.5608135 4.9493856 0.8541715 14.203086 -0.1441425085067749 0.45199111104011536
Pedestrian 0.0 0 -1.720894694328308 668.2789916992188 154.89503479003906 743.3133544921875 324.88812255859375 0.96702635 1.7464172 0.66710865 1.069809 1.4744564 7.865605 -1.5857131481170654 0.4313246011734009
Pedestrian 0.0 0 -1.7508575916290283 415.30145263671875 170.29856872558594 442.86956787109375 230.65963745117188 0.7986384 1.7685999 0.6703401 -5.202863 1.4415262 21.545704 -1.9878017902374268 0.4294207990169525
Pedestrian 0.0 0 2.315701961517334 908.8007202148438 145.42466735839844 983.9534912109375 280.8069763183594 0.70371073 1.7713201 0.6100428 4.6587067 1.3006462 9.810277 2.7590525150299072 0.3789832592010498
Pedestrian 0.0 0 1.0146266222000122 813.6514892578125 143.64959716796875 866.6229858398438 254.38601684570312 0.72011 1.8247614 0.55967003 4.0193224 1.202335 12.2505045 1.3316547870635986 0.31993767619132996
Pedestrian 0.0 0 1.6859289407730103 731.8526611328125 162.85267639160156 749.4734497070312 207.221923828125 0.6169556 1.6991847 0.60578334 5.3899775 0.98608065 27.892473 1.8768173456192017 0.29844236373901367
Pedestrian 0.0 0 3.366802453994751 159.18710327148438 211.12261962890625 215.6322784423828 333.7610168457031 0.57982904 1.6318156 0.548561 -5.8376207 2.0628874 10.071127 2.8414885997772217 0.2959640324115753
Pedestrian 0.0 0 2.8914079666137695 752.108642578125 165.58944702148438 774.5545043945312 211.89981079101562 0.6880352 1.6619809 0.51010674 5.8441963 1.0920362 26.04198 3.1121649742126465 0.26787319779396057
Pedestrian 0.0 0 -0.2999953627586365 543.0377807617188 183.5303192138672 559.5364379882812 211.65623474121094 0.91393864 1.7703707 0.58911264 -3.1860924 1.9015374 45.71541 -0.36957690119743347 0.24350005388259888
Cyclist 0.0 0 1.8409695625305176 228.62393188476562 165.82583618164062 359.986572265625 374.0 1.6183643 1.6966267 0.54043025 -2.4047186 1.5923036 5.6803503 1.440505862236023 0.8826812505722046
Cyclist 0.0 0 1.9771820306777954 367.6926574707031 165.9165496826172 459.2691345214844 294.1532897949219 1.7519187 1.7741891 0.705478 -2.8330157 1.5599085 10.85481 1.7218852043151855 0.8473009467124939
Cyclist 0.0 0 1.2352259159088135 911.4107666015625 145.92755126953125 986.46923828125 282.52593994140625 1.1357569 1.7569758 0.57620335 4.6813817 1.300763 9.83266 1.6795756816864014 0.15074749290943146
Cyclist 0.0 0 -1.719290852546692 668.546875 154.2097930908203 744.1566162109375 326.3675231933594 1.0404848 1.7544109 0.6601794 1.0702754 1.4776692 7.8421774 -1.5836520195007324 0.14353463053703308
Cyclist 0.0 0 1.0146266222000122 813.6514892578125 143.64959716796875 866.6229858398438 254.38601684570312 0.72011 1.8247614 0.55967003 4.0193224 1.202335 12.2505045 1.3316547870635986 0.12241207808256149
Cyclist 0.0 0 -0.04733052849769592 532.3480224609375 175.27818298339844 547.9360961914062 203.5626678466797 0.97869825 1.81365 0.52450734 -3.952249 1.4154032 46.382793 -0.13233457505702972 0.100406713783741
Cyclist 0.0 0 -1.7027950286865234 416.15966796875 171.35757446289062 441.0462341308594 229.41355895996094 0.74366796 1.7024349 0.6310476 -5.2114325 1.4061501 21.522552 -1.9403607845306396 0.10006169974803925
Car 0.0 0 1.6810778379440308 490.494384765625 170.8477783203125 534.076171875 209.97445678710938 4.7431083 2.0540235 1.9025358 -4.9048514 1.495665 40.08993 1.5593366622924805 0.8973398804664612
