Cyclist 0.0 0 1.7316352128982544 464.4926452636719 174.1993865966797 496.91046142578125 244.30528259277344 1.7431289 1.7294493 0.55900955 -3.3814952 1.7663279 18.70703 1.5528055429458618 0.9258498549461365
Car 0.0 0 -1.7055619955062866 629.0266723632812 180.14112854003906 684.8834838867188 220.84690856933594 4.14853 1.4278301 1.6167396 1.7147512 1.7344841 28.196913 -1.6448233127593994 0.966991662979126
Car 0.0 0 -0.46912842988967896 785.3737182617188 189.61920166015625 1069.0687255859375 285.40997314453125 4.2648067 1.5009254 1.6219873 5.3524704 1.815964 12.588293 -0.06709322333335876 0.9321862459182739
Car 0.0 0 3.7546122074127197 0.0 183.047119140625 238.99908447265625 328.6540222167969 4.0174 1.5045336 1.6215401 -6.8738403 1.6386517 8.525099 3.076037883758545 0.9317190051078796
Car 0.0 0 -2.823481559753418 296.6418151855469 182.45387268066406 451.40240478515625 232.95199584960938 4.2155576 1.4748938 1.7130827 -7.237696 1.7830133 22.264414 -3.137784957885742 0.900697648525238
Car 0.0 0 -0.7709634900093079 1016.7333984375 194.1177978515625 1242.0 375.0 3.7720058 1.5520068 1.5855209 6.354926 1.7926269 7.260335 -0.05196716636419296 0.8845980763435364
Car 0.0 0 -0.40016111731529236 781.9152221679688 170.71583557128906 1008.9122924804688 248.2235107421875 4.122098 1.522276 1.5213716 5.773289 1.4806396 14.996081 -0.032663993537425995 0.8659394979476929
Car 0.0 0 2.5308773517608643 857.9298095703125 180.82545471191406 1238.761474609375 324.4299011230469 4.200623 1.7134346 1.6874994 5.683705 1.8325353 9.732069 3.059462547302246 0.8594732284545898
Car 0.0 0 3.3735976219177246 344.0604553222656 184.26625061035156 472.27984619140625 229.3639678955078 4.002308 1.4705082 1.5036975 -6.901954 1.8759125 24.775597 3.101907253265381 0.761224091053009
Car 0.0 0 -0.8229036927223206 1152.26318359375 195.1801300048828 1242.0 375.0 4.0016785 1.4713175 1.5967377 6.07657 1.6454005 4.622153 0.09760928153991699 0.7097024917602539
Car 0.0 0 -2.5770084857940674 0.0 153.7636260986328 318.7084045410156 282.146484375 3.9478776 1.8149055 1.7440737 -6.8577404 1.545389 11.090683 -3.1307995319366455 0.704620361328125
