Pedestrian 0.0 0 -3.232020854949951 847.2631225585938 194.4652862548828 867.9757080078125 232.510986328125 0.86686367 1.7617476 0.7797273 11.773455 2.8080578 34.437134 -2.9025957584381104 0.4329589009284973
Pedestrian 0.0 0 1.0793733596801758 716.7491455078125 198.92996215820312 742.7037353515625 242.77854919433594 0.8775474 1.7484287 0.7342087 4.920999 2.8500662 29.936583 1.2422970533370972 0.420608788728714
Pedestrian 0.0 0 -0.8580477237701416 897.995849609375 197.48988342285156 934.2293090820312 236.57496643066406 1.6613365 1.7992668 0.68801904 14.702615 3.0089483 34.74037 -0.4576907753944397 0.26771533489227295
Pedestrian 0.0 0 -2.4340782165527344 868.4296875 168.47821044921875 899.7520751953125 208.27804565429688 1.1206692 1.7676142 0.73121536 12.379778 1.5736316 32.709713 -2.072265386581421 0.2652387320995331
Pedestrian 0.0 0 -2.2192001342773438 1200.002685546875 169.1681365966797 1242.0 247.3291778564453 0.62239516 1.747425 0.57593787 13.945374 1.6653794 16.454937 -1.516165852546692 0.23358015716075897
Pedestrian 0.0 0 -2.3411061763763428 1082.398193359375 201.97195434570312 1242.0 375.0 0.7208982 1.6482054 0.6105848 3.6748538 1.8601854 4.8464036 -1.6923370361328125 0.23285546898841858
Pedestrian 0.0 0 0.7819607853889465 1055.908203125 183.8370361328125 1106.71923828125 256.4161682128906 0.8132773 1.7922285 0.7227844 11.981521 2.0803988 18.43156 1.3583743572235107 0.1824827343225479
Pedestrian 0.0 0 1.3797882795333862 836.6358032226562 171.4642791748047 857.9173583984375 215.7652130126953 0.910943 1.8586439 0.70022976 10.069556 1.8006957 30.76499 1.6961041688919067 0.17950038611888885
Pedestrian 0.0 0 -0.8884471654891968 339.7054138183594 157.0277099609375 394.991943359375 261.4409484863281 0.63531524 1.7728946 0.6695822 -4.304556 1.5045283 12.662826 -1.2161287069320679 0.1705029457807541
Pedestrian 0.0 0 2.28135347366333 899.7664184570312 137.0097198486328 995.8313598632812 238.78744506835938 1.8186666 1.8736825 0.6589013 6.488441 1.2141631 13.955542 2.7165589332580566 0.14117644727230072
Cyclist 0.0 0 -0.8132848739624023 897.1432495117188 198.56796264648438 935.7145385742188 238.46560668945312 1.7667335 1.835908 0.6820725 14.710976 3.0976422 34.72504 -0.41256529092788696 0.339688241481781
Cyclist 0.0 0 2.28135347366333 899.7664184570312 137.0097198486328 995.8313598632812 238.78744506835938 1.8186666 1.8736825 0.6589013 6.488441 1.2141631 13.955542 2.7165589332580566 0.2615799009799957
Cyclist 0.0 0 1.9224660396575928 428.1340637207031 158.51174926757812 463.4230651855469 211.3411102294922 1.8338028 1.6937313 0.55288196 -5.5037365 1.2342709 24.074568 1.697716236114502 0.24061961472034454
Cyclist 0.0 0 -0.07596543431282043 717.3966064453125 198.82261657714844 740.4353637695312 242.396484375 0.88583076 1.7519388 0.7647319 4.884237 2.8445215 29.925787 0.08581972122192383 0.1362587958574295
Cyclist 0.0 0 -2.4156227111816406 868.5079956054688 168.27700805664062 900.5917358398438 209.1254119873047 1.1631408 1.81067 0.73380226 12.383097 1.6081448 32.66597 -2.0532777309417725 0.1153566986322403
Car 0.0 0 1.6967304944992065 547.6478271484375 204.22958374023438 591.564208984375 242.27574157714844 3.703582 1.6177137 1.7206124 -1.9841528 3.2548957 35.73119 1.6412575244903564 0.8597383499145508
Car 0.0 0 1.7597213983535767 486.8828125 206.6026611328125 541.0443115234375 250.98602294921875 3.4578857 1.6296813 1.684626 -4.099574 3.1614275 30.963606 1.6280872821807861 0.41004350781440735
Car 0.0 0 1.558911919593811 700.8787841796875 185.6146697998047 728.65478515625 211.89248657226562 4.1001587 1.4948162 1.6469364 6.509255 2.3335202 45.260517 1.7017500400543213 0.2736787796020508
Car 0.0 0 -1.1036165952682495 327.39599609375 143.96388244628906 444.440673828125 210.9999237060547 3.9739473 1.7455055 1.6073035 -6.3845034 0.9936136 20.879372 -1.400368094444275 0.2005108743906021
Car 0.0 0 -1.6092617511749268 1120.9320068359375 176.4821014404297 1211.4842529296875 244.93035888671875 3.458991 1.5596734 1.6904681 14.126801 1.6628327 18.540852 -0.9581701755523682 0.20045995712280273
Car 0.0 0 0.6108020544052124 1113.8916015625 0.0 1242.0 375.0 3.7440107 1.5531579 1.580141 3.3897338 1.3431809 2.0590172 1.6357355117797852 0.17194446921348572
