Pedestrian 0.0 0 3.2109146118164062 388.15057373046875 162.6041259765625 435.9088439941406 251.445068359375 0.93086004 1.8234879 0.6740351 -4.1028333 1.4577943 14.929751 2.942725658416748 0.6616495251655579
Pedestrian 0.0 0 1.6088451147079468 380.3447265625 168.7947235107422 398.12457275390625 217.66763305664062 0.655401 1.8039079 0.61418104 -8.105671 1.3733802 26.487734 1.3118782043457031 0.49915069341659546
Pedestrian 0.0 0 -1.3352696895599365 389.2817077636719 157.823486328125 401.35235595703125 187.9482879638672 0.56308264 2.0383542 0.67591274 -14.2719345 0.50529253 48.135498 -1.6235077381134033 0.23118135333061218
Pedestrian 0.0 0 2.8403656482696533 695.5202026367188 133.9783172607422 738.7118530273438 230.26388549804688 0.68672246 1.8034694 0.5418898 2.10099 0.9337349 13.556806 2.994119167327881 0.19706200063228607
Pedestrian 0.0 0 -2.3404808044433594 1096.73681640625 35.06110382080078 1224.0 362.5602722167969 0.7392888 1.6946754 0.5628335 3.3134043 0.9438141 4.045527 -1.654244065284729 0.16971367597579956
Pedestrian 0.0 0 -2.2068557739257812 478.49658203125 169.21897888183594 490.61279296875 191.69717407226562 0.7814366 1.7596977 0.5953875 -9.500115 0.8778099 55.83157 -2.3753981590270996 0.13488201797008514
Pedestrian 0.0 0 2.3555185794830322 765.6953125 114.23983001708984 851.1487426757812 254.96615600585938 0.96914023 1.7722819 0.57572246 2.653126 0.9394902 9.387434 2.630959987640381 0.1146015003323555
Pedestrian 0.0 0 1.747434139251709 717.7568359375 123.54963684082031 759.901123046875 230.9004669189453 0.71422267 1.7898533 0.60239893 2.2769024 0.8419738 12.224053 1.9315879344940186 0.11062005162239075
Pedestrian 0.0 0 0.13060185313224792 749.0744018554688 115.75312805175781 810.4705810546875 244.1519317626953 0.82920974 1.8573557 0.6016209 2.5935838 0.9224229 10.653076 0.3694145679473877 0.10558514297008514
Pedestrian 0.0 0 -0.15410754084587097 818.7965087890625 109.73604583740234 889.084228515625 269.3634948730469 0.66928977 1.752172 0.62656486 2.7937033 0.9771097 8.123386 0.17713046073913574 0.10555531829595566
Pedestrian 0.0 0 -2.8177952766418457 367.7346496582031 181.0663604736328 386.1553955078125 217.46755981445312 0.6509795 1.6225594 0.54095984 -10.272216 1.6497107 31.793846 -3.1302969455718994 0.10055529326200485
Cyclist 0.0 0 1.1177887916564941 807.1688842773438 109.59650421142578 901.3495483398438 276.0140075683594 1.1019701 1.7712095 0.5877123 2.7744586 1.0182616 8.103167 1.4476697444915771 0.10007697343826294
Car 0.0 0 -1.7941617965698242 597.462158203125 170.19070434570312 648.9420166015625 203.58058166503906 3.809318 1.4446075 1.5557493 0.7591258 1.0000517 32.606663 -1.77088463306427 0.1512386053800583
Car 0.0 0 1.6701022386550903 403.4555969238281 174.7246856689453 446.0208740234375 208.63551330566406 3.8261201 1.5199149 1.5952163 -8.548201 1.2625237 33.695965 1.4216572046279907 0.14003846049308777
Car 0.0 0 -1.6478490829467773 532.5155639648438 162.6663360595703 574.9420776367188 205.88418579101562 4.197652 1.8533239 1.6131111 -2.4347694 1.0900344 32.51229 -1.7225972414016724 0.1330210566520691
