Pedestrian 0.0 0 2.1107356548309326 108.0539779663086 174.17971801757812 131.33970642089844 211.7632293701172 0.853939 1.8994318 0.6386179 -25.132969 1.9684818 36.939007 1.5132917165756226 0.25342872738838196
Pedestrian 0.0 0 1.3635915517807007 846.5319213867188 175.1365203857422 874.7621459960938 240.1770477294922 0.5585342 1.6084465 0.5675673 6.2597365 1.6672965 18.17508 1.6952805519104004 0.15300552546977997
Pedestrian 0.0 0 -0.515528678894043 0.0 181.3599853515625 21.7676944732666 223.00697326660156 0.72522396 1.8267938 0.722279 -27.01643 2.2134972 32.303432 -1.2120347023010254 0.14316827058792114
Pedestrian 0.0 0 2.2093381881713867 93.25370788574219 173.07603454589844 129.1743621826172 214.35504150390625 1.2755113 1.7730856 0.66849643 -21.902721 1.7833822 31.645401 1.6039140224456787 0.11250820010900497
Pedestrian 0.0 0 1.0706260204315186 1040.3001708984375 143.25144958496094 1074.426025390625 205.1585693359375 0.6498179 1.763328 0.6008987 12.898335 0.92050326 20.8895 1.623781681060791 0.10557501018047333
Car 0.0 0 -1.6047630310058594 581.73095703125 177.7836456298828 611.3369750976562 204.40306091308594 3.8799667 1.4700114 1.6063327 -0.86699915 1.7746782 42.557297 -1.62513267993927 0.544925332069397
Car 0.0 0 1.7445951700210571 401.8460998535156 182.3046875 459.30364990234375 223.81419372558594 3.6640263 1.4601415 1.5616194 -6.9601245 1.8534441 28.116228 1.5019253492355347 0.17084337770938873
Car 0.0 0 0.9627566337585449 88.99512481689453 163.01649475097656 194.06922912597656 198.26588439941406 4.216863 1.4341393 1.6631869 -20.117962 1.0342536 30.917404 0.38588929176330566 0.14081062376499176
Car 0.0 0 -3.2257328033447266 1122.420654296875 177.73353576660156 1242.0 230.4167938232422 4.145958 1.3769244 1.460134 17.398815 1.5311768 20.969719 -2.5331358909606934 0.11424850672483444
Car 0.0 0 1.4917725324630737 633.0066528320312 183.46302795410156 671.8980712890625 215.3610382080078 4.054809 1.4460448 1.615888 2.032972 2.0074947 36.11279 1.5480082035064697 0.10280942916870117
