Pedestrian 0.0 0 2.589130401611328 813.04736328125 102.91632080078125 928.3427734375 286.4295654296875 0.96051764 1.7778329 0.53775275 2.680711 1.0179039 7.315888 2.9403605461120605 0.2817807197570801
Car 0.0 0 -1.1954386234283447 544.0166625976562 174.21685791015625 607.163330078125 208.21490478515625 3.821753 1.4523628 1.5861369 -1.1229962 1.1422025 32.75004 -1.22971510887146 0.9469908475875854
Car 0.0 0 -0.48592737317085266 345.38641357421875 173.82244873046875 482.3963623046875 220.74520874023438 4.2806115 1.4786582 1.6541976 -6.390626 1.2378234 24.687168 -0.7392313480377197 0.8727927207946777
Car 0.0 0 1.6008373498916626 586.9752807617188 168.4690399169922 609.9225463867188 191.47341918945312 4.153293 1.5966502 1.5377272 -0.1672625 0.69286084 51.950912 1.597617745399475 0.44818514585494995
Car 0.0 0 -0.9775082468986511 324.8621520996094 180.80979919433594 393.3442687988281 209.77243041992188 3.8286602 1.453895 1.5715361 -12.784193 1.4201244 38.11157 -1.3011547327041626 0.43421611189842224
Car 0.0 0 0.058402419090270996 0.0 155.08197021484375 108.9655532836914 196.6559600830078 3.664664 1.6417007 1.6467389 -22.86041 0.5994958 30.068825 -0.5916388630867004 0.3630615472793579
Car 0.0 0 2.887880802154541 86.18685913085938 180.2837677001953 176.3096466064453 207.94015502929688 4.1164923 1.5370193 1.7095658 -27.442995 1.4702383 42.016724 2.309298276901245 0.30522850155830383
Car 0.0 0 -0.20994096994400024 0.0 167.29983520507812 118.87324523925781 204.61875915527344 4.246306 1.5471638 1.6438236 -24.186316 0.9594386 31.92204 -0.8583316802978516 0.28773796558380127
Car 0.0 0 3.38852596282959 0.0 184.36648559570312 83.0839614868164 219.95176696777344 3.602599 1.5620695 1.7003044 -26.418167 1.701864 33.28876 2.717695713043213 0.26912999153137207
Car 0.0 0 -1.5804197788238525 561.4944458007812 167.39151000976562 582.955322265625 186.67420959472656 4.286209 1.5163724 1.6877327 -2.383186 0.40742493 58.66933 -1.6210180521011353 0.21851477026939392
