Pedestrian 0.0 0 1.224836826324463 808.5827026367188 162.38931274414062 835.43115234375 215.28387451171875 0.879869 1.8743179 0.6689017 7.59583 1.50386 26.02474 1.5088179111480713 0.6879125237464905
Pedestrian 0.0 0 -3.031970500946045 796.2175903320312 177.99514770507812 814.910888671875 213.90573120117188 0.8160949 1.7441922 0.7492103 9.636678 2.0023656 35.68279 -2.768198013305664 0.3808583915233612
Pedestrian 0.0 0 1.211963176727295 932.027587890625 134.12326049804688 964.6893310546875 197.4695587158203 0.8360691 1.913175 0.65793544 10.370177 0.74379325 22.231312 1.6484265327453613 0.26992955803871155
Pedestrian 0.0 0 -0.20120179653167725 34.57013702392578 187.4718475341797 53.50223922729492 217.03334045410156 0.77220744 1.6965963 0.59105456 -33.272076 2.5653088 42.37368 -0.8668568134307861 0.22657936811447144
Pedestrian 0.0 0 0.6837414503097534 1030.9483642578125 171.7716522216797 1087.634521484375 254.7393035888672 0.8517972 1.7173827 0.58313364 9.547562 1.6953367 15.430477 1.2378315925598145 0.20011326670646667
Cyclist 0.0 0 -1.917832851409912 770.2803344726562 175.55662536621094 787.7297973632812 207.81248474121094 1.6504939 1.7087216 0.38209274 9.137609 1.8590851 39.203114 -1.6888376474380493 0.22779689729213715
Cyclist 0.0 0 -2.9029669761657715 794.2459106445312 178.0675048828125 815.14990234375 213.74139404296875 0.8474607 1.730938 0.7428029 9.595266 1.9930285 35.69114 -2.6403350830078125 0.19802981615066528
Car 0.0 0 -1.615566372871399 595.1878051757812 177.04319763183594 624.9968872070312 204.68846130371094 4.10928 1.6502718 1.7009219 -0.06760202 1.9286717 45.79484 -1.6170425415039062 0.7427394390106201
Car 0.0 0 1.8404608964920044 395.13543701171875 184.12864685058594 439.6502990722656 209.6605682373047 4.043313 1.4312887 1.6204865 -11.788074 2.1551092 44.26711 1.580206274986267 0.6060984134674072
Car 0.0 0 1.7197301387786865 453.9505615234375 181.53904724121094 490.5467224121094 207.91561889648438 3.9849148 1.4999776 1.6392199 -8.455656 2.0589771 44.384995 1.5314788818359375 0.5954521298408508
Car 0.0 0 1.6862025260925293 502.2766418457031 179.7835693359375 523.8611450195312 196.63063049316406 3.6969168 1.5006149 1.5928205 -9.080637 2.1686995 67.66138 1.5527925491333008 0.2703683078289032
Car 0.0 0 1.3214378356933594 625.8513793945312 174.0838623046875 652.3079833984375 190.1517791748047 3.8834875 1.4690372 1.5903524 2.7047324 1.5894157 68.34601 1.360991358757019 0.2467735856771469
Car 0.0 0 1.8949472904205322 284.0234069824219 177.37484741210938 408.91912841796875 251.1494903564453 4.4006023 1.6649767 1.7183468 -6.7127233 1.7968401 18.76935 1.5514799356460571 0.19284000992774963
