Pedestrian 0.0 0 2.122283935546875 0.0 145.14303588867188 64.90924072265625 285.04052734375 0.58721805 1.7898751 0.6571904 -7.820186 1.4356936 9.563609 1.4368417263031006 0.15681493282318115
Pedestrian 0.0 0 1.4337148666381836 748.4066772460938 137.84677124023438 784.0538940429688 210.1487274169922 1.0502888 1.8467721 0.7767787 4.0481586 0.9529581 18.979218 1.643860101699829 0.12471253424882889
Pedestrian 0.0 0 -3.1010050773620605 675.0108642578125 163.68785095214844 691.529052734375 194.98260498046875 0.9751825 1.8825098 0.5577593 4.411741 1.3314857 43.745426 -3.0004944801330566 0.1149633526802063
Pedestrian 0.0 0 0.8630937337875366 965.88525390625 92.8805160522461 1127.2811279296875 375.0 0.70597756 1.7600179 0.5526602 2.6970255 1.2936938 4.6040545 1.3930017948150635 0.10768625140190125
Car 0.0 0 1.8418840169906616 279.37750244140625 174.86181640625 458.2936706542969 305.30975341796875 4.163894 1.7308838 1.6540955 -3.7179673 1.7698064 11.746087 1.5353336334228516 0.9533067941665649
Car 0.0 0 2.079843282699585 0.0 207.20718383789062 333.5347595214844 375.0 3.6354113 1.4070758 1.5506059 -3.7070234 1.7767534 5.8987017 1.5187687873840332 0.9302400350570679
Car 0.0 0 1.5976070165634155 498.4409484863281 184.03350830078125 546.3355712890625 226.57176208496094 4.250033 1.4783534 1.7345343 -3.4341683 1.9531981 28.424484 1.4773725271224976 0.8567501902580261
Car 0.0 0 -0.19675283133983612 664.0057373046875 177.53329467773438 761.1141357421875 212.7845001220703 3.9563446 1.486304 1.7042888 4.408015 1.6981488 31.642076 -0.05833502113819122 0.15212467312812805
Car 0.0 0 -1.1805027723312378 285.5361022949219 148.6836395263672 348.33087158203125 192.9051513671875 4.630569 2.4550824 1.7875922 -17.146355 1.1135544 42.375904 -1.5649899244308472 0.1295739859342575
Car 0.0 0 -1.616212248802185 669.4447021484375 160.6429901123047 698.37255859375 189.0126190185547 3.737976 1.7119635 1.6368612 4.585379 0.9754489 45.449615 -1.5156631469726562 0.12435416877269745
Car 0.0 0 1.8992456197738647 626.4249267578125 178.0621795654297 673.1776123046875 204.88661193847656 4.205535 1.5781289 1.6836194 2.535982 1.9239408 45.59116 1.95481276512146 0.11292466521263123
