Pedestrian 0.0 0 1.6354436874389648 255.74508666992188 144.87059020996094 285.37335205078125 211.81507873535156 0.92175055 1.867457 0.71250546 -9.767882 1.0872009 20.684568 1.1942574977874756 0.4705173373222351
Pedestrian 0.0 0 1.3763628005981445 1202.72607421875 122.10719299316406 1233.000244140625 186.77450561523438 0.4610456 1.9346571 0.6259304 18.42906 0.416819 21.936602 2.0750844478607178 0.347330778837204
Pedestrian 0.0 0 1.8146495819091797 313.90509033203125 158.92332458496094 349.5592041015625 217.29513549804688 1.186906 1.8535616 0.8255293 -9.112848 1.4115592 23.549654 1.4454320669174194 0.32550525665283203
Pedestrian 0.0 0 -2.6673760414123535 1212.5653076171875 119.63705444335938 1242.0 211.3926544189453 0.5444535 1.8906232 0.6419451 13.18657 0.79444635 15.237024 -1.9539923667907715 0.21710897982120514
Pedestrian 0.0 0 1.384089469909668 269.7430114746094 144.968505859375 312.31072998046875 215.69119262695312 1.1746973 1.848312 0.85069865 -8.711758 1.1198928 19.579403 0.965447187423706 0.1377750039100647
Pedestrian 0.0 0 3.3819475173950195 220.29803466796875 164.4020538330078 249.09146118164062 231.89724731445312 0.56962746 1.8907375 0.75209653 -10.77728 1.6543316 20.642752 2.9007880687713623 0.13465315103530884
Cyclist 0.0 0 1.78602135181427 314.7425842285156 157.39450073242188 349.0491943359375 217.28770446777344 1.1978539 1.9032259 0.81100804 -9.119278 1.4123275 23.579536 1.416993260383606 0.1443661004304886
Cyclist 0.0 0 1.2386337518692017 983.73388671875 177.0227508544922 1053.1417236328125 288.154052734375 1.3931555 1.5961616 0.49859 6.222179 1.6651413 11.144918 1.747825026512146 0.1316239833831787
Car 0.0 0 -1.9339327812194824 755.9415893554688 174.7169952392578 1018.1849365234375 337.4893493652344 3.5933104 1.5217553 1.6463082 2.931163 1.5490588 8.608992 -1.605766773223877 0.9651058912277222
Car 0.0 0 -1.2193729877471924 114.63719177246094 182.99900817871094 432.5774841308594 375.0 4.075364 1.5173054 1.6733418 -3.227903 1.6562262 7.78133 -1.6125952005386353 0.9603122472763062
Car 0.0 0 -1.6711456775665283 671.3504028320312 175.10568237304688 738.8467407226562 229.05661010742188 3.764224 1.4681163 1.6188414 2.723822 1.5421101 21.691933 -1.5462310314178467 0.9523438811302185
Car 0.0 0 -2.2778046131134033 942.8990478515625 121.09207153320312 1242.0 375.0 3.7224236 1.53133 1.5953293 3.194262 1.412448 3.5413957 -1.5438976287841797 0.8491688370704651
Car 0.0 0 -1.802915096282959 604.3421630859375 171.5127716064453 640.2169189453125 197.29290771484375 4.1941032 1.8111988 1.7044251 0.8267895 1.7173269 52.920456 -1.7872930765151978 0.15348809957504272
Car 0.0 0 1.3455235958099365 491.99798583984375 177.6986846923828 527.2684936523438 200.30270385742188 4.266511 1.4972827 1.5498621 -7.1698728 1.8555574 51.03381 1.205944538116455 0.1438503861427307
Car 0.0 0 -1.6894489526748657 623.5684204101562 171.21630859375 656.8718872070312 197.55052185058594 4.0430365 1.6376272 1.689941 1.8903029 1.536143 46.94851 -1.649207353591919 0.13464869558811188
