Pedestrian 0.0 0 2.7547545433044434 566.93115234375 156.5958709716797 587.2989501953125 191.23721313476562 1.0088881 1.898027 0.511266 -1.8577358 1.0075893 39.974674 2.708315134048462 0.4172840714454651
Cyclist 0.0 0 1.6636841297149658 444.2286376953125 175.20767211914062 467.4322204589844 234.36424255371094 1.7511696 1.8399 0.5797682 -5.034508 1.9195938 23.414385 1.4518909454345703 0.8215003609657288
Cyclist 0.0 0 1.6639294624328613 469.4194641113281 176.46112060546875 492.09344482421875 228.09521484375 1.9028809 1.7364302 0.6138518 -4.574309 1.8685133 25.372438 1.4855589866638184 0.6624810695648193
Car 0.0 0 -1.8309926986694336 646.9097900390625 179.5216522216797 737.485107421875 242.1077880859375 3.2269268 1.428266 1.510924 1.97087 1.6157638 18.538147 -1.7250761985778809 0.960669219493866
Car 0.0 0 -1.5304884910583496 368.77008056640625 190.0099334716797 431.69744873046875 245.0794677734375 3.6897497 1.3657125 1.6171038 -6.0989785 1.915304 21.11221 -1.8117161989212036 0.9393154382705688
Car 0.0 0 1.2392663955688477 741.187255859375 182.42898559570312 971.6388549804688 326.1585998535156 3.7591624 1.460497 1.6337498 2.8927743 1.6121495 9.490773 1.5351197719573975 0.9318822026252747
Car 0.0 0 -2.140686273574829 833.3856811523438 94.3185043334961 1242.0 375.0 4.2402406 1.6505738 1.7045897 2.8685744 1.388346 4.5348225 -1.5766648054122925 0.9290366172790527
Car 0.0 0 -1.7468039989471436 558.006103515625 179.67938232421875 600.3661499023438 210.0742645263672 3.646085 1.4592628 1.5742081 -1.684245 1.8325136 37.465927 -1.7917277812957764 0.9179845452308655
Car 0.0 0 -1.818801999092102 605.5034790039062 174.94178771972656 670.7360229492188 220.3373565673828 3.3791301 1.4788655 1.5041225 0.88138926 1.558198 25.480082 -1.784224510192871 0.9134834408760071
Car 0.0 0 1.6713495254516602 383.1181335449219 187.19178771972656 442.41546630859375 235.30477905273438 4.2038474 1.5082189 1.654903 -7.099632 2.071988 26.141365 1.4061599969863892 0.7772738337516785
Car 0.0 0 -1.5953541994094849 537.5594482421875 179.29367065429688 563.0034790039062 205.14886474609375 3.7655835 1.6025784 1.5757387 -4.0064225 2.0457172 47.652042 -1.6792335510253906 0.5298645496368408
