Pedestrian 0.0 0 -2.4715256690979004 1047.6083984375 130.63987731933594 1222.2593994140625 374.0 0.8578105 1.6590902 0.60250777 3.8948884 1.3153787 5.365965 -1.8436603546142578 0.6890369057655334
Pedestrian 0.0 0 1.4337481260299683 771.0626220703125 152.78292846679688 814.9453735351562 251.3602752685547 0.77336866 1.7383078 0.6696009 3.4375162 1.2331867 13.088392 1.6905860900878906 0.6550303101539612
Pedestrian 0.0 0 -3.1353023052215576 619.534423828125 163.2715301513672 634.8574829101562 194.04307556152344 0.9321516 1.8723629 0.58729744 1.5842866 0.76395845 44.019142 -3.0993270874023438 0.4842703342437744
Pedestrian 0.0 0 1.7156003713607788 420.105224609375 164.48599243164062 443.53668212890625 219.3032989501953 0.841036 1.7219508 0.6174672 -5.4523044 1.188604 23.008099 1.4829192161560059 0.4694068729877472
Pedestrian 0.0 0 -1.6377893686294556 602.1212768554688 162.0584259033203 615.5498046875 193.03404235839844 0.83706415 1.8613313 0.75960976 0.44924366 0.69383895 43.60166 -1.6274863481521606 0.41758400201797485
Pedestrian 0.0 0 -1.3893123865127563 200.6261444091797 145.50071716308594 250.75917053222656 247.8492889404297 0.51515335 1.7075478 0.68251187 -6.4802213 1.108234 12.329362 -1.8732237815856934 0.3783513605594635
Pedestrian 0.0 0 -1.2040133476257324 457.3692932128906 171.0025177001953 482.83245849609375 222.93582153320312 0.71320236 1.7591248 0.6514796 -4.5422926 1.4046227 24.739868 -1.3855931758880615 0.3649301826953888
Pedestrian 0.0 0 -2.811567544937134 425.34197998046875 149.4289093017578 477.2260437011719 225.9648895263672 1.1255963 1.8345487 0.5472867 -3.6971 1.0670097 17.556047 -3.0191233158111572 0.34619149565696716
Pedestrian 0.0 0 -1.2190985679626465 471.08770751953125 173.7340850830078 489.19219970703125 213.81924438476562 0.65088457 1.7903107 0.6213523 -5.490182 1.4444085 32.456974 -1.3866649866104126 0.34539881348609924
Pedestrian 0.0 0 3.0045177936553955 520.5239868164062 162.7864227294922 540.5960083007812 205.62039184570312 0.76172096 1.7791392 0.622435 -3.0012233 1.0028402 30.225594 2.905548095703125 0.3077251613140106
Pedestrian 0.0 0 -1.9633285999298096 147.3744354248047 144.37188720703125 206.81068420410156 250.04991149902344 0.43308035 1.7062212 0.7482244 -7.1400228 1.1080629 12.024511 -2.499168634414673 0.3008585274219513
Pedestrian 0.0 0 3.045741558074951 578.0800170898438 163.0103759765625 589.5501708984375 187.03883361816406 0.89354116 1.9533933 0.49226236 -1.4155431 0.4507771 58.69221 3.0216281414031982 0.25745904445648193
Pedestrian 0.0 0 2.0425865650177 609.3472290039062 162.4061737060547 623.7521362304688 192.7038116455078 0.7683636 1.9004236 0.6336307 0.96678597 0.7034846 45.543438 2.0638110637664795 0.22227123379707336
Pedestrian 0.0 0 -0.4442234933376312 534.7247924804688 157.8655548095703 553.525634765625 196.0472869873047 0.71509236 1.8058112 0.5856378 -2.7556255 0.6889286 34.403618 -0.5241498351097107 0.19173568487167358
Pedestrian 0.0 0 1.9134807586669922 327.9759521484375 129.5851593017578 394.1065979003906 262.8424987792969 0.8063127 1.7708498 0.63766223 -3.3582885 1.0822834 9.951893 1.588027834892273 0.1885305941104889
Cyclist 0.0 0 0.31104475259780884 428.14825439453125 150.3574981689453 476.5367736816406 225.19949340820312 1.0318946 1.7924638 0.5742105 -3.6676638 1.0477991 17.541048 0.10492396354675293 0.11475668102502823
Car 0.0 0 1.649656891822815 513.8732299804688 175.2589874267578 593.9878540039062 241.4332275390625 4.269733 1.4355391 1.6286726 -1.0883507 1.3013757 17.72929 1.5883467197418213 0.9242105484008789
Car 0.0 0 -1.6221975088119507 853.763427734375 137.8126678466797 1231.7030029296875 374.0 3.8415132 1.4731303 1.5012716 2.7304187 1.2915472 5.0638328 -1.1276838779449463 0.18828633427619934
