Pedestrian 0.0 0 -1.7008748054504395 774.57470703125 163.53199768066406 791.3228149414062 199.68434143066406 0.86783916 1.9385331 0.7766541 9.345441 1.439034 39.158943 -1.4666028022766113 0.5132706165313721
Pedestrian 0.0 0 -0.2483246922492981 1014.9970703125 116.29190826416016 1094.8123779296875 280.2229309082031 0.6821952 1.8616078 0.5817822 5.21003 1.2196441 8.569275 0.29794883728027344 0.16721217334270477
Pedestrian 0.0 0 -2.154658794403076 356.9574279785156 169.04293823242188 375.12689208984375 209.5852813720703 0.52710813 1.8747097 0.61726016 -11.4560585 1.698841 33.76712 -2.4817397594451904 0.16449058055877686
Pedestrian 0.0 0 -1.6536222696304321 344.5926513671875 163.7167205810547 363.8957214355469 203.3040313720703 0.5749519 1.7662997 0.7768088 -11.60213 1.3589721 32.61266 -1.995415210723877 0.1455758959054947
Pedestrian 0.0 0 1.7788386344909668 220.37713623046875 178.9964141845703 259.8816223144531 250.88006591796875 0.99676687 1.7112677 0.680137 -9.18092 1.8683957 17.84222 1.303609848022461 0.12845692038536072
Pedestrian 0.0 0 -1.5100994110107422 343.4605712890625 186.9615936279297 360.29241943359375 224.57496643066406 0.8093525 1.5947123 0.64374715 -11.278524 2.218933 31.4263 -1.8546702861785889 0.12216990441083908
Pedestrian 0.0 0 -0.34370094537734985 922.2775268554688 132.51544189453125 1019.1224975585938 284.7396240234375 0.9770261 1.8605903 0.51984197 4.4901433 1.3679022 9.129909 0.11336994171142578 0.11766497045755386
Car 0.0 0 1.757643699645996 525.037353515625 177.79539489746094 582.0602416992188 215.13778686523438 3.998712 1.4056629 1.6307507 -2.2971041 1.6242353 29.78409 1.6806708574295044 0.9501808285713196
Car 0.0 0 1.5681668519973755 575.4489135742188 172.46726989746094 602.080078125 198.266357421875 4.0326004 1.5522233 1.6026081 -1.3776478 1.5293136 45.450783 1.537865400314331 0.6141265630722046
Car 0.0 0 1.292704701423645 645.4425659179688 172.3376922607422 674.3255615234375 190.53578186035156 3.6748788 1.5346936 1.5544509 4.2880836 1.4915092 62.80552 1.3608745336532593 0.19505520164966583
Car 0.0 0 -1.6281596422195435 533.104248046875 169.4869384765625 568.068359375 197.41372680664062 3.8505747 1.4501132 1.6795378 -3.3308318 1.2756344 39.487957 -1.712311029434204 0.12150115519762039
