Pedestrian 0.0 0 0.5744802951812744 816.9401245117188 132.95269775390625 928.73583984375 315.010986328125 0.8381748 1.6468252 0.5842233 2.551968 1.218432 6.901261 0.9286692142486572 0.7086612582206726
Pedestrian 0.0 0 1.1551400423049927 751.9317016601562 133.6105499267578 816.7451782226562 246.91970825195312 0.65870446 1.7076273 0.7799658 2.7440417 1.0026399 11.041881 1.3987178802490234 0.6987146139144897
Pedestrian 0.0 0 -1.9888169765472412 411.439208984375 142.0924835205078 451.67291259765625 213.70970153808594 0.86369175 1.6901633 0.6564694 -4.2683687 0.7853516 17.223747 -2.2317416667938232 0.6739453673362732
Pedestrian 0.0 0 -2.099536180496216 644.24609375 138.82691955566406 679.2210693359375 204.18212890625 1.0457479 1.8719589 0.5771689 1.630954 0.6798941 20.843288 -2.021446943283081 0.6183394193649292
Pedestrian 0.0 0 1.2536499500274658 394.36102294921875 135.44085693359375 432.3300476074219 204.3368377685547 0.9294074 1.8160805 0.7420837 -5.2529 0.62991846 19.22492 0.9869263172149658 0.4654773771762848
Pedestrian 0.0 0 -2.2364389896392822 270.6840515136719 144.7573699951172 329.2038269042969 249.04835510253906 0.61527795 1.6507145 0.63957757 -5.0526357 1.0866369 11.613691 -2.6467983722686768 0.45470476150512695
Pedestrian 0.0 0 1.7635301351547241 443.60357666015625 143.07476806640625 467.2257995605469 194.77822875976562 0.93297195 1.8731943 0.68853295 -5.537974 0.51881444 26.083208 1.5543174743652344 0.4126882255077362
Pedestrian 0.0 0 1.8519072532653809 106.4861831665039 147.0164337158203 167.6271209716797 262.37103271484375 0.7222311 1.8442051 0.67526454 -7.8021584 1.3105488 11.7447 1.265535831451416 0.3227694034576416
Pedestrian 0.0 0 -1.141209602355957 353.2961730957031 151.42723083496094 376.14483642578125 189.25172424316406 0.9840834 1.8334607 0.7217119 -11.833771 0.42566147 34.79386 -1.4690475463867188 0.2989003658294678
Pedestrian 0.0 0 2.3665220737457275 478.81634521484375 149.63246154785156 528.7874755859375 212.52142333984375 1.4083915 1.6831058 0.52850497 -2.8322685 0.85857683 19.63786 2.223284959793091 0.2099449783563614
Pedestrian 0.0 0 1.7792387008666992 542.900146484375 149.50379943847656 564.2107543945312 193.37904357910156 1.3743948 1.7505962 0.6005424 -2.118322 0.51536286 28.927292 1.7061400413513184 0.16626393795013428
Pedestrian 0.0 0 0.15019017457962036 612.8056030273438 141.90902709960938 651.2003173828125 191.6837158203125 1.3101321 1.759253 0.5529665 0.9460139 0.3968071 25.378918 0.18744850158691406 0.12652073800563812
Cyclist 0.0 0 2.633575677871704 457.0443115234375 149.02096557617188 522.280517578125 213.52818298339844 1.7282594 1.7038174 0.53405595 -3.1882336 0.87395275 19.416489 2.470825672149658 0.31980636715888977
Cyclist 0.0 0 0.235503152012825 620.733154296875 138.5291748046875 661.8296508789062 189.29017639160156 1.3939371 1.797526 0.53372544 1.2823858 0.31279942 25.485256 0.2857794761657715 0.28899773955345154
Cyclist 0.0 0 1.8230292797088623 541.08544921875 148.49366760253906 564.20166015625 193.21563720703125 1.476863 1.7794039 0.5951977 -2.152764 0.50742847 28.90664 1.7486934661865234 0.27308228611946106
Cyclist 0.0 0 0.3808152675628662 620.13916015625 148.201416015625 665.2417602539062 196.70993041992188 1.5991136 1.7779628 0.54637253 1.3837292 0.59565365 26.493677 0.4329965114593506 0.2392229437828064
Cyclist 0.0 0 0.07464690506458282 582.584716796875 155.35977172851562 625.7569580078125 200.06976318359375 1.6516412 1.7274661 0.57935333 -0.04997748 0.75762415 27.662386 0.07284021377563477 0.22403115034103394
Cyclist 0.0 0 1.2680774927139282 393.7557678222656 135.52581787109375 432.7297668457031 204.58126831054688 1.0327845 1.8144331 0.7460223 -5.2528605 0.6343221 19.20878 1.0011422634124756 0.13259641826152802
