Pedestrian 0.0 0 -3.7869067192077637 1138.64208984375 83.29329681396484 1242.0 331.61505126953125 0.6186345 1.7981211 0.6488818 4.561124 1.1499617 5.559057 -3.0997989177703857 0.3621658980846405
Pedestrian 0.0 0 1.830998420715332 315.0788269042969 157.29237365722656 350.38568115234375 217.363525390625 1.281424 1.8349975 0.734701 -8.7591095 1.3599937 22.714642 1.4629539251327515 0.20124757289886475
Cyclist 0.0 0 2.145207405090332 113.3724136352539 204.8523406982422 220.56019592285156 336.626708984375 1.665044 1.7534873 0.55864185 -6.652614 2.2721272 10.845079 1.5949770212173462 0.24942916631698608
Cyclist 0.0 0 1.9063284397125244 316.47186279296875 159.79017639160156 352.283935546875 220.10989379882812 1.3197473 1.8468355 0.6595186 -8.723967 1.4472128 22.75852 1.5402770042419434 0.19060449302196503
Car 0.0 0 1.7878460884094238 409.3368835449219 187.18109130859375 513.1607666015625 254.58106994628906 4.430117 1.4940236 1.7708056 -3.8429954 1.919428 19.171667 1.5900161266326904 0.9789811968803406
Car 0.0 0 1.7184627056121826 467.5544128417969 178.50111389160156 523.69677734375 223.3863983154297 3.7379267 1.557723 1.5705351 -4.311577 1.7871133 27.385384 1.5623037815093994 0.9042213559150696
Car 0.0 0 1.802442193031311 526.44775390625 174.94688415527344 565.7714233398438 201.19190979003906 3.846077 1.5318042 1.5731059 -3.919866 1.6669401 44.44748 1.714478850364685 0.7207332253456116
Car 0.0 0 2.4857728481292725 0.0 215.4576416015625 212.03414916992188 375.0 3.7242126 1.5492733 1.6219085 -3.3128183 1.8111014 2.5615044 1.573167324066162 0.689852774143219
Car 0.0 0 2.892087936401367 707.509765625 146.34507751464844 810.8519897460938 187.13540649414062 3.8450549 1.6176419 1.6823663 6.0139313 0.56672305 29.54539 3.092893600463867 0.19784431159496307
Car 0.0 0 0.7689124941825867 1061.720458984375 0.0 1242.0 375.0 3.7275128 1.4710369 1.521046 4.0444036 0.9285696 3.5727825 1.6161471605300903 0.15280339121818542
Car 0.0 0 -0.6079727411270142 970.4105834960938 160.43218994140625 1242.0 327.4505615234375 3.9721537 1.437332 1.5767455 5.909326 1.3307899 7.1556907 0.08231616020202637 0.1474451869726181
