Pedestrian 0.0 0 -1.6960588693618774 738.6432495117188 153.1203155517578 764.3234252929688 212.63246154785156 0.71560997 1.8219084 0.698979 4.3530235 1.2181381 22.466566 -1.5046746730804443 0.3461158573627472
Pedestrian 0.0 0 2.461894989013672 944.4136352539062 99.94231414794922 1064.3240966796875 277.392822265625 0.9016334 1.7602689 0.63749266 4.0547295 1.0373594 7.551727 2.954646348953247 0.2251933217048645
Pedestrian 0.0 0 1.6546465158462524 349.51995849609375 152.0253448486328 383.6728515625 220.984375 1.0979497 1.8693454 0.8187435 -6.843753 1.3050792 20.188086 1.3278050422668457 0.21700391173362732
Pedestrian 0.0 0 -2.0390589237213135 709.588134765625 162.846435546875 739.7047119140625 207.78009033203125 1.6517352 1.6683607 0.43769675 4.334354 1.2971432 27.640678 -1.8835150003433228 0.10500215739011765
Cyclist 0.0 0 -2.0334136486053467 709.7577514648438 163.2318572998047 739.3812866210938 207.83135986328125 1.6475629 1.6561136 0.42697838 4.33148 1.2991726 27.639881 -1.8779667615890503 0.3914923369884491
Car 0.0 0 -1.6730430126190186 649.0894165039062 175.24488830566406 727.0353393554688 240.9507293701172 3.5389216 1.4764205 1.5638157 1.8153913 1.542668 18.110514 -1.5731370449066162 0.9554574489593506
Car 0.0 0 1.84849214553833 423.2463073730469 180.8298797607422 525.0006713867188 247.93003845214844 3.8761165 1.5361874 1.6216471 -3.496151 1.7687819 18.999834 1.666518211364746 0.9420530200004578
Car 0.0 0 2.2403721809387207 0.0 214.61541748046875 280.10040283203125 375.0 4.2011876 1.420808 1.6294062 -3.6173515 1.7829412 4.107445 1.5183333158493042 0.8948705792427063
Car 0.0 0 -1.2421197891235352 599.9171142578125 172.15792846679688 630.2169189453125 190.22731018066406 3.6203265 1.5387332 1.5801904 0.45462063 1.479816 63.410587 -1.2349504232406616 0.5434043407440186
Car 0.0 0 0.47221699357032776 351.43011474609375 162.3476104736328 465.8758850097656 206.89381408691406 3.6607144 1.543237 1.617684 -7.307723 1.1796168 26.14974 0.19971203804016113 0.3394761085510254
Car 0.0 0 -1.6740987300872803 681.7869262695312 156.21548461914062 719.6724243164062 186.4131622314453 3.7663894 1.5638115 1.65603 4.851584 0.70253015 39.26175 -1.5511517524719238 0.3222769796848297
