Pedestrian 0.0 0 -0.5081220865249634 884.903564453125 155.53030395507812 950.306640625 258.854736328125 0.9478387 1.8329308 0.5463837 5.5327415 1.5259734 13.1201725 -0.10905218124389648 0.27129286527633667
Pedestrian 0.0 0 -1.7992041110992432 773.1502685546875 151.1912384033203 802.5180053710938 219.03956604003906 0.6311237 1.7619747 0.6247843 4.642116 1.1997656 19.053938 -1.5602294206619263 0.24056650698184967
Pedestrian 0.0 0 -3.8192200660705566 1154.127685546875 130.78057861328125 1242.0 281.3547058105469 0.60534996 1.7009934 0.6202904 6.863391 1.2260598 8.459607 -3.1376187801361084 0.22586847841739655
Pedestrian 0.0 0 -1.8933151960372925 744.1678466796875 164.13604736328125 771.7035522460938 215.24667358398438 1.1830883 1.6668953 0.55378187 4.8963523 1.3829303 24.150051 -1.6932796239852905 0.1891702562570572
Pedestrian 0.0 0 -3.2562167644500732 791.6011352539062 147.3865509033203 838.7525634765625 241.85549926757812 0.82825774 1.8196694 0.6276061 3.9954317 1.3294709 14.270763 -2.9832329750061035 0.13302326202392578
Pedestrian 0.0 0 1.0096020698547363 1016.0730590820312 105.12891387939453 1153.4566650390625 320.5783996582031 0.9078042 1.8411956 0.66820604 4.258856 1.2627861 6.620757 1.5812232494354248 0.1293679028749466
Cyclist 0.0 0 -3.7440457344055176 1143.0733642578125 128.33058166503906 1242.0 289.3065490722656 0.99981976 1.7792206 0.6119089 6.822433 1.2874742 8.319216 -3.0571794509887695 0.12858738005161285
Cyclist 0.0 0 -1.8933151960372925 744.1678466796875 164.13604736328125 771.7035522460938 215.24667358398438 1.1830883 1.6668953 0.55378187 4.8963523 1.3829303 24.150051 -1.6932796239852905 0.11201930791139603
Car 0.0 0 -1.681402325630188 670.568115234375 175.82138061523438 765.6104736328125 251.9673614501953 3.8829608 1.4525694 1.6069151 2.1994247 1.5263047 15.876851 -1.543748140335083 0.9570022225379944
Car 0.0 0 1.8540842533111572 392.2945556640625 185.10693359375 524.8650512695312 270.009765625 4.1370387 1.528189 1.7161049 -3.1699657 1.8320107 15.733765 1.6552704572677612 0.9452940225601196
Car 0.0 0 -1.4573696851730347 613.4271240234375 171.226806640625 638.3998413085938 192.4387664794922 3.9804208 1.7077098 1.6438084 1.3361923 1.5770664 60.169067 -1.4351660013198853 0.5875295400619507
Car 0.0 0 -1.6727696657180786 703.384765625 157.94801330566406 744.2116088867188 189.60531616210938 3.9914515 1.4859363 1.5963348 5.5668635 0.7866343 35.899353 -1.5189263820648193 0.3015745282173157
Car 0.0 0 -2.134474277496338 1083.5289306640625 17.647937774658203 1242.0 375.0 4.0870595 1.5188986 1.6206335 4.626428 1.0218644 4.4862704 -1.3336968421936035 0.12773887813091278
