Pedestrian 0.0 0 1.9489049911499023 223.3137969970703 177.54940795898438 246.8333282470703 218.94952392578125 0.70986694 1.7424257 0.6788165 -16.06152 1.9460188 30.84053 1.4687620401382446 0.17908896505832672
Pedestrian 0.0 0 2.950669765472412 397.9125061035156 169.58277893066406 409.05328369140625 192.16757202148438 0.77885836 1.8164002 0.54108006 -16.753487 1.5536673 58.44512 2.671502113342285 0.14275015890598297
Pedestrian 0.0 0 1.930381417274475 335.73541259765625 178.7594757080078 373.697509765625 241.69544982910156 0.74284893 1.7318289 0.7978458 -7.22162 1.9014665 20.301537 1.5886218547821045 0.10894907265901566
Cyclist 0.0 0 2.2733426094055176 138.47320556640625 178.38487243652344 175.75509643554688 216.1865997314453 1.6161182 1.7154863 0.5731749 -21.253912 1.981611 33.827816 1.7123758792877197 0.204976886510849
Car 0.0 0 -1.501412034034729 584.5179443359375 177.75 621.7678833007812 209.7616424560547 3.4652107 1.4177142 1.5343946 -0.3211794 1.6626842 34.27093 -1.5107835531234741 0.9349349737167358
Car 0.0 0 -1.4396097660064697 537.947509765625 176.3622589111328 575.1383666992188 204.90841674804688 3.746316 1.5460526 1.6569191 -3.0597758 1.7573569 41.464603 -1.5132687091827393 0.8979620337486267
Car 0.0 0 1.4310890436172485 202.85940551757812 178.2467041015625 236.5723876953125 202.23330688476562 4.0413113 1.6259849 1.5831698 -28.154524 2.0302653 51.946068 0.9344122409820557 0.17252837121486664
Car 0.0 0 1.2228434085845947 730.8358154296875 187.22613525390625 762.1702880859375 204.8843994140625 3.7347734 1.4676361 1.5977379 12.268128 2.8049843 65.14779 1.4089759588241577 0.13305522501468658
Car 0.0 0 -0.9080904722213745 807.5032348632812 185.17173767089844 890.9346923828125 222.35659790039062 3.701162 1.5460876 1.6905403 10.879083 2.1372483 32.874405 -0.5885056853294373 0.13196435570716858
Car 0.0 0 1.812082290649414 205.50619506835938 179.47732543945312 241.6643829345703 200.5763702392578 3.936565 1.5697749 1.6307896 -30.55989 2.1137776 57.11264 1.3207652568817139 0.11876048892736435
Car 0.0 0 1.5854233503341675 964.2597045898438 174.2066192626953 995.6126708984375 200.70486450195312 4.1116223 1.5718503 1.6786804 23.184263 1.6611514 45.233055 2.0590615272521973 0.11772987991571426
