Pedestrian 0.0 0 0.773795485496521 826.794921875 154.86514282226562 870.7545776367188 226.41168212890625 0.90850943 1.7233891 0.5491594 5.9286857 0.99344647 17.841366 1.0946156978607178 0.43713781237602234
Car 0.0 0 -1.0535616874694824 27.723793029785156 188.9190673828125 252.0389404296875 287.0892028808594 3.796519 1.4499347 1.6237351 -8.0120125 1.5264362 12.692781 -1.6166255474090576 0.9617048501968384
Car 0.0 0 -1.202377438545227 223.0406951904297 186.677734375 350.2967529296875 250.90576171875 3.9990165 1.4753791 1.6691035 -8.191438 1.5185632 18.637236 -1.616482138633728 0.8686376810073853
Car 0.0 0 -1.5229527950286865 573.28369140625 179.7848663330078 605.3851928710938 206.70428466796875 4.2620654 1.4729215 1.6512197 -1.0433172 1.1768997 41.47833 -1.5481008291244507 0.8387296199798584
Car 0.0 0 -1.4557017087936401 462.84674072265625 187.1348114013672 516.396240234375 227.68446350097656 4.176133 1.4714732 1.6171993 -4.627452 1.5541201 28.406519 -1.6171842813491821 0.7791785001754761
Car 0.0 0 2.4294233322143555 0.0 211.56150817871094 133.33535766601562 376.0 4.161042 1.5066849 1.638962 -4.7504153 1.7265152 3.8594313 1.540907859802246 0.6877632737159729
Car 0.0 0 -0.8912016153335571 0.0 185.31788635253906 181.98855590820312 265.6097717285156 4.043686 1.5003656 1.6349615 -11.312913 1.5039926 15.493683 -1.521885633468628 0.6475264430046082
Car 0.0 0 -1.1022411584854126 214.77471923828125 178.62496948242188 305.9243469238281 219.9098663330078 3.6811125 1.4393079 1.5774788 -12.931958 1.2106674 26.914005 -1.5501607656478882 0.6352950930595398
Car 0.0 0 -1.4553210735321045 494.67938232421875 183.87060546875 530.5184936523438 212.69699096679688 3.4435387 1.5153255 1.5686504 -5.21743 1.445749 39.518494 -1.5865869522094727 0.46928709745407104
Car 0.0 0 2.3234775066375732 259.0098571777344 168.85202026367188 334.27117919921875 198.7102508544922 3.9737964 1.6113167 1.6688826 -17.6657 0.72937226 40.94177 1.9161280393600464 0.46017009019851685
