Pedestrian 0.0 0 -1.7871960401535034 713.37255859375 163.1693572998047 731.6348876953125 204.63491821289062 0.7213659 1.831805 0.6661537 4.9849863 1.4043281 32.253246 -1.6338517665863037 0.32562732696533203
Pedestrian 0.0 0 1.4156208038330078 812.5244750976562 180.53903198242188 856.318115234375 271.009521484375 1.6781901 1.6476152 0.55912477 4.3260837 1.8080398 14.155582 1.7122161388397217 0.16900567710399628
Cyclist 0.0 0 1.4193780422210693 812.7161865234375 180.60597229003906 855.9737548828125 271.0205383300781 1.6580504 1.6493896 0.5589368 4.329136 1.8112433 14.168243 1.7159206867218018 0.7416300177574158
Car 0.0 0 -1.7512893676757812 679.1307983398438 175.75247192382812 786.5308227539062 262.20745849609375 3.7498631 1.6744747 1.6601454 2.5348663 1.7466959 15.9928665 -1.5940971374511719 0.9692869782447815
Car 0.0 0 1.7355378866195679 424.9497985839844 188.7553253173828 527.825439453125 273.69781494140625 3.3256893 1.5308019 1.6109504 -2.7651217 1.9053233 15.301277 1.556755542755127 0.9608857035636902
Car 0.0 0 -1.6792778968811035 664.7413330078125 181.42001342773438 733.4768676757812 241.50547790527344 3.3837152 1.5249248 1.5587758 2.4028301 1.7887523 20.491777 -1.5625526905059814 0.9513646960258484
Car 0.0 0 -1.7247682809829712 645.872802734375 174.04840087890625 713.7145385742188 229.16641235351562 4.424034 1.7838153 1.7225927 2.341677 1.8304794 25.70877 -1.6339341402053833 0.9269611239433289
Car 0.0 0 1.7376227378845215 530.9165649414062 181.1288604736328 575.227294921875 210.80593872070312 4.45528 1.5038102 1.7412312 -3.1364424 1.9908246 40.13587 1.6596356630325317 0.7909732460975647
Car 0.0 0 0.5863783359527588 0.0 0.0 1242.0 375.0 3.971427 1.5723944 1.6071669 2.5409915 1.665883 1.3246324 1.6766284704208374 0.3801959753036499
Car 0.0 0 -1.6958848237991333 638.000244140625 173.2747039794922 678.4705200195312 207.42572021484375 4.239377 1.7973084 1.7222914 2.5938723 1.822366 40.1919 -1.631437063217163 0.32135459780693054
