Pedestrian 0.0 0 -1.6908488273620605 1109.6051025390625 131.0767822265625 1138.5772705078125 195.2390594482422 0.5772163 1.9521695 0.66588324 15.880918 0.6814343 22.362906 -1.0733461380004883 0.33049729466438293
Pedestrian 0.0 0 2.5083580017089844 809.2166748046875 153.0432891845703 846.5894775390625 209.12777709960938 1.049466 1.7915852 0.53809327 7.042927 1.1591017 23.475697 2.79982328414917 0.26181694865226746
Pedestrian 0.0 0 1.7381302118301392 812.7578125 155.66165161132812 830.0441284179688 196.51658630371094 0.6333295 1.8563118 0.66818905 9.693641 1.0755067 33.212193 2.022111654281616 0.2558971047401428
Pedestrian 0.0 0 1.642065167427063 804.40576171875 160.84727478027344 820.0900268554688 201.4800567626953 0.7162137 1.8139291 0.6350664 9.115844 1.278283 32.652287 1.914312720298767 0.1920093297958374
Pedestrian 0.0 0 2.613978624343872 753.8269653320312 161.31100463867188 774.999755859375 198.9922332763672 0.77936435 1.7278167 0.56992453 7.1228075 1.198888 33.474796 2.8236329555511475 0.17755179107189178
Pedestrian 0.0 0 -0.9526721239089966 33.422786712646484 162.52040100097656 104.4759292602539 278.6214904785156 0.63646805 1.6908772 0.5957247 -8.161641 1.5407383 10.831945 -1.5983959436416626 0.12933777272701263
Cyclist 0.0 0 -0.510536789894104 812.4373168945312 148.96873474121094 856.7291870117188 206.91908264160156 1.2178863 1.8504881 0.64170057 7.257539 1.0881346 23.478752 -0.21074244379997253 0.16832926869392395
Car 0.0 0 2.2163989543914795 400.423583984375 180.16949462890625 657.7113647460938 305.9371032714844 4.2001 1.4823867 1.6639347 -1.0442528 1.6167092 10.985519 2.121626615524292 0.9579436182975769
Car 0.0 0 1.0536967515945435 798.4740600585938 185.85682678222656 1242.0 375.0 3.6945417 1.5231949 1.5626057 2.3921487 1.636592 4.4074783 1.5509549379348755 0.9522109627723694
Car 0.0 0 1.6965328454971313 470.2646789550781 188.95147705078125 564.545654296875 265.6085510253906 4.3322735 1.4562136 1.625851 -2.062475 1.8794676 16.78379 1.574260950088501 0.17706350982189178
