Pedestrian 0.0 0 -2.7176401615142822 893.0850219726562 146.62310791015625 949.635498046875 249.1839599609375 0.69874984 1.6961551 0.6112804 5.453655 1.1206473 12.341401 -2.3015432357788086 0.811127781867981
Pedestrian 0.0 0 2.082274913787842 148.08975219726562 162.07073974609375 268.26806640625 373.27716064453125 0.766676 1.6867095 0.6022013 -3.3707376 1.5329381 6.119801 1.5788238048553467 0.760905385017395
Pedestrian 0.0 0 -1.833937644958496 851.671630859375 144.42071533203125 947.2779541015625 331.3501892089844 0.7553729 1.553199 0.60151356 2.5690882 1.246495 6.3769703 -1.4509598016738892 0.7126923203468323
Pedestrian 0.0 0 0.6192476749420166 82.2824935913086 159.92910766601562 216.86322021484375 334.2487487792969 1.0510883 1.8240639 0.68111825 -4.97977 1.59971 7.8833394 0.055857181549072266 0.6134774684906006
Pedestrian 0.0 0 1.7754034996032715 484.1002197265625 167.09178161621094 505.18206787109375 213.38856506347656 0.6417319 1.755053 0.68540615 -4.114129 1.2098823 27.568256 1.6272624731063843 0.5979793667793274
Pedestrian 0.0 0 0.455844908952713 564.1423950195312 169.6027374267578 583.3585815429688 201.4285430908203 0.9622556 1.8226793 0.56330246 -1.6013169 1.142108 41.589268 0.417360782623291 0.5297044515609741
Pedestrian 0.0 0 -1.0837159156799316 0.0 123.07321166992188 107.16830444335938 346.5730895996094 0.98526156 1.7901921 0.68211937 -5.006199 1.3235962 6.2979617 -1.7553343772888184 0.5085053443908691
Pedestrian 0.0 0 -1.5255682468414307 532.8494262695312 176.21302795410156 552.424072265625 221.43978881835938 0.8704421 1.7007109 0.70889205 -2.261407 1.5029296 27.457733 -1.6077423095703125 0.48390671610832214
Pedestrian 0.0 0 1.5224578380584717 478.0211181640625 177.62954711914062 496.0309143066406 224.1042022705078 1.001285 1.8012176 0.65347403 -4.5466 1.6522269 28.395014 1.3636858463287354 0.35758060216903687
Pedestrian 0.0 0 -1.28052818775177 284.62481689453125 207.91941833496094 378.4750061035156 374.0 0.6832443 1.5870446 0.678355 -2.6154058 1.8553394 6.8897815 -1.6433312892913818 0.31152844429016113
Pedestrian 0.0 0 -2.9000766277313232 648.48828125 174.50216674804688 664.3658447265625 202.1616668701172 0.83100814 1.6213752 0.5436286 3.2568216 1.2119427 42.493668 -2.8235836029052734 0.21548263728618622
Cyclist 0.0 0 -1.5816316604614258 549.9535522460938 178.0897979736328 567.123046875 224.94325256347656 1.3667123 1.7508551 0.6392217 -1.6725935 1.624454 27.545113 -1.6422791481018066 0.15800629556179047
Cyclist 0.0 0 1.5302598476409912 477.74200439453125 177.11643981933594 495.91607666015625 224.5144500732422 1.1114559 1.8318554 0.6620703 -4.5512238 1.6634558 28.370192 1.371192455291748 0.14769403636455536
Cyclist 0.0 0 0.5912635922431946 74.15145111083984 145.2984161376953 211.7159423828125 323.5465393066406 1.1039511 1.872899 0.63842297 -5.047667 1.4938811 7.8760204 0.021318912506103516 0.11750954389572144
Cyclist 0.0 0 0.10759202390909195 528.2984008789062 176.73985290527344 550.7460327148438 221.60670471191406 0.7852509 1.691148 0.6952539 -2.3788466 1.5127558 27.429123 0.02108144760131836 0.10237981379032135
Car 0.0 0 -1.7512192726135254 677.5989379882812 162.51712036132812 744.1749267578125 218.48475646972656 3.6338692 1.7536196 1.5854225 3.602932 1.1599408 24.347265 -1.604304552078247 0.8905760049819946
Car 0.0 0 -1.6749181747436523 653.6664428710938 177.70260620117188 693.5050048828125 206.31826782226562 4.3457875 1.4239554 1.636583 3.744363 1.2358745 37.920273 -1.5764942169189453 0.203975647687912
