Pedestrian 0.0 0 -0.0793871134519577 662.97021484375 148.6261749267578 683.7012329101562 192.2994384765625 0.87609357 1.9301542 0.59056515 2.7808502 0.8597555 32.18411 0.006803274154663086 0.49104779958724976
Pedestrian 0.0 0 0.8647679686546326 239.7122344970703 178.36383056640625 300.95281982421875 284.58050537109375 0.5856224 1.7343366 0.7410804 -5.8272223 1.8320175 12.284189 0.42183566093444824 0.34985342621803284
Pedestrian 0.0 0 -2.598686456680298 674.745361328125 169.92129516601562 688.5618896484375 198.17669677734375 0.6419578 1.8702316 0.71580285 4.7608423 1.6764722 48.234825 -2.5003037452697754 0.3039739727973938
Pedestrian 0.0 0 1.0587198734283447 1113.398681640625 34.2401008605957 1242.0 375.0 0.6469469 1.6995234 0.4939689 3.1262445 1.0140473 3.9260464 1.7311903238296509 0.28577378392219543
Car 0.0 0 -1.1387690305709839 24.971593856811523 216.92555236816406 348.7181701660156 375.0 3.597131 1.398865 1.5440395 -4.1816344 1.9847032 7.7388697 -1.6341668367385864 0.9814452528953552
Car 0.0 0 -1.297978401184082 353.1300354003906 182.0462188720703 473.3401184082031 267.8092041015625 3.9109864 1.706336 1.6813242 -4.453557 1.9450465 16.740494 -1.5579909086227417 0.9582858085632324
Car 0.0 0 1.7488795518875122 469.3463134765625 183.35443115234375 523.194091796875 222.10235595703125 3.824373 1.4914068 1.6138414 -4.8169613 1.9673227 30.74525 1.5934696197509766 0.9581151008605957
Car 0.0 0 -1.8017529249191284 717.1228637695312 182.75601196289062 866.990478515625 291.0467224121094 3.3036761 1.4469498 1.5673131 2.701914 1.6291459 11.594011 -1.5727955102920532 0.948407769203186
Car 0.0 0 -1.6940349340438843 656.4312133789062 177.82749938964844 710.9544067382812 222.98167419433594 3.582872 1.5687009 1.6067828 2.675827 1.7695636 27.274502 -1.5962406396865845 0.9266183376312256
Car 0.0 0 -1.6371629238128662 734.0653076171875 170.124755859375 781.9769287109375 209.98133850097656 4.319429 1.5294477 1.6462599 6.0253386 1.4250747 29.934784 -1.4385348558425903 0.4875625967979431
Car 0.0 0 -1.7814186811447144 555.408447265625 177.0992431640625 586.1896362304688 198.76185607910156 3.848337 1.590016 1.6036953 -3.0945005 1.9310642 55.83499 -1.8367842435836792 0.3436695635318756
Car 0.0 0 -1.9394588470458984 758.3224487304688 178.89085388183594 849.7169799804688 231.4211883544922 3.6150663 1.5383314 1.6586729 6.1530595 1.7507164 23.450312 -1.6828560829162598 0.3288497030735016
Car 0.0 0 -1.320993185043335 514.5201416015625 186.05810546875 554.4968872070312 213.23851013183594 3.9426575 1.5995189 1.641784 -4.8501916 2.4894686 46.5392 -1.4248356819152832 0.32680588960647583
