Car 0.0 0 -1.691940426826477 663.4694213867188 175.224365234375 734.4635620117188 227.4114990234375 4.467238 1.4552959 1.6440346 2.6261888 1.5371253 22.559317 -1.5760494470596313 0.9524507522583008
Car 0.0 0 0.34032493829727173 191.50099182128906 176.46241760253906 430.8019714355469 258.1519470214844 4.1145334 1.5229616 1.6453527 -5.883919 1.6001718 14.447402 -0.04642850160598755 0.9370320439338684
Car 0.0 0 -2.5169386863708496 0.0 177.18771362304688 306.9715270996094 303.5657043457031 3.9531224 1.416795 1.5389725 -6.116617 1.475928 8.962732 -3.115788698196411 0.8946946859359741
Car 0.0 0 -0.1391529142856598 731.7855224609375 173.48641967773438 836.0619506835938 217.05111694335938 3.6472344 1.5922222 1.6767111 6.4901614 1.6174815 27.402319 0.09340882301330566 0.8933048844337463
Car 0.0 0 0.1997305154800415 361.1343078613281 175.5382080078125 498.0787048339844 222.8983154296875 4.1432557 1.4968649 1.6305207 -5.912846 1.5891749 23.80973 -0.043682701885700226 0.8426700830459595
Car 0.0 0 3.3645615577697754 285.68438720703125 166.25904846191406 428.7883605957031 217.70126342773438 3.7580578 1.4549065 1.5129021 -7.437077 1.2687436 21.365747 3.029594659805298 0.8035962581634521
Car 0.0 0 0.8357434272766113 0.0 177.55581665039062 190.00656127929688 371.744140625 4.022031 1.517984 1.5952829 -6.353723 1.56762 6.621212 0.07095813751220703 0.7599446773529053
Car 0.0 0 3.2604641914367676 446.9064636230469 173.67791748046875 532.94140625 203.49441528320312 4.11312 1.4627203 1.6177018 -6.032874 1.5056134 36.34565 3.095977783203125 0.7354143261909485
Car 0.0 0 3.4398531913757324 195.79656982421875 177.33023071289062 390.2613525390625 245.65811157226562 3.84121 1.4774187 1.5309455 -7.256266 1.587449 16.701029 3.029980182647705 0.7253196835517883
Car 0.0 0 0.47545844316482544 277.96136474609375 173.7516326904297 443.3218078613281 232.3050994873047 3.9033146 1.4705621 1.4902143 -6.619762 1.4960293 19.165133 0.1428816318511963 0.6973263025283813
