Pedestrian 0.0 0 -3.7254984378814697 1103.0572509765625 82.55477905273438 1238.0 331.9603271484375 0.8057499 1.7315038 0.6238124 4.2892675 1.0459793 5.332592 -3.0481109619140625 0.7414851188659668
Pedestrian 0.0 0 -1.2904102802276611 602.9464721679688 159.8507080078125 642.52734375 238.31149291992188 0.8047677 1.749034 0.7160854 0.46128437 1.2676495 16.502447 -1.2624651193618774 0.7122389674186707
Pedestrian 0.0 0 1.1384996175765991 650.860595703125 163.12844848632812 686.7591552734375 238.52366638183594 0.83880156 1.7873777 0.5707217 1.6015176 1.3530476 17.517492 1.2296700477600098 0.649969220161438
Pedestrian 0.0 0 -0.645370602607727 683.7337646484375 161.8362579345703 721.7758178710938 227.00975036621094 0.7716411 1.6610535 0.6104148 2.6118057 1.1610692 18.759491 -0.5070340633392334 0.557062029838562
Pedestrian 0.0 0 0.17428651452064514 662.9072875976562 159.494384765625 697.0778198242188 233.051025390625 0.6901099 1.629337 0.52099365 1.7455325 1.1431146 16.255104 0.28126025199890137 0.5560128688812256
Pedestrian 0.0 0 0.709787130355835 409.3459777832031 161.96224975585938 450.754150390625 235.57345581054688 0.75486237 1.7103986 0.59540987 -4.1186733 1.2576338 17.125425 0.473768949508667 0.4946442246437073
Pedestrian 0.0 0 -0.8195098638534546 495.2647705078125 161.536865234375 519.4649047851562 208.77037048339844 0.7432194 1.7567068 0.5488085 -3.5769284 1.0152743 27.175556 -0.9503805637359619 0.4392387568950653
Pedestrian 0.0 0 1.8646905422210693 457.1396789550781 151.03579711914062 516.5366821289062 273.0570983886719 0.6861865 1.6335373 0.64788735 -1.6281393 1.2270296 9.996829 1.703242540359497 0.4168599545955658
Pedestrian 0.0 0 2.2134151458740234 293.3982849121094 171.42642211914062 390.861083984375 341.0348205566406 0.78573173 1.6179874 0.5797981 -2.6688993 1.5232631 7.309753 1.8633389472961426 0.39881277084350586
Pedestrian 0.0 0 1.5985562801361084 708.2404174804688 159.93161010742188 720.6915893554688 200.87982177734375 0.6108474 1.5965583 0.46973842 4.4447775 0.7566267 28.348162 1.754082441329956 0.3907006084918976
Pedestrian 0.0 0 -1.82032310962677 728.4114990234375 152.50982666015625 750.0810546875 205.25631713867188 0.661153 1.7024493 0.5493906 4.4843025 0.76785624 23.529171 -1.631996750831604 0.33767685294151306
Pedestrian 0.0 0 -1.759128212928772 644.1328125 160.21359252929688 661.10693359375 200.0330047607422 0.6558334 1.7910227 0.6578961 2.3125958 0.8345298 32.671368 -1.688462495803833 0.32705891132354736
Pedestrian 0.0 0 0.06563496589660645 716.3829345703125 155.8592529296875 750.5005493164062 219.4349822998047 0.92229074 1.7751225 0.5325747 3.7273607 1.0603461 20.42492 0.2461395263671875 0.30341237783432007
Pedestrian 0.0 0 -1.4704458713531494 624.65771484375 158.2217559814453 647.7715454101562 210.92555236816406 1.2370344 1.7646004 0.67603683 1.1817625 0.9862919 24.70993 -1.4226568937301636 0.2930806279182434
Pedestrian 0.0 0 -0.38629913330078125 391.56634521484375 193.80203247070312 450.3489074707031 306.4679260253906 0.6557843 1.5718707 0.6076557 -2.6987987 1.7614923 10.554379 -0.6366391777992249 0.29019686579704285
Pedestrian 0.0 0 -2.3875391483306885 673.319091796875 160.4418487548828 699.839111328125 210.07986450195312 0.7747341 1.7092364 0.52389747 2.9615426 0.9851886 25.197588 -2.270543098449707 0.2884756028652191
Cyclist 0.0 0 -1.4333775043487549 909.6387939453125 128.90188598632812 938.6270751953125 195.35385131835938 1.7240355 1.6252574 0.4491476 8.2536545 0.34002352 18.416126 -1.0120420455932617 0.4483063519001007
Cyclist 0.0 0 -1.3775544166564941 624.3121337890625 160.10476684570312 650.1576538085938 213.51800537109375 1.1428218 1.7799308 0.6782101 1.2092165 1.0680437 24.571125 -1.3283811807632446 0.14638452231884003
Car 0.0 0 1.5163078308105469 559.0396118164062 168.4720916748047 587.8707885742188 194.69277954101562 3.612708 1.5578245 1.5849786 -1.7647829 0.78457487 44.547943 1.4767131805419922 0.5132326483726501
Car 0.0 0 -1.926159143447876 710.7033081054688 180.88038635253906 851.1505737304688 262.3848571777344 3.6608021 1.4172055 1.5079885 3.3909395 1.407709 14.397477 -1.6948513984680176 0.27632400393486023
