Pedestrian 0.0 0 2.980266571044922 156.25462341308594 182.1686248779297 188.61083984375 243.98123168945312 0.7013206 1.7423768 0.691792 -12.769334 2.0198777 20.97473 2.4334044456481934 0.39349114894866943
Cyclist 0.0 0 1.1883273124694824 744.8469848632812 140.63308715820312 784.9718627929688 201.77317810058594 1.7914307 1.769687 0.55198926 4.613753 0.83741736 21.811985 1.3967784643173218 0.5341412425041199
Car 0.0 0 -1.74783194065094 669.1668090820312 180.876708984375 785.6468505859375 266.2633361816406 3.995724 1.4568995 1.6127052 2.1837432 1.6433069 14.709053 -1.6004459857940674 0.9630722999572754
Car 0.0 0 -1.7571280002593994 635.6163330078125 177.41383361816406 697.1256713867188 222.14366149902344 3.9526696 1.5352075 1.5917287 2.0047867 1.7206656 27.23375 -1.6836464405059814 0.9552292227745056
Car 0.0 0 -1.0738766193389893 0.0 184.81553649902344 359.1098937988281 375.0 4.2975435 1.5169361 1.6490402 -3.5383582 1.6494685 5.7812734 -1.6231003999710083 0.9340327382087708
Car 0.0 0 -2.661182403564453 164.2769317626953 188.77761840820312 330.2317199707031 253.943603515625 3.406167 1.5355003 1.5609812 -9.114178 1.955439 18.201553 -3.1254189014434814 0.9296289086341858
Car 0.0 0 -1.540418267250061 498.526611328125 177.58489990234375 545.3855590820312 223.3603973388672 4.4643006 1.632032 1.694837 -3.4483674 1.834328 28.49679 -1.660841703414917 0.9265404343605042
Car 0.0 0 -1.5441639423370361 504.0120849609375 174.32984924316406 542.4885864257812 209.32139587402344 3.5559442 1.5301611 1.6836098 -4.0246463 1.602937 33.553898 -1.6635392904281616 0.7201770544052124
Car 0.0 0 -1.5501660108566284 623.2033081054688 173.66468811035156 653.2488403320312 204.49984741210938 4.1444936 1.7789605 1.7392014 1.7234992 1.8309803 43.856777 -1.510887861251831 0.6953787803649902
Car 0.0 0 -1.5972665548324585 632.1317138671875 179.13011169433594 669.083251953125 213.29635620117188 3.9321425 1.4486016 1.5866929 1.7842174 1.7559706 33.306187 -1.5437475442886353 0.49909791350364685
Car 0.0 0 1.7015883922576904 472.19525146484375 176.6088409423828 510.0506896972656 207.1475372314453 4.329301 1.7101101 1.6831442 -7.082573 1.9463333 43.13114 1.5388307571411133 0.4318605959415436
