Pedestrian 0.0 0 2.2175354957580566 727.1251220703125 179.4696044921875 781.6210327148438 274.23175048828125 0.6853512 1.6212871 0.6797084 2.527042 1.7442827 12.891109 2.4111106395721436 0.28142330050468445
Pedestrian 0.0 0 2.4586267471313477 922.9684448242188 147.19346618652344 978.52294921875 221.04408264160156 1.0223583 1.7110131 0.6355499 8.042127 1.1168534 17.146269 2.897193431854248 0.15579001605510712
Pedestrian 0.0 0 -1.6138304471969604 757.1046142578125 157.1747283935547 770.2761840820312 189.4711151123047 0.6154998 1.8289375 0.7092371 8.742601 0.9413817 41.21986 -1.404830813407898 0.12402131408452988
Pedestrian 0.0 0 2.8138253688812256 782.6041870117188 143.71482849121094 814.2089233398438 190.1328582763672 1.0952898 1.8308941 0.5662549 7.4681473 0.6818983 28.780079 3.067715883255005 0.11475738883018494
Cyclist 0.0 0 -1.8554222583770752 770.1431274414062 160.09971618652344 788.7747802734375 195.52989196777344 1.5728127 1.6805663 0.45433247 8.176903 1.0759476 35.01984 -1.6260385513305664 0.1900201290845871
Cyclist 0.0 0 1.36668062210083 788.2423706054688 139.6857147216797 809.6777954101562 186.4934539794922 1.2989665 1.8273933 0.574518 7.49865 0.532848 28.829496 1.621145486831665 0.15017057955265045
Cyclist 0.0 0 1.0150339603424072 800.7284545898438 156.8926239013672 837.0964965820312 208.29833984375 1.4933954 1.7465545 0.51112276 7.2654233 1.204611 25.300226 1.2946773767471313 0.10794989764690399
Car 0.0 0 1.9127345085144043 302.3985290527344 184.41348266601562 353.62860107421875 211.74913024902344 3.8480458 1.4735161 1.6129144 -16.569805 2.185763 42.48568 1.5408704280853271 0.9160251021385193
Car 0.0 0 1.7979683876037598 414.6058044433594 179.6638641357422 446.13604736328125 199.68646240234375 3.6951876 1.4389697 1.5401827 -13.673165 1.9757879 54.977634 1.5542097091674805 0.5253444910049438
Car 0.0 0 2.192965269088745 95.20053100585938 184.93324279785156 179.4271697998047 215.34178161621094 4.2452316 1.4987446 1.6918987 -25.747772 2.1953866 39.43131 1.614499568939209 0.11669440567493439
