Pedestrian 0.0 0 2.561939001083374 991.4254760742188 121.19123840332031 1064.32470703125 250.83392333984375 0.7812169 1.7538664 0.38600573 5.7898073 0.9531806 9.770579 3.096881628036499 0.4701865613460541
Pedestrian 0.0 0 -0.07218056917190552 776.1913452148438 158.54336547851562 792.5325927734375 190.338623046875 0.87464076 1.8101494 0.4946132 10.281075 0.5615116 40.568398 0.17601966857910156 0.39857080578804016
Pedestrian 0.0 0 -0.454504132270813 509.75323486328125 164.73733520507812 521.1117553710938 187.22430419921875 0.81750697 1.9219629 0.53708667 -7.6935487 0.5759227 60.87526 -0.5802198052406311 0.26491662859916687
Pedestrian 0.0 0 -0.7280069589614868 272.9803771972656 181.20944213867188 321.5064392089844 262.7428283691406 0.674939 1.6155982 0.6101825 -6.325911 1.6321551 14.446742 -1.1407346725463867 0.23429641127586365
Pedestrian 0.0 0 0.6580259799957275 119.15814208984375 108.1915054321289 206.22445678710938 244.35670471191406 0.8669834 1.8302426 0.55543953 -6.1774883 0.859991 9.816847 0.0963590145111084 0.19626691937446594
Pedestrian 0.0 0 -1.0091966390609741 988.2852172851562 150.14405822753906 1027.20068359375 218.47982788085938 0.7744882 1.7175066 0.5411222 10.3240795 0.9561542 18.18713 -0.4928971827030182 0.17919215559959412
Pedestrian 0.0 0 -1.3801400661468506 986.7844848632812 147.93101501464844 1005.6676635742188 187.91793823242188 0.59588 1.8826191 0.68810225 18.651304 0.3506926 33.732727 -0.8750622272491455 0.14723527431488037
Pedestrian 0.0 0 2.1089601516723633 113.28182983398438 151.20826721191406 138.61117553710938 192.0568084716797 0.8963674 1.9814006 0.66689885 -23.560072 0.5620147 34.757786 1.513264775276184 0.12715214490890503
Cyclist 0.0 0 1.2121148109436035 878.0977783203125 156.94583129882812 905.4699096679688 194.13938903808594 1.927585 1.7108116 0.5565835 13.549317 0.6288343 33.488194 1.5965802669525146 0.6997507214546204
Cyclist 0.0 0 -1.8452938795089722 987.3048706054688 148.8203125 1026.1226806640625 216.15567016601562 1.7030698 1.6645179 0.42485282 10.368212 0.88299817 18.350773 -1.3310062885284424 0.6914365291595459
Cyclist 0.0 0 3.672121524810791 87.75930786132812 109.40510559082031 224.55494689941406 247.28782653808594 1.5111896 1.846226 0.58384156 -6.2295036 0.89594924 9.781626 3.1050407886505127 0.12101546674966812
Car 0.0 0 1.1701033115386963 434.7969665527344 173.2853240966797 513.225830078125 209.95578002929688 4.4446654 1.4511507 1.6905005 -5.710856 1.1671447 30.293373 0.983771800994873 0.9326128363609314
Car 0.0 0 -0.8124487996101379 0.0 203.37335205078125 300.2097473144531 370.0 3.941982 1.4556125 1.6021435 -3.1891308 1.6318586 3.4136896 -1.5638505220413208 0.8187026977539062
