Pedestrian 0.0 0 2.53401517868042 990.1807861328125 116.25238037109375 1063.6280517578125 245.71133422851562 0.77684265 1.7461194 0.40937147 5.772548 0.88123 9.764291 3.0679311752319336 0.6044275164604187
Pedestrian 0.0 0 -0.09753534197807312 775.4091186523438 157.0917510986328 793.3824462890625 189.00241088867188 0.95536137 1.8161314 0.48779714 10.27758 0.48528188 40.54817 0.15070271492004395 0.3106382191181183
Pedestrian 0.0 0 -0.3034270107746124 507.9990234375 164.85679626464844 521.0753173828125 186.43475341796875 1.0046623 1.8445079 0.52949774 -7.772105 0.50850636 60.884594 -0.43039339780807495 0.29772883653640747
Pedestrian 0.0 0 -0.8064463138580322 988.4588623046875 151.835693359375 1030.208984375 220.6260986328125 0.7523319 1.732948 0.5703692 10.3616905 1.0124384 18.187254 -0.28858718276023865 0.25796836614608765
Pedestrian 0.0 0 -0.7008087635040283 273.6134033203125 179.85447692871094 320.9883728027344 261.49609375 0.65014976 1.6215303 0.6083771 -6.3331575 1.6103383 14.464103 -1.113515853881836 0.23713207244873047
Pedestrian 0.0 0 0.6412222385406494 120.33793640136719 115.45624542236328 202.996337890625 250.41159057617188 0.78867966 1.8158579 0.57188004 -6.1961308 0.9423492 9.824546 0.07854986190795898 0.2268247753381729
Pedestrian 0.0 0 -1.786618947982788 117.02938079833984 151.199951171875 136.61732482910156 191.9980010986328 0.81690496 1.9734058 0.63603365 -23.491709 0.55760026 34.70695 -2.3816444873809814 0.20479464530944824
Pedestrian 0.0 0 -2.3985252380371094 1040.9896240234375 168.6397247314453 1094.5889892578125 238.249267578125 1.0629424 1.6574311 0.4725158 11.339382 1.3766358 17.403572 -1.821057677268982 0.15991194546222687
Pedestrian 0.0 0 -0.9661062359809875 787.8272094726562 161.48963928222656 806.8928833007812 194.68064880371094 0.7946417 1.7464406 0.64352083 10.246853 0.7475679 37.700592 -0.7007216215133667 0.14960554242134094
Cyclist 0.0 0 1.0974724292755127 875.2186279296875 156.5361328125 906.3511962890625 194.3285675048828 1.9196018 1.7402983 0.55117476 13.519078 0.63824576 33.53454 1.4806818962097168 0.49141550064086914
Cyclist 0.0 0 -1.9955297708511353 984.4354248046875 151.24188232421875 1032.714111328125 219.92100524902344 1.599763 1.7008522 0.46379277 10.39678 0.9778653 18.322945 -1.4794117212295532 0.438183069229126
Car 0.0 0 -0.8282648921012878 0.0 204.9509735107422 298.4994812011719 370.0 3.9692369 1.4531531 1.6069969 -3.1820943 1.6417335 3.407216 -1.5795116424560547 0.83989018201828
Car 0.0 0 1.6625341176986694 432.9659423828125 172.352294921875 467.5004577636719 200.61952209472656 3.9033647 1.6004506 1.6582701 -9.164914 1.1405257 42.065697 1.4480149745941162 0.8131486177444458
