Pedestrian 0.0 0 1.6033600568771362 379.49853515625 128.3417205810547 419.782470703125 214.93032836914062 0.6485654 1.884999 0.8456348 -4.7401414 0.9163425 16.12475 1.3174474239349365 0.2433047890663147
Pedestrian 0.0 0 0.6085487604141235 182.65145874023438 150.30111694335938 231.2826385498047 239.85025024414062 0.61214954 1.6952419 0.56003577 -7.8448734 1.2686542 13.964852 0.09672284126281738 0.2080460488796234
Pedestrian 0.0 0 -1.384455919265747 376.1230773925781 151.8434295654297 411.4041442871094 224.36224365234375 0.77545464 1.9354637 0.79369324 -5.9367204 1.3750681 19.682215 -1.6774063110351562 0.155454620718956
Pedestrian 0.0 0 1.4252493381500244 1009.0712280273438 173.8378143310547 1031.6822509765625 218.5213165283203 1.2431242 1.7647961 0.6199448 16.565855 1.8059375 29.216784 1.9410489797592163 0.15206006169319153
Pedestrian 0.0 0 -0.10325987637042999 414.3470764160156 132.2009735107422 445.94268798828125 209.7264862060547 0.7110154 1.9360496 0.7396143 -4.662019 0.9211771 18.485617 -0.35030531883239746 0.12692604959011078
Pedestrian 0.0 0 -2.347806215286255 438.71539306640625 168.6259002685547 459.2381896972656 207.27162170410156 0.6873899 1.7534552 0.6160231 -7.4439325 1.5619737 33.180428 -2.5684990882873535 0.1159648671746254
Pedestrian 0.0 0 -1.4729907512664795 471.5972595214844 160.82240295410156 485.8697814941406 196.4360809326172 0.99306625 1.8185769 0.63464886 -6.8296714 1.2045534 37.36298 -1.6537871360778809 0.11393703520298004
Cyclist 0.0 0 -2.8020763397216797 445.5133056640625 169.55160522460938 480.7120361328125 204.0989532470703 1.6950583 1.8062401 0.68175554 -7.803303 1.6339391 38.175568 -3.00370454788208 0.2833353579044342
Cyclist 0.0 0 2.4331493377685547 1000.5662231445312 171.92642211914062 1041.2301025390625 215.31448364257812 1.378512 1.7327722 0.5923454 16.603848 1.6960863 29.235252 2.9496610164642334 0.21145954728126526
Cyclist 0.0 0 1.024390459060669 785.6050415039062 161.35226440429688 805.5302124023438 189.19345092773438 1.4304398 1.6822457 0.51671803 11.366701 0.987635 44.354153 1.2752628326416016 0.1770865023136139
Car 0.0 0 -0.1328168660402298 655.5220336914062 181.5289306640625 742.74169921875 212.39598083496094 4.072617 1.4623524 1.682774 4.3024073 1.9003812 35.53412 -0.01232517696917057 0.9144534468650818
Car 0.0 0 -2.5123722553253174 1177.1146240234375 126.69205474853516 1242.0 184.77597045898438 4.7253833 2.4270673 1.8233817 28.68933 0.49852377 32.652046 -1.7914854288101196 0.20299465954303741
Car 0.0 0 3.014970302581787 637.4908447265625 179.632568359375 689.625 198.35511779785156 3.9693117 1.4520892 1.6512994 4.222285 2.0019927 57.562637 3.0881903171539307 0.18890191614627838
Car 0.0 0 -2.078277111053467 1147.3916015625 124.84803771972656 1242.0 184.4608154296875 4.641569 2.475335 1.7817942 26.382702 0.48231438 32.39896 -1.3948731422424316 0.1586613804101944
