Car 0.0 0 -1.9881364107131958 778.9054565429688 202.30264282226562 1124.075439453125 375.0 3.5710337 1.4808621 1.6450638 2.9093416 1.8470575 7.150738 -1.6017311811447144 0.9750412106513977
Car 0.0 0 -1.6961408853530884 665.006103515625 183.85855102539062 727.30322265625 234.03665161132812 3.6980352 1.5334413 1.6508836 2.827948 1.9392145 24.720875 -1.5822408199310303 0.9680508375167847
Car 0.0 0 -1.8021644353866577 713.8289184570312 185.73239135742188 867.1704711914062 298.671142578125 3.9222054 1.6092415 1.6950188 2.9158335 1.8712754 12.692396 -1.5763517618179321 0.9632374048233032
Car 0.0 0 0.662205696105957 0.0 161.06610107421875 312.41473388671875 318.6453552246094 4.2126427 1.6556542 1.630814 -5.9954033 1.5321591 8.492823 0.047505855560302734 0.9132339358329773
Car 0.0 0 -2.550597667694092 25.90093994140625 155.60040283203125 324.3818054199219 273.39208984375 3.6073983 1.6360515 1.564224 -6.4816885 1.396768 10.898051 -3.0871527194976807 0.9127921462059021
Car 0.0 0 0.37344807386398315 337.7572326660156 179.55780029296875 485.0494689941406 230.70025634765625 4.2708845 1.5570716 1.6729332 -6.3971715 1.7837404 23.298695 0.10547971725463867 0.9079813361167908
Car 0.0 0 -1.652295708656311 646.9932250976562 177.8878631591797 687.0535278320312 215.0634002685547 3.825645 1.7072775 1.6512619 2.7202165 1.9691854 35.56994 -1.5759690999984741 0.9014129042625427
Car 0.0 0 -2.897951602935791 387.96380615234375 173.32342529296875 507.04931640625 219.37368774414062 4.2312093 1.7340776 1.7403195 -6.3048573 1.75332 28.104856 -3.118631362915039 0.8975677490234375
Car 0.0 0 -2.7482268810272217 218.69129943847656 177.41644287109375 420.39666748046875 256.82403564453125 3.6955647 1.6050354 1.5783861 -6.180068 1.7085049 15.489517 -3.127856969833374 0.8952764868736267
Car 0.0 0 3.916860818862915 0.0 173.27395629882812 165.61863708496094 375.0 3.9051058 1.6428229 1.6761954 -6.468874 1.6474094 6.3933353 3.1255898475646973 0.7762928605079651
