Pedestrian 0.0 0 -3.066293954849243 598.885498046875 163.0837860107422 644.6012573242188 267.4168701171875 0.7137506 1.6850774 0.7149488 0.15376313 1.527637 12.038246 -3.0535218715667725 0.48919618129730225
Pedestrian 0.0 0 -0.2841626703739166 714.642578125 175.03054809570312 748.5730590820312 237.76849365234375 0.8092564 1.7404593 0.5968066 3.38249 1.8033495 20.382462 -0.11971040070056915 0.13835686445236206
Car 0.0 0 -1.6251451969146729 633.1708984375 173.66305541992188 743.4038696289062 274.8308410644531 3.4703598 1.4200387 1.550795 1.1171455 1.435741 11.917494 -1.531678318977356 0.8591189384460449
Car 0.0 0 -1.6934386491775513 618.253662109375 169.1736297607422 667.5823974609375 203.34994506835938 3.7349715 1.3238987 1.5810366 1.2599196 1.1816888 29.872696 -1.651287317276001 0.6898143291473389
Car 0.0 0 2.941775321960449 655.1876831054688 160.7689971923828 720.0597534179688 188.86581420898438 3.5825021 1.6336184 1.6360725 4.55628 0.9313248 42.93194 3.0475075244903564 0.4071902632713318
Car 0.0 0 -1.6078075170516968 614.7855834960938 158.3518524169922 643.9224243164062 186.20982360839844 4.191408 1.7205915 1.7209895 1.178391 0.8252539 46.66724 -1.58256196975708 0.24293674528598785
Car 0.0 0 2.3963727951049805 0.0 60.397552490234375 137.20660400390625 324.8119201660156 3.4483674 1.5266474 1.5080136 -5.8717585 0.8777163 5.9189973 1.6149810552597046 0.1467926949262619
Car 0.0 0 1.6520500183105469 385.0417785644531 168.76705932617188 432.7460632324219 212.10618591308594 3.233059 1.466689 1.4076191 -7.2723856 1.3287362 26.136055 1.3806638717651367 0.1384361982345581
Car 0.0 0 0.16645298898220062 249.19622802734375 170.8413543701172 361.7295227050781 209.87510681152344 3.741135 1.4205674 1.5187169 -11.528185 1.3476787 27.424637 -0.23147989809513092 0.136538565158844
Car 0.0 0 1.4313864707946777 679.52783203125 166.78076171875 732.9448852539062 203.837158203125 4.2218647 1.410557 1.5814568 3.8263218 1.1797359 29.58202 1.560018539428711 0.13336141407489777
Car 0.0 0 -1.718154788017273 638.6234741210938 155.958251953125 665.6012573242188 183.14248657226562 4.632199 2.3210402 1.7200817 3.6723309 0.87880844 63.9875 -1.660826325416565 0.11672669649124146
Car 0.0 0 1.6155116558074951 597.3824462890625 179.60910034179688 656.9197387695312 234.7860107421875 4.0441 1.4291769 1.5712899 0.53964794 1.6480521 21.265787 1.6408826112747192 0.10668297857046127
