Pedestrian 0.0 0 -0.8200356960296631 0.0 155.70382690429688 25.12989616394043 210.86053466796875 0.81346905 1.8709003 0.6211883 -20.873205 1.2895292 24.894232 -1.51780104637146 0.328645795583725
Pedestrian 0.0 0 -1.4814212322235107 504.0471496582031 165.36184692382812 516.0706176757812 193.11460876464844 0.65892047 1.8000579 0.72303987 -6.5584188 1.3144714 47.143246 -1.6196508407592773 0.1985802799463272
Pedestrian 0.0 0 -1.4446797370910645 320.8647766113281 169.59799194335938 332.8451843261719 197.9797821044922 0.66895866 1.889005 0.67049134 -19.031717 1.6726536 48.427193 -1.8191341161727905 0.1751636415719986
Pedestrian 0.0 0 1.2778726816177368 923.5540771484375 174.7454833984375 967.4566650390625 243.32955932617188 1.5444089 1.668603 0.5895003 8.484756 1.7193197 18.401815 1.7099045515060425 0.11523038893938065
Cyclist 0.0 0 0.9185110926628113 1072.809326171875 76.52819061279297 1242.0 354.8955078125 1.7242297 1.6839182 0.5339713 4.1091332 1.1015757 5.227764 1.584670066833496 0.6207432746887207
Cyclist 0.0 0 -0.18387436866760254 910.3215942382812 161.43572998046875 955.5072631835938 200.05545043945312 1.8424754 1.7781736 0.63779795 15.047326 1.2527984 33.74424 0.23558378219604492 0.2259782999753952
Cyclist 0.0 0 1.2794841527938843 924.3734130859375 174.80955505371094 967.0499877929688 243.0857391357422 1.4772947 1.663573 0.58202374 8.488157 1.7158846 18.39423 1.7118252515792847 0.19542862474918365
Car 0.0 0 2.0017752647399902 115.5516586303711 182.9226531982422 295.354248046875 272.7572326660156 4.4671865 1.6499406 1.7486756 -8.765701 1.9062512 16.050793 1.5019136667251587 0.9350370168685913
Car 0.0 0 1.7999887466430664 374.1404724121094 187.10157775878906 431.3821716308594 221.92152404785156 4.424504 1.44425 1.6286379 -9.7205 2.1607578 34.01552 1.521640658378601 0.7914353609085083
Car 0.0 0 1.8078267574310303 435.0283203125 184.69097900390625 471.7098693847656 210.01889038085938 3.3953402 1.5085272 1.5472456 -10.038247 2.2964804 46.290707 1.5942808389663696 0.7598328590393066
Car 0.0 0 1.4494690895080566 1228.7025146484375 154.3810272216797 1242.0 290.2766418457031 4.0179677 1.4966034 1.6110878 9.763637 1.2935205 10.029938 2.221414089202881 0.2756922245025635
Car 0.0 0 0.5940874814987183 1074.4781494140625 24.079519271850586 1242.0 375.0 4.0839744 1.4826821 1.6106179 4.9572554 1.0445247 4.244331 1.456809639930725 0.25433793663978577
Car 0.0 0 -1.6258143186569214 592.6271362304688 178.6095733642578 611.1651611328125 195.00241088867188 3.64811 1.4838119 1.5572165 -0.81003934 2.0454915 68.49438 -1.637640118598938 0.24775876104831696
