Pedestrian 0.0 0 2.0727500915527344 535.15478515625 161.6970977783203 553.75732421875 205.02796936035156 0.48067236 1.8878063 0.668602 -2.5232902 1.0260061 31.649508 1.993192434310913 0.49676769971847534
Pedestrian 0.0 0 -3.4840221405029297 1007.1824340820312 144.06614685058594 1161.268310546875 362.8204650878906 0.8941991 1.7167225 0.7024221 3.9902697 1.424346 6.081481 -2.903346538543701 0.4827035665512085
Pedestrian 0.0 0 1.6242647171020508 775.5865478515625 152.99530029296875 813.781982421875 245.249267578125 0.63949335 1.711823 0.67409813 3.6612158 1.1841655 13.734695 1.8847739696502686 0.3846606910228729
Pedestrian 0.0 0 -1.934646487236023 611.9599609375 163.84310913085938 626.7374267578125 194.51052856445312 0.8266923 1.8674529 0.6579194 1.1050435 0.7930057 44.23866 -1.909672498703003 0.3595995306968689
Pedestrian 0.0 0 -2.0186166763305664 630.2630004882812 162.22811889648438 644.9198608398438 192.6190643310547 0.77490216 1.8709613 0.6376732 2.2530315 0.6852627 44.701008 -1.9682570695877075 0.29851964116096497
Pedestrian 0.0 0 0.2962847054004669 249.50003051757812 153.9976806640625 289.0614929199219 247.6243133544922 0.52810574 1.7105535 0.5779046 -6.2489634 1.2093543 13.444039 -0.13881915807724 0.28967979550361633
Pedestrian 0.0 0 -0.027414903044700623 618.8085327148438 162.9510955810547 633.5109252929688 192.69224548339844 0.9307538 1.9026383 0.5208814 1.5956249 0.7167127 46.215363 0.0070972442626953125 0.2753836512565613
Pedestrian 0.0 0 1.4222537279129028 436.46630859375 164.1619873046875 459.0521545410156 216.9643096923828 0.90762246 1.7578622 0.6224046 -5.2595277 1.1817389 24.446165 1.210336685180664 0.2744593918323517
Pedestrian 0.0 0 -0.2725811004638672 710.2500610351562 158.2541046142578 721.1818237304688 194.55613708496094 0.4336066 1.8417693 0.4958697 5.833148 0.66326845 36.71301 -0.11501316726207733 0.24849942326545715
Pedestrian 0.0 0 -0.243033304810524 486.612548828125 173.258056640625 502.30316162109375 211.79171752929688 0.5811643 1.7776835 0.66551435 -5.0105743 1.3983823 33.55495 -0.3912625014781952 0.21004760265350342
Pedestrian 0.0 0 0.27868542075157166 448.3789978027344 154.1705780029297 494.9580383300781 224.06069946289062 1.090545 1.790722 0.53543687 -3.4083035 1.0916656 18.722637 0.09861540794372559 0.18805140256881714
Pedestrian 0.0 0 -1.301802635192871 472.4546203613281 170.79054260253906 496.29351806640625 221.36183166503906 0.8651728 1.7638088 0.6300963 -4.174413 1.3913519 25.514952 -1.4639724493026733 0.18536488711833954
Cyclist 0.0 0 1.8345062732696533 296.54229736328125 179.15328979492188 339.4848327636719 254.5371856689453 1.519677 1.6141902 0.5240827 -6.391195 1.5651685 16.163553 1.4579648971557617 0.14649122953414917
Cyclist 0.0 0 -3.4827957153320312 1003.6298828125 142.3142547607422 1163.0631103515625 363.3663024902344 0.9435328 1.7366067 0.68095195 3.9826736 1.4301533 6.082981 -2.903106689453125 0.1116822212934494
Car 0.0 0 1.6323293447494507 539.3949584960938 172.08758544921875 605.2205810546875 230.70523071289062 4.023108 1.5086882 1.6285454 -0.7706513 1.2676091 20.516247 1.5947840213775635 0.9191893339157104
Car 0.0 0 0.3035130500793457 1167.165771484375 139.7491912841797 1238.0 334.6421203613281 4.1166077 1.4922342 1.5937045 8.811276 1.1739575 7.7023377 1.1559635400772095 0.21196047961711884
Car 0.0 0 -1.4270129203796387 777.8870239257812 172.15341186523438 1050.6287841796875 374.0 3.6442864 1.4736485 1.5250715 2.7913024 1.421736 6.0394897 -0.9940803050994873 0.1955961138010025
