Pedestrian 0.0 0 -1.6427935361862183 851.2127685546875 162.01329040527344 887.663330078125 250.6428680419922 0.83263206 1.6341364 0.5903337 5.0692043 1.2761084 13.7239 -1.2889673709869385 0.8069705963134766
Pedestrian 0.0 0 2.4997007846832275 456.3885498046875 184.54278564453125 542.18310546875 302.3076477050781 1.0413201 1.7200845 0.8156852 -1.6288593 1.7715225 11.179894 2.3550233840942383 0.7853180766105652
Pedestrian 0.0 0 2.3208515644073486 490.9060363769531 168.64309692382812 537.3363647460938 250.242431640625 0.7825031 1.7188709 0.64316237 -1.9335482 1.4492756 15.634456 2.1978042125701904 0.7400934100151062
Pedestrian 0.0 0 -2.0057389736175537 770.8989868164062 157.42344665527344 809.42236328125 234.0787811279297 0.81201553 1.7586713 0.5887899 4.404267 1.2075028 16.930096 -1.7512357234954834 0.7215306758880615
Pedestrian 0.0 0 -1.807593822479248 587.6568603515625 170.17538452148438 614.587158203125 229.59193420410156 0.8408274 1.7155674 0.61338145 -0.04441014 1.3897226 21.219324 -1.8096867799758911 0.6652833223342896
Pedestrian 0.0 0 -1.974839687347412 604.2288818359375 168.79608154296875 625.106201171875 211.48463439941406 0.70732397 1.8845713 0.71357834 0.5769583 1.3246822 32.171715 -1.956907868385315 0.5103795528411865
Pedestrian 0.0 0 2.541555881500244 568.8807983398438 172.3336639404297 592.6727294921875 219.98046875 0.6503928 1.6874762 0.56529254 -0.7664427 1.3638955 25.858149 2.5119242668151855 0.4975464344024658
Pedestrian 0.0 0 -2.962780237197876 560.3073120117188 171.1264190673828 575.9837646484375 206.38328552246094 0.70632976 1.7701895 0.5561729 -1.6906304 1.2502257 36.386078 -3.0092105865478516 0.47660204768180847
Pedestrian 0.0 0 1.324932336807251 12.68730640411377 153.4097900390625 118.88334655761719 343.4915466308594 0.8440196 1.7295412 0.6467024 -5.309651 1.4753288 7.050181 0.6794357299804688 0.44976603984832764
Pedestrian 0.0 0 1.5171725749969482 693.1736450195312 162.4796142578125 710.8949584960938 208.8351593017578 0.8134844 1.7854564 0.6419583 3.9111133 1.0538759 28.097616 1.655481219291687 0.4470203220844269
Pedestrian 0.0 0 1.4820815324783325 631.2929077148438 171.15908813476562 647.0963745117188 211.3677215576172 0.67527443 1.7827663 0.64886785 1.67608 1.3252199 32.196163 1.534092903137207 0.42569372057914734
Pedestrian 0.0 0 -1.7733869552612305 663.0278930664062 171.21949768066406 677.0508422851562 203.1094970703125 0.720609 1.7950481 0.6609512 3.8957806 1.2171737 40.825245 -1.6782492399215698 0.2983887493610382
Pedestrian 0.0 0 -0.4610060751438141 865.4032592773438 144.643310546875 911.9298706054688 223.49713134765625 0.79880476 1.736059 0.57042307 6.406209 0.9258367 16.129688 -0.08294274657964706 0.28868919610977173
Pedestrian 0.0 0 1.1875779628753662 615.687255859375 176.3397979736328 633.521240234375 212.91806030273438 0.7276971 1.6684264 0.5941601 1.0567393 1.433989 33.20633 1.219390630722046 0.27726423740386963
Pedestrian 0.0 0 0.25491905212402344 460.0913391113281 195.28469848632812 491.89886474609375 259.2349853515625 0.6861223 1.6515086 0.67158234 -3.3552089 2.025559 19.066748 0.08073067665100098 0.24973510205745697
Pedestrian 0.0 0 0.5360301733016968 390.12548828125 173.93582153320312 434.70635986328125 269.94482421875 0.554793 1.5804523 0.49420795 -3.2310407 1.4572229 12.135566 0.2758209705352783 0.24470189213752747
Cyclist 0.0 0 1.4216687679290771 583.5791625976562 171.8248748779297 598.3931884765625 206.30506896972656 1.7603475 1.7430918 0.5086433 -0.5555524 1.254854 37.221577 1.406744360923767 0.30465325713157654
Car 0.0 0 -2.21134614944458 848.3277587890625 0.0 1238.0 374.0 3.8232846 1.8847812 1.5982608 2.3694158 1.3657506 2.9679222 -1.5376173257827759 0.6722846627235413
Car 0.0 0 -2.17095947265625 611.11767578125 183.95765686035156 686.8753051757812 219.72833251953125 3.4917445 1.4146544 1.4959605 1.948414 1.526553 30.546381 -2.107260227203369 0.24563580751419067
