Pedestrian 0.0 0 0.09734883904457092 249.97711181640625 165.0146026611328 265.0164794921875 194.71218872070312 0.84186614 1.9433429 0.5633632 -23.294361 1.4307083 47.624214 -0.3575637936592102 0.462428480386734
Pedestrian 0.0 0 -1.9292347431182861 987.8369140625 144.0801239013672 1016.050048828125 194.29940795898438 0.7958854 1.8124675 0.6721689 14.332549 0.774346 26.478622 -1.433105230331421 0.22671212255954742
Pedestrian 0.0 0 -1.7839510440826416 798.8274536132812 176.11431884765625 815.515625 213.4954376220703 0.69943154 1.7327615 0.6207919 9.213592 1.8878391 33.872623 -1.5183695554733276 0.1796194463968277
Pedestrian 0.0 0 2.18685245513916 87.03334045410156 196.7333984375 121.5538101196289 233.2195587158203 1.8324518 1.8419735 0.5544614 -27.029276 3.1483326 38.541824 1.5752562284469604 0.1345938891172409
Cyclist 0.0 0 2.159034013748169 87.14014434814453 196.11903381347656 121.44336700439453 232.46112060546875 1.8821098 1.8335434 0.55083543 -27.041834 3.1078649 38.560516 1.5474475622177124 0.18124035000801086
Cyclist 0.0 0 -1.8924345970153809 795.3238525390625 165.4380645751953 812.5885620117188 198.43389892578125 1.5612943 1.6882242 0.39565188 10.09039 1.3091476 37.7057 -1.6309524774551392 0.15051127970218658
Cyclist 0.0 0 -0.1331699788570404 904.4158325195312 184.56214904785156 946.95751953125 223.7850799560547 1.7759562 1.8179017 0.7214868 14.987784 2.3857937 34.382114 0.277911901473999 0.14434826374053955
Car 0.0 0 -2.404111623764038 773.6160278320312 187.7008514404297 930.0242309570312 256.8736877441406 3.4209113 1.4163905 1.5507567 5.678684 1.8142228 17.444107 -2.089395046234131 0.9753923416137695
Car 0.0 0 1.9445298910140991 321.7408142089844 184.37615966796875 378.4297180175781 212.23385620117188 4.812838 1.6305995 1.8168554 -16.752201 2.4151795 46.674717 1.5999362468719482 0.8743431568145752
Car 0.0 0 2.0230038166046143 231.86114501953125 189.32012939453125 298.4640808105469 221.1145782470703 3.6186564 1.4350834 1.599131 -17.285204 2.304415 36.260082 1.5781688690185547 0.716799259185791
Car 0.0 0 0.8173108100891113 956.132080078125 197.36912536621094 1113.1549072265625 260.14007568359375 3.8212063 1.4024141 1.4659014 11.380513 2.1420608 19.72879 1.3405327796936035 0.3499426543712616
