Pedestrian 0.0 0 1.2944512367248535 567.17333984375 179.27951049804688 589.3448486328125 228.93453979492188 0.77922916 1.6541144 0.55912054 -1.0465531 1.4574989 24.400496 1.2515869140625 0.23994438350200653
Pedestrian 0.0 0 -1.9331459999084473 1084.637451171875 114.34172821044922 1159.1092529296875 261.4806213378906 0.45775256 1.82632 0.6565422 6.5302706 0.94774806 9.222777 -1.317031741142273 0.1970781534910202
Car 0.0 0 -1.4778132438659668 732.198974609375 177.12351989746094 787.5593872070312 223.66249084472656 3.5874875 1.5946022 1.6777709 5.644762 1.3184649 26.58908 -1.268622875213623 0.9519457817077637
Car 0.0 0 -1.3319129943847656 133.70452880859375 202.48248291015625 205.23342895507812 240.57534790039062 4.4856973 1.4470779 1.6900891 -19.347696 2.271233 31.867268 -1.8775614500045776 0.9327143430709839
Car 0.0 0 1.7908108234405518 796.7521362304688 172.6236572265625 832.2546997070312 194.25711059570312 3.9376616 1.5097224 1.6638325 15.053612 0.63209987 52.28918 2.071122169494629 0.5268725752830505
Car 0.0 0 -1.3792955875396729 202.77984619140625 194.06845092773438 251.35565185546875 223.56016540527344 3.9879558 1.4943334 1.651581 -21.065807 2.0128126 39.85774 -1.865501880645752 0.519135594367981
Car 0.0 0 1.2582216262817383 300.9595642089844 194.4667510986328 354.7532653808594 223.5432891845703 4.407488 1.5723767 1.6855404 -16.633556 2.1497607 42.53455 0.8854458332061768 0.2468453347682953
Car 0.0 0 1.343287706375122 781.8811645507812 175.0540771484375 827.9758911132812 204.2411651611328 4.3875556 1.6566194 1.7034563 11.703883 1.0809917 43.02216 1.6089028120040894 0.20042571425437927
Car 0.0 0 1.9065767526626587 223.14871215820312 174.88470458984375 269.443115234375 200.70162963867188 3.7760916 1.6780671 1.6509476 -24.447502 1.007698 48.699745 1.44132661819458 0.18853643536567688
Car 0.0 0 1.9815030097961426 288.9914855957031 187.93524169921875 354.9544982910156 222.21112060546875 3.6933837 1.5358688 1.588375 -13.617648 1.6741502 34.376846 1.6043386459350586 0.18040785193443298
