Pedestrian 0.0 0 1.8228604793548584 356.3663635253906 163.97296142578125 393.8662109375 235.29872131347656 1.0374354 1.8208275 0.7034082 -6.0661 1.400511 18.584778 1.5073614120483398 0.4879288673400879
Pedestrian 0.0 0 1.959937334060669 691.3984375 138.20713806152344 735.7395629882812 220.64878845214844 0.77144337 1.8135248 0.7623051 2.4338124 0.884795 16.075186 2.1101980209350586 0.4105154871940613
Pedestrian 0.0 0 0.7904166579246521 622.8596801757812 154.581787109375 637.5375366210938 186.8177947998047 0.689782 1.7994691 0.4811128 1.411896 0.35406172 39.880333 0.8258051872253418 0.373945415019989
Pedestrian 0.0 0 1.4965765476226807 403.28643798828125 170.4732666015625 419.80059814453125 214.655517578125 0.66405714 1.7090266 0.57658523 -7.6221194 1.3226838 27.754126 1.2285542488098145 0.31973379850387573
Pedestrian 0.0 0 0.954179584980011 1056.8319091796875 0.0 1224.0 345.6802673339844 0.9077107 1.7185758 0.5527669 3.025184 0.8161815 3.9451773 1.6083498001098633 0.21804654598236084
Pedestrian 0.0 0 1.0663421154022217 867.86865234375 92.2356948852539 976.5516967773438 286.1321716308594 0.92422956 1.7276793 0.56961 2.9597528 0.94291747 6.781604 1.4778612852096558 0.18021677434444427
Pedestrian 0.0 0 2.7996110916137695 640.091552734375 144.1964874267578 668.0439453125 193.25198364257812 0.9277874 1.823299 0.52724177 1.8217053 0.47548097 26.65391 2.867851495742798 0.18020319938659668
Cyclist 0.0 0 1.504044771194458 517.820556640625 166.45347595214844 530.2317504882812 195.2886199951172 1.7535918 1.7232602 0.6348419 -4.955951 0.8851705 43.169643 1.389743447303772 0.7784561514854431
Cyclist 0.0 0 0.954179584980011 1056.8319091796875 0.0 1224.0 345.6802673339844 0.9077107 1.7185758 0.5527669 3.025184 0.8161815 3.9451773 1.6083498001098633 0.15750490128993988
Car 0.0 0 -1.6312346458435059 581.322509765625 155.5707550048828 631.493408203125 206.10333251953125 3.7936304 1.7109334 1.5923523 -0.04071669 0.8684143 25.87683 -1.6328080892562866 0.7816814184188843
Car 0.0 0 -1.7817533016204834 561.0398559570312 163.49639892578125 617.0579223632812 201.4365997314453 4.1194844 1.5586319 1.6325363 -0.7964056 0.8615906 31.235157 -1.807244896888733 0.4697507619857788
Car 0.0 0 0.903705358505249 433.9659423828125 171.54457092285156 485.1512145996094 192.4626007080078 4.0226707 1.5203513 1.6409361 -10.982038 0.87073904 53.308144 0.7005372047424316 0.27020567655563354
Car 0.0 0 1.1815071105957031 925.08544921875 221.0751190185547 1224.0 370.0 3.8193781 1.3540921 1.5637051 4.572978 1.8862014 7.221478 1.7460147142410278 0.23814934492111206
