Pedestrian 0.0 0 2.3190696239471436 1188.7281494140625 165.83790588378906 1242.0 283.27325439453125 0.8343658 1.7408428 0.60533166 9.457347 1.6371951 11.041466 3.0273425579071045 0.4170133173465729
Car 0.0 0 -1.761353850364685 511.0557861328125 178.62255859375 565.5059204101562 218.95762634277344 3.774426 1.5911444 1.6367104 -3.19048 1.8564022 31.088097 -1.8636229038238525 0.9381651282310486
Car 0.0 0 3.6322989463806152 11.615001678466797 178.6075897216797 267.490234375 271.4876708984375 3.7287173 1.6209726 1.6571692 -8.804335 1.7382828 13.687301 3.0606846809387207 0.9331091046333313
Car 0.0 0 3.7464025020599365 0.0 180.81838989257812 214.10354614257812 293.8226318359375 3.8775196 1.4813306 1.6329674 -8.221189 1.6080428 10.515466 3.0828464031219482 0.9031339287757874
Car 0.0 0 0.3015836775302887 106.7551040649414 165.7686004638672 318.883056640625 247.36668395996094 3.9958212 1.7584212 1.6879463 -9.099574 1.6060901 16.762693 -0.19575104117393494 0.6580883860588074
Car 0.0 0 -1.5268666744232178 332.3335876464844 169.90536499023438 386.15594482421875 218.028076171875 3.5764904 1.5150881 1.5806121 -8.541214 1.4226116 24.653502 -1.8603757619857788 0.4955124855041504
Car 0.0 0 3.357095956802368 241.34324645996094 177.60336303710938 349.99945068359375 214.23324584960938 3.9310794 1.4647201 1.6289406 -13.168051 1.6725124 30.33315 2.94753098487854 0.4503718912601471
Car 0.0 0 3.855175495147705 0.0 151.59214782714844 96.01510620117188 342.0633544921875 3.7966087 1.7397734 1.6698421 -8.004483 1.5459244 7.6035576 3.044095754623413 0.3908226788043976
Car 0.0 0 3.1966660022735596 325.98736572265625 164.8858184814453 387.3421936035156 192.32449340820312 3.859308 1.8189064 1.6969185 -17.24061 1.2910547 49.179985 2.8594911098480225 0.2625281512737274
Car 0.0 0 -1.514410376548767 282.0191345214844 175.4097900390625 333.2675476074219 218.07122802734375 3.5137055 1.4461348 1.546697 -11.123112 1.547502 26.599386 -1.9104832410812378 0.2611221373081207
Car 0.0 0 -1.6158795356750488 455.9234924316406 176.25975036621094 474.33447265625 192.86007690429688 3.6004612 1.4915066 1.5254095 -13.6017475 1.8198361 67.54956 -1.8145819902420044 0.2531825602054596
