Pedestrian 0.0 0 0.5954298377037048 352.0841979980469 176.43917846679688 365.7547607421875 202.65087890625 0.80411196 1.8640276 0.46358597 -18.027649 2.1230428 51.725945 0.2600719928741455 0.33797428011894226
Pedestrian 0.0 0 3.5671722888946533 158.89268493652344 177.26783752441406 192.8734893798828 228.2603759765625 0.86740506 1.8589963 0.70518947 -16.143238 2.0255945 26.772026 3.0245578289031982 0.31557807326316833
Pedestrian 0.0 0 -2.174886703491211 662.1564331054688 166.5601348876953 698.72705078125 214.72283935546875 1.6465912 1.6851311 0.4579564 2.4864023 1.4652777 26.073132 -2.0798115730285645 0.19378697872161865
Cyclist 0.0 0 -2.4894893169403076 661.1257934570312 164.6050262451172 712.059814453125 220.11660766601562 1.712873 1.7489798 0.47034994 2.4334934 1.4894412 23.48877 -2.3862552642822266 0.7219200134277344
Cyclist 0.0 0 -1.8290159702301025 645.2500610351562 172.777099609375 667.9575805664062 216.51649475097656 1.695078 1.5774313 0.42162904 1.6812221 1.5750158 26.89138 -1.766578197479248 0.5620410442352295
Cyclist 0.0 0 -2.174886703491211 662.1564331054688 166.5601348876953 698.72705078125 214.72283935546875 1.6465912 1.6851311 0.4579564 2.4864023 1.4652777 26.073132 -2.0798115730285645 0.3412691354751587
Car 0.0 0 -1.4218294620513916 435.81304931640625 175.89480590820312 531.1900024414062 249.20147705078125 4.1995726 1.5478401 1.6600475 -2.98196 1.6309751 17.523382 -1.5903851985931396 0.9410624504089355
Car 0.0 0 1.959028959274292 268.73944091796875 185.70384216308594 347.9289855957031 226.87936401367188 4.0557704 1.5438794 1.6580199 -12.621014 2.1210377 30.352749 1.5649670362472534 0.9288825988769531
Car 0.0 0 2.2301993370056152 0.0 198.35789489746094 127.75202178955078 323.7464599609375 4.1804976 1.4390665 1.5993212 -9.701772 1.9132018 11.27256 1.51955246925354 0.7855198979377747
Car 0.0 0 1.692915916442871 423.0019226074219 180.35316467285156 458.5204772949219 209.00685119628906 4.482227 1.6741451 1.6565169 -10.690996 2.1734283 45.684532 1.4630348682403564 0.6898396015167236
Car 0.0 0 -1.5862454175949097 585.3189086914062 176.13389587402344 611.411865234375 200.2449188232422 3.7601464 1.4839672 1.6257193 -0.81867814 1.7058778 46.830242 -1.6037254333496094 0.5981563329696655
Car 0.0 0 1.8946104049682617 310.1451110839844 168.8070526123047 358.5655517578125 197.6842803955078 3.8870394 1.6919409 1.6216959 -16.871204 1.4551842 44.247463 1.5303349494934082 0.5920977592468262
