Pedestrian 0.0 0 1.124009609222412 803.6925048828125 145.83946228027344 845.2105102539062 215.25909423828125 1.096871 1.8814486 0.7043311 5.928334 1.1496444 20.150469 1.4101399183273315 0.22501607239246368
Pedestrian 0.0 0 2.7452988624572754 367.86968994140625 147.32980346679688 415.2164306640625 198.54583740234375 1.4930949 1.7534543 0.56475663 -7.725045 0.8799551 25.393757 2.449983835220337 0.10587909072637558
Cyclist 0.0 0 2.6877055168151855 369.0472717285156 146.78457641601562 415.5702819824219 197.84141540527344 1.4701034 1.7476345 0.56440634 -7.6995487 0.85565746 25.401806 2.393397808074951 0.33042630553245544
Car 0.0 0 1.1997170448303223 789.9213256835938 189.2830810546875 1163.561279296875 375.0 3.8921208 1.43898 1.7331629 2.9801717 1.6431532 6.975134 1.6034975051879883 0.9730901122093201
Car 0.0 0 1.752607822418213 543.0291137695312 166.0576629638672 612.2727661132812 218.11219787597656 4.2815766 1.6974275 1.7191511 -1.1033478 1.4761661 25.76486 1.7098102569580078 0.925891637802124
Car 0.0 0 -2.9237616062164307 381.4864501953125 176.79449462890625 525.8374633789062 227.06101989746094 4.0232677 1.456905 1.5860267 -4.701287 1.5809511 21.84088 -3.1357784271240234 0.9210001826286316
Car 0.0 0 -1.6280916929244995 713.4779663085938 164.33766174316406 768.17626953125 217.88040161132812 3.8199148 1.7074479 1.6292286 4.413138 1.4362242 24.998936 -1.4533588886260986 0.9156392812728882
Car 0.0 0 1.5457898378372192 599.898193359375 173.6014862060547 634.1516723632812 205.5 3.6249418 1.4255451 1.5205132 0.2508694 1.4631796 34.153965 1.5531349182128906 0.5078338384628296
Car 0.0 0 -1.4621849060058594 601.9475708007812 171.37417602539062 636.9331665039062 199.3116455078125 3.6024559 1.4868991 1.5735227 0.5328633 1.4084971 40.2827 -1.4489575624465942 0.28629812598228455
Car 0.0 0 1.715844750404358 615.9273681640625 166.9529571533203 651.3195190429688 193.79322814941406 4.08296 1.6131767 1.6601499 1.5040555 1.2588645 45.51993 1.7488744258880615 0.23318171501159668
