Pedestrian 0.0 0 -1.5681114196777344 339.2307434082031 149.3223876953125 365.2681884765625 214.26022338867188 1.0957152 1.894524 0.71959794 -7.79147 1.2083609 21.684538 -1.9130560159683228 0.369750052690506
Pedestrian 0.0 0 -1.2371058464050293 1022.654296875 164.27325439453125 1048.217041015625 210.19894409179688 0.6310484 1.8873774 0.7552011 17.731073 1.5350986 30.141876 -0.7053680419921875 0.21133941411972046
Cyclist 0.0 0 0.010648906230926514 834.4575805664062 190.0724334716797 871.5230102539062 225.77430725097656 1.7687788 1.7550538 0.6524327 12.299217 2.6441846 36.642765 0.3344848155975342 0.25450024008750916
Cyclist 0.0 0 -2.7918269634246826 330.2437744140625 151.5513153076172 373.9435119628906 214.3109130859375 1.0653634 1.8571178 0.693243 -7.7927194 1.2271086 21.69752 -3.136632204055786 0.10049998760223389
Car 0.0 0 1.6876015663146973 388.2979736328125 176.21128845214844 433.83648681640625 212.11610412597656 3.650457 1.4690524 1.5200396 -8.747293 1.6263028 31.797089 1.419144868850708 0.4374847710132599
Car 0.0 0 1.943618893623352 0.0 170.06100463867188 142.5708770751953 261.9375915527344 3.391966 1.5796434 1.5069696 -10.733935 1.5319809 14.239088 1.297667384147644 0.34076955914497375
Car 0.0 0 1.790749192237854 732.7562866210938 184.4779510498047 765.4105224609375 207.7720489501953 4.1263204 1.7078111 1.6903111 11.065768 2.6680403 57.3506 1.9813562631607056 0.2691265642642975
Car 0.0 0 1.3855565786361694 640.0174560546875 171.90451049804688 680.84521484375 198.7582550048828 3.599569 1.4384943 1.6445912 2.7502244 1.3879906 40.532173 1.4533056020736694 0.18203440308570862
Car 0.0 0 -0.656314492225647 0.0 141.1873779296875 27.090219497680664 206.8430938720703 4.6567206 2.478118 1.7559313 -27.017775 1.2832469 29.67717 -1.394839882850647 0.16038978099822998
Car 0.0 0 1.6874395608901978 467.6108093261719 176.85031127929688 492.5450744628906 196.8082733154297 4.561145 1.6714938 1.6479685 -11.448554 2.0374804 63.685066 1.5095710754394531 0.15385527908802032
Car 0.0 0 1.484278678894043 487.9590759277344 187.8065643310547 512.5845336914062 207.55325317382812 4.491004 1.4643996 1.6182358 -9.10228 2.7464588 59.472847 1.332407832145691 0.1495063751935959
Car 0.0 0 0.9817104339599609 820.9105834960938 181.7650146484375 951.3179931640625 239.55148315429688 4.075188 1.4477947 1.489765 7.785741 1.7328296 20.89361 1.3384082317352295 0.14099180698394775
