Pedestrian 0.0 0 -0.19267787039279938 485.655029296875 161.82879638671875 498.2117919921875 196.20135498046875 0.5711588 1.8503108 0.5862618 -6.4543095 1.2571701 39.212624 -0.3558128774166107 0.475930392742157
Pedestrian 0.0 0 2.361969470977783 503.7929992675781 173.07894897460938 515.67236328125 198.28480529785156 0.7387192 1.8594587 0.49825686 -7.485614 1.8766913 53.678448 2.223410129547119 0.3263974189758301
Pedestrian 0.0 0 -2.353945732116699 449.49908447265625 161.71737670898438 468.6826477050781 202.17727661132812 0.59960806 1.9051529 0.66723704 -7.235962 1.3811154 34.415993 -2.5611772537231445 0.16645388305187225
Pedestrian 0.0 0 1.9900550842285156 336.95648193359375 184.0118865966797 373.7327880859375 241.29469299316406 1.4645097 1.7261419 0.54863447 -8.070183 2.0905013 22.78423 1.6496431827545166 0.1389266848564148
Pedestrian 0.0 0 0.7705289125442505 509.5930480957031 172.5660858154297 522.2117919921875 197.05360412597656 0.9175295 1.9033866 0.46224 -7.400106 1.8813646 56.540993 0.6403882503509521 0.1299125701189041
Cyclist 0.0 0 1.9780585765838623 336.83172607421875 183.4674072265625 374.1249694824219 241.36949157714844 1.5150834 1.7432119 0.55805004 -8.062941 2.0900612 22.778486 1.6378498077392578 0.18359637260437012
Cyclist 0.0 0 -1.7338390350341797 1153.3486328125 114.43107604980469 1242.0 281.3631591796875 1.8085641 1.8177153 0.6481714 7.122137 1.1819088 8.800271 -1.0534477233886719 0.1801622360944748
Car 0.0 0 1.3276240825653076 720.1297607421875 166.58450317382812 846.3512573242188 253.37203979492188 4.0021515 1.574224 1.6017478 3.4027698 1.4608605 15.102981 1.549228310585022 0.9331188797950745
Car 0.0 0 -1.6355504989624023 675.481689453125 174.2100830078125 722.6768798828125 214.61314392089844 3.9332254 1.5971166 1.7244624 3.6792982 1.6588917 30.66511 -1.5161380767822266 0.9226442575454712
Car 0.0 0 1.6669362783432007 526.0762329101562 181.6347198486328 566.3956298828125 214.33778381347656 3.939292 1.5227195 1.6693839 -3.2201076 1.9929522 36.631573 1.5792564153671265 0.906158447265625
Car 0.0 0 -1.423577904701233 577.8209838867188 180.249267578125 613.1345825195312 205.63632202148438 4.169834 1.5410551 1.719745 -0.9339493 2.0479567 47.24213 -1.4433447122573853 0.8798080086708069
Car 0.0 0 -1.8589555025100708 757.9622192382812 164.53778076171875 808.3809204101562 202.21839904785156 3.5903528 1.8529278 1.5705247 8.858029 1.4443389 37.314224 -1.6258796453475952 0.14176930487155914
