Pedestrian 0.0 0 -1.5132454633712769 420.4519958496094 167.84645080566406 437.74169921875 216.64044189453125 1.0015218 1.7988366 0.5762063 -6.8427954 1.6145864 27.143463 -1.7601971626281738 0.2540940046310425
Pedestrian 0.0 0 0.4541727304458618 749.6936645507812 168.1793670654297 777.2864990234375 230.48410034179688 0.59248054 1.7271618 0.5261127 4.290892 1.5979332 20.388702 0.6616001129150391 0.23306246101856232
Pedestrian 0.0 0 1.5252262353897095 344.822265625 157.1685333251953 358.73150634765625 201.91647338867188 0.47218916 1.895592 0.53894806 -11.0956745 1.2314897 30.883608 1.1803135871887207 0.22913263738155365
Pedestrian 0.0 0 0.25262758135795593 726.2373657226562 167.48770141601562 758.3369140625 234.39186096191406 0.73579556 1.7859474 0.6003907 3.5643172 1.6430569 19.684668 0.43175745010375977 0.15727661550045013
Car 0.0 0 1.6729750633239746 425.2428283691406 184.30331420898438 494.75775146484375 239.9298858642578 4.2639146 1.5130792 1.7115268 -4.6673927 1.9093193 22.738928 1.470526933670044 0.9296776652336121
Car 0.0 0 3.1524088382720947 96.2707290649414 189.4647979736328 327.7000732421875 276.97027587890625 3.9916444 1.5305365 1.7731379 -8.153479 1.9155501 14.987811 2.6541781425476074 0.9187886118888855
Car 0.0 0 -2.0638883113861084 549.1533813476562 159.64181518554688 605.4169311523438 190.02342224121094 4.724157 2.0308084 1.9412336 -2.3896265 1.1480192 50.752213 -2.1109378337860107 0.32107478380203247
Car 0.0 0 -1.7556648254394531 448.2606201171875 175.67352294921875 481.0752868652344 198.36672973632812 3.8438954 1.5611144 1.6450223 -10.5847435 1.7737979 52.24291 -1.9555652141571045 0.20750989019870758
Car 0.0 0 -1.9876817464828491 624.6034545898438 154.76211547851562 669.9549560546875 182.82119750976562 3.5165439 1.7794657 1.7118539 2.3922055 0.6324628 47.704414 -1.937577247619629 0.20171649754047394
Car 0.0 0 1.2400290966033936 428.56451416015625 171.86436462402344 462.5682678222656 191.2418975830078 4.026589 1.576522 1.5678729 -13.915305 1.4963641 60.824184 1.015120506286621 0.126837357878685
