Pedestrian 0.0 0 0.6463693380355835 594.362548828125 147.27328491210938 634.7137451171875 219.7744598388672 0.88953096 1.780233 0.5100428 0.20130439 0.9659641 17.829994 0.6576590538024902 0.7525914907455444
Pedestrian 0.0 0 -0.2556106150150299 642.78466796875 140.9739990234375 679.855712890625 203.35577392578125 1.0176039 1.8978779 0.6308111 1.7075839 0.69691366 21.906427 -0.1778189241886139 0.6472638249397278
Pedestrian 0.0 0 1.0751125812530518 490.53265380859375 147.25650024414062 525.2914428710938 211.3423614501953 0.93741673 1.8110034 0.6289396 -2.8595169 0.87314814 20.53944 0.9367809295654297 0.613558292388916
Pedestrian 0.0 0 -2.75278639793396 902.792724609375 151.0178985595703 1008.6137084960938 370.0 0.51407075 1.5913016 0.61776584 2.5627272 1.3897344 5.267663 -2.2999956607818604 0.5709776878356934
Pedestrian 0.0 0 1.086760401725769 614.6458740234375 132.3662109375 670.7921752929688 244.7119140625 0.8710808 1.732441 0.5611684 0.55242664 0.9918461 11.41143 1.1351325511932373 0.56341952085495
Pedestrian 0.0 0 -2.352924108505249 266.803466796875 141.46726989746094 332.0479431152344 248.23390197753906 0.7955159 1.6897414 0.59621567 -5.0586805 1.0736457 11.60892 -2.763871431350708 0.5045031905174255
Pedestrian 0.0 0 1.1743245124816895 533.7794189453125 133.84793090820312 589.8829956054688 254.86517333984375 0.90559906 1.7648194 0.54709387 -0.71934396 1.0861465 10.833357 1.1080210208892822 0.48813343048095703
Pedestrian 0.0 0 1.4663361310958862 613.2383422851562 135.8149871826172 649.8858032226562 233.42312622070312 0.7664382 1.6737405 0.5680689 0.41702288 0.9091487 12.521626 1.4996280670166016 0.4484112560749054
Pedestrian 0.0 0 1.1356244087219238 562.1064453125 136.95094299316406 619.9663696289062 252.6106719970703 0.91188496 1.761984 0.59265983 -0.2804913 1.1002083 11.306455 1.1108214855194092 0.44389015436172485
Pedestrian 0.0 0 1.276301383972168 396.018310546875 143.64524841308594 428.4236145019531 208.04541015625 0.9505065 1.7150171 0.60559475 -5.328249 0.7351357 19.387703 1.008096694946289 0.3960312008857727
Pedestrian 0.0 0 1.527392864227295 441.07464599609375 147.459716796875 462.1728820800781 206.39295959472656 0.8786451 1.7132567 0.5739352 -4.6052313 0.7543059 21.04788 1.3119895458221436 0.37092000246047974
Pedestrian 0.0 0 1.0222811698913574 234.59359741210938 134.5526580810547 292.8036804199219 237.3571014404297 0.67196286 1.6881783 0.6366726 -5.8626857 0.93531674 12.054933 0.5696284770965576 0.3296726942062378
Pedestrian 0.0 0 0.978313148021698 472.10693359375 138.716064453125 510.0985412597656 205.97509765625 0.96492225 1.7933627 0.5898319 -3.1653473 0.6808398 19.401005 0.8165843486785889 0.3218429982662201
Pedestrian 0.0 0 1.7045997381210327 110.10863494873047 140.9772491455078 165.2290496826172 258.9063720703125 0.78925514 1.874834 0.66654557 -7.7861595 1.2481575 11.736222 1.1188414096832275 0.3021731674671173
Pedestrian 0.0 0 0.813721776008606 458.6445007324219 149.44219970703125 495.2546691894531 213.98101806640625 0.9017913 1.8071518 0.5697319 -3.7104928 0.939077 20.289497 0.632843017578125 0.29273223876953125
Pedestrian 0.0 0 0.9363402128219604 506.17669677734375 144.92835998535156 545.039306640625 213.37457275390625 0.90406305 1.8220165 0.64729816 -2.2136614 0.8766946 19.367931 0.8225388526916504 0.2685217261314392
Pedestrian 0.0 0 1.2617943286895752 416.0079345703125 144.07997131347656 440.09222412109375 199.54898071289062 0.7661052 1.840786 0.58475316 -6.0245447 0.63369775 23.938698 1.0152487754821777 0.2538474500179291
Pedestrian 0.0 0 -1.395871877670288 18.258634567260742 151.9622802734375 57.014747619628906 226.04942321777344 0.84288657 1.8890256 0.6583173 -14.911711 1.1629808 18.550747 -2.0729458332061768 0.24555779993534088
Cyclist 0.0 0 -1.839731216430664 394.20953369140625 146.1493377685547 428.98724365234375 213.70245361328125 0.9934156 1.792005 0.6764526 -5.3360558 0.88235754 19.351017 -2.108795166015625 0.1779090315103531
