Pedestrian 0.0 0 -2.240441083908081 155.623291015625 145.31808471679688 253.03817749023438 305.6188659667969 0.78412664 1.7199392 0.6042176 -4.638636 1.4248519 8.166084 -2.7570266723632812 0.5422397255897522
Car 0.0 0 -1.7497187852859497 665.8761596679688 176.3002471923828 760.734375 241.718994140625 4.036381 1.4065869 1.582528 2.3669918 1.5016868 17.78038 -1.6173731088638306 0.9693845510482788
Car 0.0 0 -1.2357864379882812 173.9903106689453 183.40415954589844 430.6211242675781 338.9456481933594 4.0134306 1.3897765 1.5361626 -3.427271 1.5479333 8.754787 -1.6089211702346802 0.9415227174758911
Car 0.0 0 -1.7847181558609009 637.3654174804688 173.25794982910156 695.090087890625 212.8426971435547 3.95692 1.5501844 1.6032896 2.2514236 1.5687044 30.366695 -1.7107123136520386 0.9338703155517578
Car 0.0 0 -1.51166832447052 516.2546997070312 171.35865783691406 559.4645385742188 210.7983856201172 4.314134 1.6073438 1.6299381 -3.1338224 1.5467603 31.590872 -1.610545039176941 0.9044750332832336
Car 0.0 0 -0.9844287037849426 0.0 192.1820068359375 407.45758056640625 375.0 4.1983447 1.4688749 1.6239382 -2.7252076 1.6424226 4.343069 -1.5448124408721924 0.876049280166626
Car 0.0 0 -1.6056886911392212 520.1552734375 169.59506225585938 555.8735961914062 201.6913604736328 3.6481779 1.5419749 1.6660594 -3.729369 1.3857667 36.58194 -1.7072833776474 0.7483629584312439
Car 0.0 0 -2.4023497104644775 943.0153198242188 188.87266540527344 1242.0 375.0 3.6116164 1.4989203 1.5703031 2.3809407 1.5835316 1.9469087 -1.5169975757598877 0.6265208721160889
Car 0.0 0 0.4189927279949188 230.51145935058594 175.1846466064453 371.5846252441406 226.3159637451172 3.5344627 1.45374 1.5045466 -9.123982 1.5256258 21.361982 0.01533365249633789 0.5830389857292175
Car 0.0 0 -1.5920190811157227 538.8077392578125 175.0609893798828 565.1791381835938 201.562744140625 3.6916642 1.5863005 1.5695997 -3.7160003 1.7314616 45.4218 -1.6736482381820679 0.4810020923614502
Car 0.0 0 -1.659865140914917 625.874755859375 171.71507263183594 657.0850830078125 199.05714416503906 3.9707422 1.7046132 1.6764996 1.9776475 1.633966 47.003353 -1.617815375328064 0.42722633481025696
