Pedestrian 0.0 0 -1.833045482635498 716.3804931640625 162.61746215820312 744.9927368164062 219.22640991210938 1.1718453 1.8213185 0.6474787 3.9295778 1.4923295 23.826782 -1.6695940494537354 0.8956875205039978
Pedestrian 0.0 0 0.2479398548603058 637.2262573242188 175.65188598632812 650.6399536132812 201.8843994140625 0.821263 1.8180603 0.57769054 2.3467758 2.0157218 50.48382 0.29439210891723633 0.4423891007900238
Pedestrian 0.0 0 1.3608828783035278 912.9578247070312 142.38682556152344 935.369140625 191.4007110595703 0.7245321 1.9138211 0.67696685 12.401843 0.72454196 28.592907 1.7701317071914673 0.23973418772220612
Pedestrian 0.0 0 1.1448047161102295 1016.9459228515625 133.9391326904297 1058.180908203125 203.55108642578125 0.85519856 1.9127086 0.70561016 11.961587 0.84381366 20.285519 1.677587628364563 0.22303545475006104
Cyclist 0.0 0 1.9771997928619385 143.82643127441406 166.45388793945312 329.0260314941406 375.0 1.9485067 1.7011623 0.5872246 -2.934976 1.6588109 5.8027873 1.5089330673217773 0.8895112872123718
Cyclist 0.0 0 1.619358777999878 466.882568359375 179.48690795898438 491.3162536621094 249.89808654785156 1.8051643 1.7856528 0.56364995 -3.5528224 1.9729713 19.403194 1.4382599592208862 0.8474693894386292
Cyclist 0.0 0 1.9696626663208008 25.736888885498047 173.94505310058594 223.705078125 375.0 1.8669976 1.6406723 0.5439325 -3.5856867 1.6507263 5.4419336 1.3870567083358765 0.6498720049858093
Cyclist 0.0 0 0.2659125328063965 636.9949340820312 175.45907592773438 650.5497436523438 201.7667999267578 0.82671535 1.8239726 0.57248026 2.336266 2.0081143 50.501457 0.31214094161987305 0.10125287622213364
Car 0.0 0 1.8813279867172241 289.6160888671875 192.90997314453125 430.5628662109375 281.6524658203125 4.3603854 1.6131486 1.7289568 -5.4810324 2.1274812 16.296087 1.5568735599517822 0.9391189813613892
Car 0.0 0 -1.5060611963272095 642.2915649414062 179.3150634765625 679.7744750976562 212.19309997558594 3.8246458 1.5611701 1.6777 2.6301484 1.9113555 37.055965 -1.4352022409439087 0.8517072796821594
Car 0.0 0 1.7454029321670532 477.0065612792969 187.1149444580078 525.2037353515625 221.82550048828125 3.9719682 1.5029768 1.6395677 -5.2397013 2.2327287 34.894917 1.5963598489761353 0.8087575435638428
