Pedestrian 0.0 0 -0.7337247133255005 449.7731018066406 173.97630310058594 478.33587646484375 226.80987548828125 0.7252651 1.8075927 0.6555257 -5.1383348 1.8478938 25.19027 -0.9349451661109924 0.44077298045158386
Pedestrian 0.0 0 -1.6307075023651123 391.9760437011719 171.77203369140625 422.76123046875 242.86788940429688 0.6911966 1.7702163 0.7141147 -5.223085 1.7436346 18.406914 -1.9071964025497437 0.39939743280410767
Cyclist 0.0 0 1.713856816291809 563.3596801757812 171.36293029785156 600.2357788085938 248.2981719970703 1.7430794 1.7869879 0.66373706 -0.7180477 1.7527126 17.65744 1.6732137203216553 0.9242986440658569
Cyclist 0.0 0 -2.056701183319092 981.4911499023438 170.68142700195312 1121.841552734375 339.8016357421875 1.7370691 1.6763027 0.5707171 4.776853 1.6551262 8.030941 -1.5201094150543213 0.38857635855674744
Car 0.0 0 -2.5957071781158447 20.459339141845703 174.8643035888672 342.02227783203125 266.3338928222656 4.530016 1.4457352 1.6314582 -7.185683 1.4827302 12.293085 -3.1246743202209473 0.9694600701332092
Car 0.0 0 -1.7345166206359863 717.1377563476562 185.51414489746094 860.7466430664062 306.465087890625 3.4362876 1.5086417 1.5482732 2.5319307 1.7351961 11.127355 -1.5107848644256592 0.9552451968193054
Car 0.0 0 -1.4189858436584473 510.2647399902344 178.89266967773438 569.6591796875 224.2218017578125 3.9405696 1.5106308 1.598902 -2.5459301 1.7504002 26.591412 -1.5144374370574951 0.9399831295013428
Car 0.0 0 1.7389819622039795 446.7314758300781 173.19354248046875 540.1842041015625 247.91867065429688 4.172255 1.7075088 1.6894134 -2.918847 1.7176076 18.600374 1.583327293395996 0.9198325276374817
Car 0.0 0 -1.9522509574890137 783.0523681640625 177.23902893066406 1070.868896484375 375.0 2.4212828 1.5555772 1.4052262 2.4398458 1.6011811 6.22607 -1.5787677764892578 0.899905264377594
Car 0.0 0 1.4617559909820557 638.9480590820312 177.5148468017578 674.9348754882812 203.02105712890625 4.4381995 1.4297096 1.6821057 2.7440102 1.7257876 43.521675 1.5247219800949097 0.7103127837181091
