Pedestrian 0.0 0 3.6166791915893555 183.91619873046875 153.6709747314453 234.5751953125 200.06700134277344 1.6686755 1.8643346 0.6975063 -16.341002 1.0938597 29.36669 3.1088998317718506 0.10617049038410187
Cyclist 0.0 0 3.6355979442596436 183.44973754882812 157.3800506591797 233.16671752929688 204.06466674804688 1.6355236 1.8770992 0.6926943 -16.380352 1.2552793 29.367311 3.126805067062378 0.5052212476730347
Car 0.0 0 -2.6247010231018066 90.91232299804688 190.86050415039062 382.6787109375 288.0910339355469 4.232205 1.5175604 1.682309 -6.3908052 1.854381 12.542775 -3.0959362983703613 0.9470564126968384
Car 0.0 0 -1.6622031927108765 655.2289428710938 176.94956970214844 693.3309326171875 206.64422607421875 4.1915693 1.4576865 1.6159254 3.3023038 1.6862181 38.095947 -1.5757354497909546 0.9427255988121033
Car 0.0 0 3.797008514404297 0.0 199.5942840576172 245.78968811035156 357.4723815917969 4.294444 1.4111006 1.6303412 -6.4971876 1.7298262 7.6721525 3.094344139099121 0.911227285861969
Car 0.0 0 -2.170374631881714 808.0707397460938 176.92344665527344 1242.0 375.0 4.061478 1.5297183 1.6293868 2.5416474 1.5651257 4.143305 -1.6201351881027222 0.8609049320220947
Car 0.0 0 3.217355489730835 442.7281799316406 184.76795959472656 537.1141967773438 219.93006896972656 4.050269 1.4912658 1.5846516 -5.339833 2.039714 32.222736 3.053131580352783 0.846950888633728
Car 0.0 0 0.4446396827697754 310.1896057128906 181.56117248535156 467.03265380859375 237.9557342529297 3.8690581 1.4602016 1.581085 -6.153728 1.7157034 20.074535 0.14719009399414062 0.7947357296943665
Car 0.0 0 0.4503616690635681 175.78298950195312 183.85215759277344 387.96209716796875 260.88525390625 3.7017813 1.476827 1.4755079 -6.699764 1.7154232 14.840771 0.026308298110961914 0.7421599626541138
Car 0.0 0 -1.4253017902374268 528.0059814453125 175.2852020263672 561.4092407226562 206.18536376953125 3.8244948 1.9260956 1.6422094 -4.2624526 2.092208 47.235237 -1.5152968168258667 0.6649655103683472
Car 0.0 0 0.3171323835849762 355.4456787109375 181.48699951171875 500.453857421875 233.33412170410156 4.1183486 1.5309349 1.519852 -5.6638846 1.811421 22.506819 0.07059955596923828 0.6373189091682434
Car 0.0 0 0.2222013622522354 382.24322509765625 185.31723022460938 511.8818664550781 229.8424530029297 4.1181746 1.4575055 1.4749751 -5.572718 1.8985308 24.769594 0.0009038448333740234 0.5444554686546326
Car 0.0 0 0.2660457491874695 406.9645690917969 179.73008728027344 514.26318359375 221.2617950439453 3.7956533 1.5355219 1.4806712 -5.7558465 1.8091314 27.81423 0.06198716163635254 0.5021532773971558
