Pedestrian 0.0 0 -1.8684417009353638 988.485107421875 140.3794708251953 1017.8627319335938 199.6802978515625 0.73227143 1.9327036 0.66931415 12.991953 0.8746675 23.938473 -1.371202826499939 0.14782074093818665
Car 0.0 0 1.4555188417434692 580.682861328125 172.05218505859375 605.3819580078125 190.55166625976562 3.6463566 1.4651978 1.6074116 -1.4417161 1.4020509 59.06187 1.431113362312317 0.407243937253952
Car 0.0 0 2.479306936264038 121.2253189086914 157.25889587402344 208.23602294921875 192.15768432617188 3.7820458 1.8205678 1.7802428 -24.461185 1.007375 39.72056 1.9273276329040527 0.19357304275035858
Car 0.0 0 2.337026834487915 0.0 202.8983154296875 129.37229919433594 251.9377899169922 3.5168016 1.3882061 1.5305878 -18.44714 2.4858959 24.512556 1.6918901205062866 0.17659467458724976
Car 0.0 0 0.9300885200500488 781.968017578125 171.79421997070312 831.2086791992188 195.35231018066406 4.0964766 1.8039159 1.658871 15.576073 1.7231228 57.45738 1.1948152780532837 0.16756215691566467
Car 0.0 0 0.6843187808990479 838.98974609375 176.43983459472656 918.0442504882812 204.53736877441406 4.2919226 1.5563542 1.6880296 15.825775 1.7808598 42.82265 1.0383164882659912 0.13879725337028503
Car 0.0 0 1.5177066326141357 346.2028503417969 187.32431030273438 369.9178771972656 209.00924682617188 3.7227654 1.488999 1.4823112 -18.98297 2.6169384 54.21883 1.180927038192749 0.1251640021800995
Car 0.0 0 2.008871555328369 260.1839904785156 185.50540161132812 307.266357421875 205.55990600585938 3.91826 1.4001012 1.7653779 -24.757711 2.3964503 54.829643 1.5847386121749878 0.11358118057250977
Car 0.0 0 -0.9029029011726379 1160.148193359375 195.11746215820312 1242.0 234.52439880371094 4.134248 1.4534513 1.7444683 24.842094 2.3971245 29.304203 -0.19972728192806244 0.11343388259410858
Car 0.0 0 2.0616252422332764 168.90757751464844 177.11827087402344 250.364990234375 219.4208984375 4.1556053 1.8798156 1.6457436 -19.10482 2.096849 34.57079 1.5567657947540283 0.11055590212345123
Car 0.0 0 1.9816664457321167 375.9647216796875 177.75645446777344 412.0325927734375 196.539794921875 4.1446486 1.5436634 1.4634302 -18.70139 1.9836773 62.560112 1.6911872625350952 0.109151691198349
