Pedestrian 0.0 0 -1.113438606262207 412.9241943359375 174.37530517578125 447.1212158203125 238.1577606201172 0.84960186 1.8631321 0.68961906 -5.423242 1.9100341 21.58481 -1.3595958948135376 0.3367152512073517
Pedestrian 0.0 0 1.5446308851242065 781.7178955078125 170.0041046142578 810.1171875 246.92941284179688 0.97714114 1.7849289 0.62984735 4.3945904 1.71916 17.285463 1.7935925722122192 0.25604119896888733
Cyclist 0.0 0 0.45135220885276794 461.92767333984375 160.5556182861328 487.00726318359375 186.30551147460938 1.5885636 1.7679029 0.643263 -9.430113 0.92389417 50.05416 0.26513671875 0.2611687183380127
Car 0.0 0 -1.3314969539642334 404.24420166015625 187.85255432128906 524.0974731445312 271.8843078613281 3.8322165 1.4494817 1.5738364 -2.945123 1.8041242 15.090203 -1.5242419242858887 0.9588848948478699
Car 0.0 0 1.9653105735778809 47.57527542114258 173.9275360107422 436.3915710449219 375.0 4.3060565 1.6173656 1.7752562 -3.1701214 1.6317399 7.2494617 1.553075909614563 0.9140799641609192
Car 0.0 0 1.4907082319259644 636.4938354492188 179.16860961914062 681.2705688476562 215.55543518066406 4.0296683 1.4752719 1.6484858 2.0644913 1.7732956 31.982538 1.5551693439483643 0.8888015151023865
Car 0.0 0 1.689734697341919 549.521484375 171.05667114257812 581.543212890625 197.30038452148438 4.465377 1.7633284 1.7318633 -3.108751 1.6429231 50.7567 1.6285630464553833 0.8742494583129883
Car 0.0 0 -1.614885687828064 631.8069458007812 168.76422119140625 658.052978515625 193.35675048828125 4.055655 1.6464292 1.6440033 2.370759 1.3729826 50.33326 -1.5678192377090454 0.4642224907875061
Car 0.0 0 1.5949838161468506 569.5596313476562 173.83059692382812 590.8682861328125 195.81930541992188 4.149354 1.7367365 1.6508785 -2.439278 1.8201342 59.26043 1.5538450479507446 0.40134868025779724
Car 0.0 0 -1.6615233421325684 510.441650390625 179.67919921875 539.9910888671875 203.5716094970703 3.6684022 1.4659004 1.5933235 -5.627936 1.9326757 47.345806 -1.779836893081665 0.32192057371139526
