Pedestrian 0.0 0 -1.4103388786315918 372.90240478515625 162.26699829101562 394.82647705078125 211.0440673828125 0.888902 1.8647035 0.6821704 -8.8334675 1.4603298 28.069914 -1.7152223587036133 0.3845420777797699
Pedestrian 0.0 0 -1.9582231044769287 716.838134765625 167.64138793945312 733.9920654296875 202.33413696289062 0.7539049 1.7865909 0.6447711 5.9736767 1.5185122 37.595158 -1.8006455898284912 0.3151453733444214
Cyclist 0.0 0 -1.3012807369232178 371.40057373046875 161.03038024902344 395.640380859375 209.7967987060547 0.9437711 1.8626446 0.6732688 -8.836839 1.4113966 28.040182 -1.6065772771835327 0.1596415936946869
Car 0.0 0 -1.826228141784668 722.35400390625 177.76864624023438 932.341796875 317.6537780761719 4.2008567 1.4951653 1.6457233 2.6414382 1.5777161 9.960764 -1.5670101642608643 0.9713886976242065
Car 0.0 0 -1.4185380935668945 502.345703125 178.62034606933594 560.4053955078125 223.2211456298828 4.123137 1.6158293 1.6938437 -3.0970852 1.8629565 28.777645 -1.5257467031478882 0.9626805782318115
Car 0.0 0 -1.7250398397445679 667.9678344726562 178.1838836669922 745.1326904296875 234.19825744628906 4.1758766 1.4637469 1.6120042 2.7019155 1.6375222 21.363764 -1.5992358922958374 0.9404717087745667
Car 0.0 0 -1.7381680011749268 694.3905029296875 179.52247619628906 806.8370971679688 261.2763671875 4.0312176 1.5026144 1.6914189 2.8354762 1.6660368 15.615229 -1.558541178703308 0.9357087016105652
Car 0.0 0 -1.7588499784469604 641.792236328125 177.80050659179688 685.3236083984375 210.56922912597656 3.6834753 1.6075636 1.6102276 2.7241778 1.880928 37.89755 -1.6870907545089722 0.49552395939826965
Car 0.0 0 -2.0873308181762695 825.9242553710938 7.281018257141113 1242.0 375.0 4.3331895 1.9045029 1.6845936 2.739723 1.3663127 4.5327973 -1.543666124343872 0.2871917188167572
Car 0.0 0 1.6396784782409668 526.4716796875 169.55316162109375 553.2691040039062 194.94178771972656 4.3951325 1.9137557 1.7958729 -5.4862127 1.6653013 56.60727 1.5430631637573242 0.23025424778461456
Car 0.0 0 -2.0148603916168213 705.8023071289062 170.12290954589844 753.0205078125 192.6345672607422 3.8992963 1.4356558 1.5768579 7.8769784 1.2618424 48.104523 -1.8525536060333252 0.22115187346935272
