Pedestrian 0.0 0 -1.566866397857666 760.6068725585938 159.1756591796875 781.2749633789062 210.9862518310547 0.8454704 1.7809693 0.69546837 5.596556 1.3111391 25.288692 -1.3490700721740723 0.40453073382377625
Pedestrian 0.0 0 2.1603901386260986 272.509765625 137.49803161621094 331.5942077636719 213.2730255126953 1.3004304 1.8600861 0.8012705 -7.8890224 0.99254376 18.42201 1.7557792663574219 0.2356044054031372
Pedestrian 0.0 0 1.7671664953231812 340.34625244140625 189.67420959472656 384.11993408203125 293.4684753417969 0.7291819 1.6969095 0.5784066 -4.27307 1.9939698 12.324165 1.433414101600647 0.12912176549434662
Pedestrian 0.0 0 -1.7970905303955078 787.9866333007812 149.1785430908203 811.2387084960938 196.4341278076172 1.2632022 1.7774528 0.59487075 7.2469926 0.8872913 27.776834 -1.5418790578842163 0.10471128672361374
Pedestrian 0.0 0 1.3182041645050049 763.765625 173.6587371826172 795.8140258789062 236.68882751464844 0.8887268 1.8398246 0.7295567 5.0090394 1.8646959 21.5232 1.5468614101409912 0.10273395478725433
Cyclist 0.0 0 2.057311534881592 266.48602294921875 142.37106323242188 322.6929626464844 218.2457733154297 1.2528307 1.8599528 0.8201654 -8.043494 1.113068 18.339378 1.6439855098724365 0.24573129415512085
Car 0.0 0 -1.937673807144165 750.0825805664062 191.80389404296875 1021.1331787109375 353.9670715332031 4.30575 1.4505885 1.6266059 3.045095 1.7487997 9.150616 -1.6164259910583496 0.967154860496521
Car 0.0 0 -1.7052273750305176 644.5346069335938 171.9830780029297 712.6268920898438 227.494140625 4.6100793 1.8190407 1.8124408 2.3194063 1.7908596 25.98511 -1.6162042617797852 0.8763794898986816
Car 0.0 0 0.33836665749549866 413.0404052734375 175.31211853027344 482.4710998535156 202.29879760742188 3.7649484 1.59073 1.6854862 -9.847858 1.7438384 43.777737 0.11709856986999512 0.29920586943626404
Car 0.0 0 1.2786346673965454 753.56298828125 191.0171661376953 893.1422119140625 276.9866943359375 4.2351847 1.4875783 1.6743746 4.3357043 1.9323406 15.517683 1.5510907173156738 0.1283048540353775
Car 0.0 0 0.26647529006004333 363.51910400390625 165.2166748046875 477.06781005859375 209.77037048339844 3.520642 1.4992492 1.6140181 -6.582905 1.2426088 25.101866 0.010003089904785156 0.12214106321334839
Car 0.0 0 1.6736540794372559 415.3523254394531 170.3953857421875 454.90264892578125 201.53720092773438 3.74664 1.5211182 1.6067905 -9.000947 1.4013852 37.2048 1.4362852573394775 0.11019671708345413
