Pedestrian 0.0 0 -2.3317477703094482 990.4503784179688 153.9700927734375 1047.9061279296875 236.25953674316406 0.9207603 1.6573491 0.5606483 8.467501 1.2773757 15.044523 -1.8191081285476685 0.5982540249824524
Pedestrian 0.0 0 -1.6989915370941162 778.6045532226562 167.98934936523438 798.8453979492188 209.67872619628906 0.9850781 1.6569008 0.6727741 7.184451 1.4639184 29.20136 -1.4577515125274658 0.5748296976089478
Pedestrian 0.0 0 -2.330916166305542 961.464111328125 160.8892364501953 1007.7296752929688 242.5884246826172 0.7096457 1.665081 0.5113409 7.789328 1.4215891 15.114934 -1.8550721406936646 0.45667314529418945
Pedestrian 0.0 0 -1.1562817096710205 885.656005859375 178.44400024414062 913.27001953125 229.46461486816406 0.7800873 1.690944 0.6087813 9.78956 1.885 24.508657 -0.776264488697052 0.3314421474933624
Pedestrian 0.0 0 -3.0348682403564453 675.6212768554688 170.26992797851562 686.7135620117188 195.42593383789062 0.759516 1.8432852 0.55842656 5.2234716 1.6542966 53.21785 -2.9370288848876953 0.21087995171546936
Pedestrian 0.0 0 -1.7639696598052979 725.2581787109375 164.77444458007812 744.9815673828125 200.03846740722656 1.0872492 1.7275226 0.77073914 6.1799326 1.332077 35.896362 -1.5934804677963257 0.15066014230251312
Cyclist 0.0 0 -1.9951066970825195 921.2743530273438 154.79931640625 994.7974853515625 264.323486328125 1.717503 1.7623034 0.46992594 5.920177 1.4721515 12.470235 -1.5518667697906494 0.9556060433387756
Cyclist 0.0 0 -2.3317477703094482 990.4503784179688 153.9700927734375 1047.9061279296875 236.25953674316406 0.9207603 1.6573491 0.5606483 8.467501 1.2773757 15.044523 -1.8191081285476685 0.1551610827445984
Cyclist 0.0 0 -1.707516074180603 778.607421875 168.12782287597656 798.766357421875 209.68971252441406 0.9400043 1.6532786 0.6682171 7.183295 1.4656357 29.201384 -1.4663136005401611 0.15286795794963837
Car 0.0 0 1.3655049800872803 1026.97705078125 177.4266357421875 1059.6990966796875 195.94287109375 4.0415845 1.5259396 1.6437167 37.59549 1.9375645 62.714466 1.905535340309143 0.3647633194923401
Car 0.0 0 -0.32126137614250183 795.2630615234375 181.131103515625 870.394287109375 207.75450134277344 4.1712327 1.5969428 1.5094748 13.698535 2.1179268 44.57894 -0.023132631555199623 0.26349949836730957
Car 0.0 0 -0.09486758708953857 1105.9759521484375 156.92738342285156 1186.6446533203125 182.95883178710938 4.5208454 1.8088623 1.7582325 38.558746 0.7025178 52.05532 0.5426719188690186 0.2174530029296875
Car 0.0 0 0.8462475538253784 1182.008056640625 183.60279846191406 1242.0 210.9728240966797 3.7946289 1.4786379 1.7453469 35.981384 2.1391547 42.396847 1.5499751567840576 0.18171878159046173
Car 0.0 0 1.707071304321289 904.3993530273438 184.22125244140625 940.9949951171875 210.7144775390625 3.6286905 1.5044516 1.6000961 19.336466 2.238848 44.624172 2.115966320037842 0.1664179563522339
Car 0.0 0 1.303823471069336 882.852783203125 179.16073608398438 920.3960571289062 201.88824462890625 3.3105109 1.5048338 1.6134127 20.326742 1.9615738 50.473354 1.6866744756698608 0.15363247692584991
