Pedestrian 0.0 0 1.807252287864685 1040.315673828125 112.63343811035156 1089.6527099609375 215.14207458496094 0.80644906 1.7781137 0.5812588 8.151588 0.7338861 13.002761 2.367225408554077 0.416301965713501
Pedestrian 0.0 0 0.400026798248291 637.5524291992188 157.06138610839844 653.3699951171875 188.60446166992188 0.79500365 1.8683462 0.5467733 2.088322 0.9332826 43.153748 0.4483816623687744 0.3268132209777832
Cyclist 0.0 0 1.1762897968292236 1035.2325439453125 112.22454071044922 1096.3956298828125 215.6097412109375 1.1068515 1.7800229 0.5451107 8.144112 0.7365001 13.010883 1.7355691194534302 0.2387067824602127
Car 0.0 0 1.778681993484497 367.8572082519531 188.38754272460938 490.4431457519531 271.02264404296875 4.37072 1.5019913 1.7700037 -3.9117591 1.8977665 16.153847 1.541098952293396 0.975119411945343
Car 0.0 0 2.006965160369873 179.02906799316406 200.95962524414062 356.88079833984375 292.5411682128906 4.1747437 1.4642934 1.6830174 -6.862844 2.1269586 14.908889 1.5755631923675537 0.9319244623184204
Car 0.0 0 1.7271754741668701 458.6283264160156 185.38429260253906 518.0540771484375 232.1033477783203 3.3718622 1.4441036 1.514985 -4.174064 1.906359 24.901705 1.5610977411270142 0.9127747416496277
Car 0.0 0 -1.6711653470993042 633.6632690429688 176.92520141601562 671.7040405273438 208.0880889892578 3.5339074 1.4734157 1.5588983 2.06911 1.6892208 36.381687 -1.6143542528152466 0.8951700329780579
Car 0.0 0 -0.2581423819065094 749.1664428710938 167.6201629638672 858.3078002929688 206.34744262695312 4.017696 1.5405557 1.6781071 7.8271503 1.3327137 29.540539 0.0008687973022460938 0.8843143582344055
Car 0.0 0 2.8830676078796387 741.83447265625 151.7215576171875 832.300537109375 189.19119262695312 3.7002866 1.6560798 1.5818963 7.9422426 0.7224277 32.716175 3.121222496032715 0.6165114045143127
Car 0.0 0 -0.04788672924041748 710.2373657226562 172.15805053710938 791.4338989257812 200.8879852294922 4.173057 1.4908538 1.6199849 7.4276648 1.4550978 38.53745 0.1425173282623291 0.2573900520801544
