Pedestrian 0.0 0 1.5373377799987793 780.6652221679688 122.21394348144531 816.9100341796875 219.1240997314453 0.64830804 1.7662523 0.63337356 3.4802697 0.84366125 13.532796 1.7890560626983643 0.3628537058830261
Pedestrian 0.0 0 -1.002537727355957 771.5944213867188 147.19224548339844 791.8020629882812 190.28981018066406 0.56932795 1.976397 0.72091115 7.942376 0.7999411 33.54295 -0.7700374722480774 0.3394898474216461
Car 0.0 0 -1.7817208766937256 692.3701782226562 170.40150451660156 786.5678100585938 234.38294982910156 3.677149 1.4399731 1.5605305 3.082826 1.3851349 18.106165 -1.6130743026733398 0.9823395609855652
Car 0.0 0 -1.9625258445739746 761.878662109375 178.54757690429688 1016.9517211914062 316.79742431640625 4.002019 1.3825572 1.5851601 3.2524176 1.4734493 9.425923 -1.6302673816680908 0.962685763835907
Car 0.0 0 2.1841201782226562 0.0 195.26031494140625 315.6551818847656 355.941650390625 4.2610803 1.4464942 1.6206402 -5.637213 1.8028567 9.281134 1.638288974761963 0.9523448944091797
Car 0.0 0 1.8234987258911133 401.03643798828125 176.87847900390625 476.13995361328125 226.3207550048828 3.6996558 1.5116966 1.57489 -5.7061214 1.6576161 24.228327 1.5921993255615234 0.940045177936554
Car 0.0 0 1.7574406862258911 443.4093017578125 177.83372497558594 497.45599365234375 214.71429443359375 3.5808916 1.3838336 1.5199655 -5.652135 1.5991346 29.348225 1.5671814680099487 0.856451690196991
Car 0.0 0 0.8610671758651733 940.4155883789062 177.84844970703125 1242.0 375.0 3.7103605 1.4851242 1.5519289 3.2657967 1.5242262 3.7323627 1.5798940658569336 0.845781147480011
Car 0.0 0 -1.78951096534729 677.9669799804688 171.89105224609375 744.3113403320312 221.9761962890625 3.1569037 1.5205921 1.4788842 3.1848671 1.491715 23.538307 -1.6550220251083374 0.8299502730369568
Car 0.0 0 0.5400056838989258 141.7318572998047 171.4264373779297 258.2160949707031 212.3929901123047 3.3507683 1.4240806 1.4706591 -14.681408 1.3748131 25.853949 0.023554325103759766 0.33297696709632874
