Pedestrian 0.0 0 -3.4708468914031982 1134.98193359375 126.84542083740234 1221.3306884765625 247.3057403564453 0.9282978 1.8226491 0.5769494 8.852584 1.1268648 11.339184 -2.807981014251709 0.15750959515571594
Pedestrian 0.0 0 -0.8301677703857422 1188.8887939453125 119.0758285522461 1242.0 253.20765686035156 0.73824817 1.8359342 0.6218636 8.769418 1.1002014 10.226651 -0.12133204936981201 0.14905939996242523
Car 0.0 0 1.9000686407089233 375.1268005371094 180.73692321777344 415.9319152832031 203.5870819091797 4.157154 1.571221 1.626648 -15.776947 2.175635 53.177532 1.6116564273834229 0.6756099462509155
Car 0.0 0 1.196988821029663 731.436767578125 164.6189422607422 775.4807739257812 191.7570037841797 3.8841047 1.7928247 1.6669916 9.803541 1.2491484 49.723778 1.3916521072387695 0.199163019657135
Car 0.0 0 1.471686840057373 686.9481811523438 178.9912109375 723.024658203125 211.03553771972656 4.290226 1.7929589 1.7232841 5.6221848 2.180691 43.370068 1.6006007194519043 0.18145282566547394
Car 0.0 0 2.1760029792785645 166.85333251953125 171.1397705078125 248.55320739746094 211.05592346191406 3.875823 1.8760451 1.6369696 -19.961006 1.795835 35.91795 1.6687642335891724 0.16691097617149353
Car 0.0 0 3.588758945465088 200.4576873779297 171.58389282226562 286.8663330078125 200.6278076171875 4.162216 1.6584264 1.7214326 -21.358404 1.5862608 42.1044 3.1193103790283203 0.15719717741012573
Car 0.0 0 1.6740747690200806 849.7827758789062 176.08782958984375 893.0305786132812 206.90525817871094 4.0606136 1.4941138 1.7128915 13.645005 1.6730521 37.641815 2.0218381881713867 0.11892176419496536
Car 0.0 0 1.886863112449646 330.38861083984375 176.22402954101562 368.828125 198.95269775390625 4.0277762 1.6878874 1.6480731 -20.261963 1.9603684 56.22228 1.5409621000289917 0.11885355412960052
Car 0.0 0 1.622696876525879 316.1364440917969 181.27796936035156 343.0943908691406 205.62924194335938 4.1353135 1.6357069 1.6077 -20.276892 2.2715392 52.21207 1.2522681951522827 0.10212688893079758
