Pedestrian 0.0 0 1.3639111518859863 993.0204467773438 143.42056274414062 1039.56787109375 222.33193969726562 1.0589356 1.835443 0.77402157 9.7305565 1.1511927 17.400719 1.8737934827804565 0.18609808385372162
Pedestrian 0.0 0 2.4742016792297363 667.2084350585938 159.1525421142578 694.2479248046875 198.6084747314453 1.2183974 1.8748572 0.55445516 3.3792038 1.2241526 34.845512 2.570876121520996 0.16006264090538025
Cyclist 0.0 0 1.3906760215759277 994.1354370117188 146.40960693359375 1037.2655029296875 222.45811462402344 1.0469716 1.7696257 0.72771895 9.717663 1.1546309 17.400227 1.9000056982040405 0.10037081688642502
Car 0.0 0 1.9931666851043701 176.32510375976562 193.6355438232422 318.44940185546875 264.1070861816406 4.08201 1.4557166 1.6563324 -8.9890585 2.0397499 18.19262 1.5342464447021484 0.954218327999115
Car 0.0 0 1.8003597259521484 413.2213439941406 182.2784423828125 462.8256530761719 213.2442169189453 4.1181808 1.5390375 1.7277445 -9.303183 2.0780683 39.176006 1.5672069787979126 0.8498116135597229
Car 0.0 0 -1.59561026096344 587.80615234375 176.75735473632812 613.5465087890625 201.08770751953125 4.1743274 1.5098999 1.5855441 -0.6821768 1.7790687 47.57038 -1.6099495887756348 0.7018845677375793
Car 0.0 0 -1.8877904415130615 714.5098266601562 164.7667694091797 764.0282592773438 195.64108276367188 3.7420623 1.754127 1.8190081 7.6065507 1.2950081 42.97225 -1.7125943899154663 0.2513029873371124
Car 0.0 0 1.836646556854248 468.967041015625 180.74070739746094 499.9697265625 199.27366638183594 3.8957968 1.4848293 1.6405369 -10.688946 2.1798878 61.537792 1.6646652221679688 0.2341434359550476
Car 0.0 0 1.4821261167526245 574.3390502929688 175.7577667236328 595.4598388671875 192.11805725097656 4.0014033 1.4873152 1.6489474 -2.4259045 1.7714381 68.420654 1.4466851949691772 0.2092224806547165
Car 0.0 0 1.7637685537338257 421.70953369140625 176.181396484375 475.25592041015625 212.26194763183594 4.1494827 1.5435487 1.6484619 -7.427156 1.7073649 33.347206 1.5446233749389648 0.19554923474788666
