Pedestrian 0.0 0 -1.7622230052947998 919.6000366210938 168.83273315429688 937.57666015625 207.4533233642578 0.61915535 1.7097408 0.62921345 14.223281 1.5320765 32.311417 -1.3475539684295654 0.1469467729330063
Pedestrian 0.0 0 -0.34437423944473267 1136.7845458984375 168.37599182128906 1169.8292236328125 227.00137329101562 0.6049153 1.7448914 0.682424 16.42736 1.6119688 21.887934 0.29946041107177734 0.13124755024909973
Pedestrian 0.0 0 2.0169053077697754 169.79428100585938 168.53102111816406 190.5548858642578 206.01754760742188 0.7433961 1.8854852 0.65059257 -21.88916 1.6684072 36.688877 1.478977918624878 0.11226406693458557
Pedestrian 0.0 0 -2.111717700958252 1027.763671875 153.47283935546875 1054.565185546875 195.4980010986328 0.68399876 1.8374678 0.7747147 19.010265 0.9904225 31.888376 -1.5741336345672607 0.11107219010591507
Pedestrian 0.0 0 -0.369059681892395 998.2359008789062 167.80361938476562 1029.814208984375 208.05935668945312 1.0561904 1.8031245 0.7345153 18.292545 1.5772673 32.753674 0.14027714729309082 0.10323338955640793
Cyclist 0.0 0 -2.2817773818969727 1107.195068359375 136.09967041015625 1242.0 324.5167541503906 1.7198161 1.7480066 0.6126271 6.0776305 1.4073826 7.5609946 -1.604715347290039 0.8575104475021362
Car 0.0 0 1.9775718450546265 308.9170837402344 186.42849731445312 367.0026550292969 215.41319274902344 3.9211729 1.5113834 1.713715 -15.602063 2.3300002 41.49218 1.6179035902023315 0.8962249159812927
Car 0.0 0 1.8721438646316528 382.35711669921875 182.06065368652344 420.1060791015625 204.76014709472656 4.0673327 1.6022915 1.6125029 -15.784102 2.3260372 54.64054 1.5909276008605957 0.7521547079086304
Car 0.0 0 2.2638039588928223 0.0 191.10455322265625 82.53843688964844 259.3678894042969 4.2385626 1.4770207 1.6165441 -16.184607 2.0089357 18.88074 1.5551435947418213 0.7298423647880554
Car 0.0 0 1.1297072172164917 1196.714599609375 159.6197509765625 1242.0 198.54371643066406 3.824697 1.6815042 1.7526766 29.009815 1.1101464 33.246384 1.8471596240997314 0.2123740315437317
