Pedestrian 0.0 0 -0.7078996896743774 754.8674926757812 167.03555297851562 787.1827392578125 225.22962951660156 0.79500604 1.8223146 0.6161486 5.389928 1.3704758 22.947868 -0.47720423340797424 0.5989985466003418
Pedestrian 0.0 0 -1.411558747291565 498.34521484375 190.675537109375 527.8679809570312 251.52064514160156 0.99307454 1.7167739 0.70747215 -2.5930138 1.9917511 20.927782 -1.5348334312438965 0.38289177417755127
Pedestrian 0.0 0 -1.9552218914031982 530.9953002929688 173.59689331054688 546.3444213867188 203.09913635253906 1.0206578 1.7494912 0.5776609 -3.7735252 1.2816008 43.180687 -2.0423896312713623 0.299577921628952
Pedestrian 0.0 0 -0.19116869568824768 521.79296875 174.58584594726562 535.4894409179688 204.73101806640625 0.6946433 1.7310416 0.56320417 -4.2183294 1.3347956 41.616447 -0.2921857535839081 0.25662755966186523
Pedestrian 0.0 0 -1.6102869510650635 687.083740234375 172.21566772460938 710.6378173828125 232.49929809570312 1.1820782 1.680487 0.6205669 2.7597778 1.4228233 20.639355 -1.4773610830307007 0.23212935030460358
Pedestrian 0.0 0 -0.597834050655365 697.5101318359375 171.4331512451172 744.005859375 248.8536834716797 0.8577207 1.7275635 0.6101426 2.6997151 1.5041486 16.483843 -0.4354958236217499 0.19873394072055817
Pedestrian 0.0 0 -0.38041093945503235 571.86474609375 174.24806213378906 583.160888671875 197.4766387939453 0.72327673 1.7879267 0.5478849 -1.8340242 1.2302892 55.684505 -0.41333502531051636 0.16748112440109253
Pedestrian 0.0 0 0.32200679183006287 513.9710693359375 176.2786102294922 530.7098999023438 207.33470153808594 0.83282965 1.8180357 0.6115063 -4.668317 1.5131482 42.435673 0.21243810653686523 0.16139142215251923
Pedestrian 0.0 0 -0.12444412708282471 466.86859130859375 146.2602081298828 481.2201843261719 189.7705078125 0.54669386 1.9087857 0.68035614 -5.6762977 0.3637789 31.9164 -0.30045270919799805 0.12817035615444183
Cyclist 0.0 0 -1.6231948137283325 686.6494750976562 172.3212432861328 711.2549438476562 233.19326782226562 1.3129903 1.690506 0.6278244 2.7590888 1.4367491 20.626242 -1.4902182817459106 0.23810416460037231
Car 0.0 0 1.870582938194275 268.8419189453125 154.97618103027344 501.5516052246094 331.95867919921875 4.2567844 1.8090812 1.6693095 -2.5659134 1.5393246 9.49705 1.606703281402588 0.667064905166626
Car 0.0 0 -1.6494284868240356 651.3877563476562 172.6043701171875 689.543212890625 206.0783233642578 4.121657 1.7108178 1.720446 3.6690102 1.2570374 38.78478 -1.555109977722168 0.31958815455436707
Car 0.0 0 2.251884937286377 0.0 0.0 361.95318603515625 374.0 4.1750665 1.7391877 1.6795839 -2.7455964 1.2755063 3.4347684 1.5775378942489624 0.21244600415229797
Car 0.0 0 -1.7028883695602417 638.56005859375 178.57032775878906 667.0053100585938 201.29222106933594 3.5566165 1.5514828 1.5480679 3.6164463 1.3520967 50.868565 -1.6319139003753662 0.20945662260055542
