Pedestrian 0.0 0 -2.647067070007324 249.46827697753906 151.18385314941406 302.68707275390625 253.43621826171875 0.6119218 1.6231924 0.5214656 -5.4732065 1.2795502 11.729223 -3.0836641788482666 0.27885380387306213
Pedestrian 0.0 0 2.224611282348633 719.4841918945312 153.8291778564453 753.8930053710938 220.2939910888672 0.7619358 1.8834087 0.6561727 3.6310198 1.344662 20.942892 2.3962819576263428 0.22233809530735016
Pedestrian 0.0 0 -2.334789276123047 144.31521606445312 145.68995666503906 210.87852478027344 271.4217529296875 0.580825 1.7536497 0.5859057 -6.289748 1.3751359 10.419457 -2.8778913021087646 0.15502677857875824
Pedestrian 0.0 0 3.407254934310913 340.9295654296875 122.04591369628906 459.2831726074219 288.0276184082031 1.1406032 1.7484139 0.5418405 -2.3251135 1.213571 7.8807383 3.120357036590576 0.15325753390789032
Cyclist 0.0 0 2.0355658531188965 114.92118072509766 162.41891479492188 236.04782104492188 323.1817321777344 1.588695 1.7291967 0.5825702 -5.1503363 1.6173127 8.572482 1.4945592880249023 0.16956883668899536
Car 0.0 0 1.951230764389038 845.3025512695312 172.80409240722656 1064.2796630859375 297.7334289550781 3.7029102 1.4742966 1.5568484 4.989266 1.4740655 10.335949 2.4009509086608887 0.9440104365348816
Car 0.0 0 -1.3586735725402832 1056.5244140625 175.9237823486328 1201.8682861328125 255.68702697753906 3.9444582 1.3909547 1.596495 10.559437 1.461755 14.640756 -0.7338371872901917 0.8910854458808899
Car 0.0 0 -0.9399741888046265 581.7146606445312 172.43641662597656 887.0333862304688 339.56414794921875 3.3389928 1.3853564 1.5058539 1.3960205 1.3822528 7.6741505 -0.7600297927856445 0.8554304838180542
Car 0.0 0 -2.969714641571045 1062.462890625 166.55596923828125 1199.351806640625 211.1612091064453 3.7880738 1.4903879 1.5873883 18.662594 1.2803109 26.013168 -2.3473870754241943 0.5555384159088135
Car 0.0 0 1.8378138542175293 955.3562622070312 184.85231018066406 1070.7225341796875 252.7116241455078 3.6883636 1.413767 1.5277631 9.809172 1.7365195 17.534481 2.3478620052337646 0.20633356273174286
Car 0.0 0 -3.0297985076904297 1174.562255859375 149.6539306640625 1242.0 177.48211669921875 3.5111418 1.6722789 1.6617552 37.692722 0.27847546 45.199112 -2.3347105979919434 0.20225077867507935
