Pedestrian 0.0 0 1.132010579109192 654.3399658203125 136.38198852539062 724.081298828125 274.87353515625 0.8497556 1.7381843 0.6109181 1.0532281 1.1861438 9.369533 1.243950605392456 0.8580678105354309
Pedestrian 0.0 0 2.336860418319702 884.0341186523438 167.048583984375 924.4569091796875 232.13584899902344 0.7616062 1.5981818 0.5656962 7.480957 1.2694871 17.766521 2.735398054122925 0.8559955954551697
Pedestrian 0.0 0 0.9560948610305786 487.8371276855469 133.27142333984375 579.8318481445312 304.4674072265625 0.86595976 1.715335 0.5898261 -0.8243937 1.2438121 7.5992517 0.8480339050292969 0.8354102373123169
Pedestrian 0.0 0 -1.7594811916351318 719.6170654296875 136.6425323486328 793.2808227539062 301.7804260253906 0.7781538 1.6145096 0.60199744 1.4934114 1.1874223 7.3006387 -1.5577058792114258 0.8174585700035095
Pedestrian 0.0 0 0.5931580066680908 543.3486938476562 129.79022216796875 641.3107299804688 289.76434326171875 0.9041114 1.8014996 0.77506566 -0.19657934 1.2321327 8.527466 0.5701096057891846 0.7101826667785645
Pedestrian 0.0 0 1.500770926475525 489.53680419921875 137.7725830078125 529.62109375 235.49876403808594 0.83642054 1.7681136 0.6848519 -1.843991 0.9967071 13.267267 1.3626676797866821 0.7034854292869568
Pedestrian 0.0 0 1.361627221107483 800.5911865234375 139.6558837890625 879.725341796875 316.4686279296875 0.7309157 1.6943351 0.616968 2.3116212 1.3046371 7.165636 1.6736851930618286 0.5351258516311646
Pedestrian 0.0 0 0.9699196219444275 919.266845703125 142.97377014160156 1034.2276611328125 330.0206298828125 0.79591244 1.6488556 0.6131136 3.4241018 1.3197563 6.6611414 1.4447370767593384 0.5272122621536255
Pedestrian 0.0 0 1.519410252571106 609.0941772460938 139.978271484375 643.5455932617188 230.6888885498047 0.6762239 1.6995511 0.6248698 0.35902846 0.9419738 13.588079 1.5458264350891113 0.510547935962677
Pedestrian 0.0 0 0.7235152721405029 237.3281707763672 138.5926971435547 312.0892333984375 248.3551025390625 0.9564959 1.7314708 0.59130484 -5.4428716 1.072051 11.566214 0.2836763858795166 0.43387866020202637
Pedestrian 0.0 0 0.45779192447662354 995.5810546875 137.88157653808594 1119.134765625 323.52947998046875 0.7957503 1.6268524 0.61751276 4.2170777 1.255085 6.691586 1.0201261043548584 0.42567479610443115
Pedestrian 0.0 0 1.2771196365356445 657.9512939453125 132.99937438964844 700.140625 223.79476928710938 0.65583336 1.7115555 0.64947796 1.3856498 0.8177718 13.7074795 1.3778645992279053 0.38569486141204834
Pedestrian 0.0 0 -1.0585520267486572 239.86956787109375 159.00772094726562 265.3095703125 208.0353240966797 0.61184156 1.7439966 0.5979546 -12.717595 0.98100424 25.466213 -1.5217121839523315 0.36589449644088745
Pedestrian 0.0 0 -1.306304693222046 308.0032043457031 136.04185485839844 332.814453125 196.82421875 0.7128021 1.9099276 0.5708506 -9.122924 0.514498 22.600018 -1.6899698972702026 0.26221001148223877
Pedestrian 0.0 0 -2.457906723022461 290.5332946777344 137.2810516357422 347.3590087890625 238.49591064453125 0.709932 1.7213061 0.59340245 -5.0586276 0.9879525 12.406899 -2.8450565338134766 0.2580086290836334
Pedestrian 0.0 0 -1.333365559577942 107.92356872558594 148.11883544921875 165.7119140625 266.4549865722656 0.8439004 1.8820654 0.6217407 -7.803766 1.3687176 11.743047 -1.9198968410491943 0.24503245949745178
Cyclist 0.0 0 0.7384501099586487 233.78627014160156 138.8317413330078 312.443603515625 250.0094451904297 1.0375726 1.7499963 0.5893097 -5.4657154 1.0957719 11.557814 0.29671478271484375 0.13574983179569244
Cyclist 0.0 0 0.8229323625564575 915.2454223632812 141.61553955078125 1037.226318359375 333.0155029296875 0.8347727 1.6719502 0.60996246 3.4177654 1.3339823 6.6556015 1.297335147857666 0.10463138669729233
