Pedestrian 0.0 0 3.0968520641326904 624.447509765625 179.445068359375 643.30810546875 222.34780883789062 0.7529484 1.7657095 0.68939024 1.3300493 1.6821234 29.906061 3.1412971019744873 0.7436562776565552
Pedestrian 0.0 0 3.0389211177825928 575.1123657226562 182.50904846191406 597.7877807617188 227.2423858642578 0.8369953 1.765685 0.72621346 -0.6231817 1.8076904 28.781591 3.017272472381592 0.6895205974578857
Pedestrian 0.0 0 -0.4820568561553955 928.764404296875 161.51588439941406 1032.4300537109375 323.0847473144531 0.80763733 1.7532274 0.69256413 4.2250657 1.5377315 8.139835 -0.0032775364816188812 0.673309326171875
Pedestrian 0.0 0 -1.5276484489440918 681.0071411132812 180.45565795898438 703.6063232421875 227.7366180419922 0.8785967 1.6742406 0.7738591 3.2645848 1.6383172 25.931879 -1.402416467666626 0.6281906962394714
Pedestrian 0.0 0 1.6476613283157349 410.9967041015625 176.92088317871094 448.8746032714844 264.84808349609375 0.61789 1.6157801 0.65205663 -3.2673473 1.532898 13.554608 1.4111231565475464 0.5881205201148987
Pedestrian 0.0 0 -1.4880553483963013 365.2173767089844 196.9261474609375 403.7904052734375 273.9374694824219 0.71113145 1.5808457 0.7345467 -4.6587577 1.9206301 15.337994 -1.7829395532608032 0.5750399231910706
Pedestrian 0.0 0 -0.7183718085289001 0.0 176.7869873046875 119.32523345947266 371.85833740234375 0.74964356 1.6442139 0.65078425 -4.999034 1.6058755 6.482978 -1.3752416372299194 0.5508683919906616
Pedestrian 0.0 0 -1.9494855403900146 428.97784423828125 178.2781524658203 458.1229248046875 242.466064453125 0.56142515 1.6939505 0.6015046 -4.2876983 1.6100919 19.355804 -2.167485237121582 0.45677265524864197
Pedestrian 0.0 0 -1.2283145189285278 514.1829833984375 180.1642303466797 541.4920654296875 234.66708374023438 0.809828 1.61707 0.58718354 -2.252939 1.5785661 21.772968 -1.3314217329025269 0.4519279897212982
Pedestrian 0.0 0 3.403055429458618 270.8035583496094 128.2039794921875 379.6339416503906 302.1308288574219 0.9904664 1.8327498 0.6535826 -3.0755994 1.2725053 7.9450364 3.0337107181549072 0.35965126752853394
Pedestrian 0.0 0 2.990541934967041 589.7772827148438 188.60272216796875 609.1713256835938 228.77186584472656 0.75738865 1.7366446 0.6848912 -0.10378213 2.0538924 31.589973 2.9872567653656006 0.3364241421222687
Pedestrian 0.0 0 -2.0944716930389404 388.9107971191406 171.5508270263672 427.2906188964844 242.5137939453125 0.7486724 1.739029 0.6450053 -4.9048257 1.4964039 18.093643 -2.359189987182617 0.2611194849014282
Pedestrian 0.0 0 -2.325786828994751 785.95166015625 146.5431671142578 881.8858642578125 327.4693298339844 0.78078914 1.6302028 0.46990123 2.1752884 1.3166101 6.923563 -2.0213663578033447 0.21998225152492523
Cyclist 0.0 0 3.033017635345459 574.677978515625 182.40621948242188 598.4110107421875 227.13450622558594 0.87535375 1.7648448 0.72917867 -0.6194519 1.8026714 28.775747 3.0114941596984863 0.17237906157970428
Cyclist 0.0 0 -1.2283145189285278 514.1829833984375 180.1642303466797 541.4920654296875 234.66708374023438 0.809828 1.61707 0.58718354 -2.252939 1.5785661 21.772968 -1.3314217329025269 0.11937955021858215
Cyclist 0.0 0 -1.6282856464385986 684.214111328125 179.17459106445312 706.7075805664062 228.7552490234375 1.0517132 1.7488168 0.7418331 3.3579173 1.6678535 25.885618 -1.4992846250534058 0.11548107117414474
