Car 0.0 0 -1.696892261505127 667.0787353515625 180.03561401367188 733.1776123046875 231.78501892089844 3.8929389 1.4502829 1.5640067 2.7025638 1.6961654 22.712729 -1.5784600973129272 0.9622345566749573
Car 0.0 0 2.077904462814331 0.0 206.3849639892578 357.8246154785156 375.0 3.5257668 1.3973055 1.5765098 -3.8180823 1.7947153 6.7735214 1.564620852470398 0.9550315141677856
Car 0.0 0 2.648608684539795 865.9097900390625 161.69866943359375 1120.8233642578125 240.49737548828125 4.608958 1.6078675 1.7314835 8.102751 1.3806039 15.618946 3.127164840698242 0.9449982643127441
Car 0.0 0 1.9417698383331299 247.35391235351562 195.44212341308594 386.4515075683594 277.81427001953125 3.6977658 1.4933335 1.6001543 -6.351798 2.051204 15.950786 1.5628056526184082 0.9244853258132935
Car 0.0 0 -1.3362773656845093 407.8561096191406 187.50640869140625 475.03076171875 232.92379760742188 3.8573804 1.5109814 1.6092923 -6.304689 2.102695 27.183779 -1.5641764402389526 0.8842754364013672
Car 0.0 0 2.7901816368103027 769.5634155273438 165.9011688232422 912.54443359375 213.47825622558594 4.394017 1.5819267 1.6802492 7.8656025 1.3511047 24.927963 3.095827579498291 0.8713233470916748
Car 0.0 0 1.7393954992294312 470.9468078613281 182.5544891357422 513.3031005859375 214.17234802246094 3.8942702 1.5425193 1.5915477 -6.244908 2.0847456 38.349476 1.5779703855514526 0.8188938498497009
Car 0.0 0 2.4412097930908203 1126.06494140625 151.01507568359375 1242.0 191.25563049316406 4.2311645 1.5142955 1.6777123 22.70906 0.69283116 28.029356 3.1221325397491455 0.6343832015991211
Car 0.0 0 -0.49581170082092285 1024.282470703125 144.70790100097656 1137.97265625 178.38546752929688 4.260306 1.5587472 1.6624383 22.340826 0.2563783 34.39257 0.08027029037475586 0.609911322593689
Car 0.0 0 -0.6214444637298584 1070.1962890625 148.84986877441406 1196.6845703125 185.95985412597656 4.2693815 1.5623056 1.647253 22.526205 0.55210567 31.205273 0.0038101673126220703 0.5301289558410645
