Pedestrian 0.0 0 -1.153688669204712 172.53895568847656 160.6223907470703 287.5016174316406 340.5412902832031 0.8278452 1.609586 0.7022499 -3.56257 1.4241916 6.858607 -1.6327595710754395 0.8703730702400208
Pedestrian 0.0 0 -1.907697081565857 841.6819458007812 148.51502990722656 959.2348022460938 358.956787109375 0.85081625 1.6687852 0.6758113 2.4676766 1.40861 6.134082 -1.5252186059951782 0.8113620281219482
Pedestrian 0.0 0 -3.6831774711608887 1099.1746826171875 148.3803253173828 1176.4248046875 259.10894775390625 0.7378751 1.6615678 0.6310562 8.247198 1.165888 11.126091 -3.0453009605407715 0.7973598837852478
Pedestrian 0.0 0 0.17919988930225372 720.3521728515625 169.5391082763672 763.2092895507812 246.26690673828125 0.8415146 1.7023121 0.7664693 3.1836123 1.4381617 16.444199 0.3704349994659424 0.7680292129516602
Pedestrian 0.0 0 -2.0951199531555176 630.4487915039062 163.79335021972656 672.1080322265625 255.5806121826172 0.5572484 1.8189908 0.6546662 0.9736336 1.4693372 14.627579 -2.028656482696533 0.7636904716491699
Pedestrian 0.0 0 -2.0424344539642334 901.7035522460938 190.01162719726562 1020.4041748046875 363.9783935546875 0.7772018 1.6302984 0.7877055 3.5062773 1.721243 7.1627407 -1.5872091054916382 0.6989693641662598
Pedestrian 0.0 0 1.6685724258422852 436.50396728515625 179.371826171875 461.7169494628906 230.2576904296875 0.98573637 1.8065429 0.8035579 -5.5336366 1.7320455 26.034184 1.4591366052627563 0.5524199604988098
Pedestrian 0.0 0 -2.021071195602417 758.6455078125 155.82960510253906 868.9227294921875 362.4462585449219 0.8043537 1.6187587 0.59769076 1.7187493 1.4190354 6.0732007 -1.7452776432037354 0.5347861051559448
Pedestrian 0.0 0 -0.014114722609519958 426.64984130859375 175.10153198242188 447.6730651855469 223.00735473632812 0.76128286 1.7766429 0.6757037 -6.211846 1.5403852 27.056252 -0.23979371786117554 0.417317271232605
Pedestrian 0.0 0 3.203083038330078 535.4749145507812 185.85906982421875 554.0161743164062 231.97418212890625 0.62778634 1.6344353 0.6513767 -2.0581384 1.794376 25.850706 3.1236343383789062 0.414301335811615
Pedestrian 0.0 0 1.711237907409668 539.3588256835938 174.4180450439453 558.7001953125 220.3044891357422 0.6456161 1.6727706 0.62948275 -1.9525409 1.415645 26.527128 1.6377649307250977 0.38920432329177856
Pedestrian 0.0 0 3.1035521030426025 360.3737487792969 161.93638610839844 375.9022216796875 198.52207946777344 0.7709933 1.9444345 0.59039456 -12.537447 0.9055203 38.585083 2.78938364982605 0.3668672740459442
Pedestrian 0.0 0 0.17146161198616028 227.22708129882812 169.42189025878906 280.612548828125 292.5625305175781 0.613039 1.7437989 0.60931396 -5.134326 1.5740769 10.547579 -0.2815523147583008 0.35825470089912415
Pedestrian 0.0 0 2.639521360397339 329.8169860839844 186.80426025390625 360.79730224609375 235.66439819335938 0.83352154 1.7862842 0.75632834 -9.627139 1.9904362 26.94371 2.2963531017303467 0.33899828791618347
Cyclist 0.0 0 2.302318572998047 883.4107055664062 158.8015594482422 962.0968627929688 240.03895568847656 1.6514744 1.6296883 0.5343004 6.6729236 1.1755836 14.988678 2.7211716175079346 0.6415762901306152
Cyclist 0.0 0 -2.1390058994293213 105.03692626953125 196.6911163330078 157.1405029296875 250.30787658691406 1.7450186 1.8078026 0.705197 -16.579422 2.3579073 25.28122 -2.719447612762451 0.37083685398101807
Cyclist 0.0 0 3.112302780151367 50.38032150268555 200.4582061767578 229.8458251953125 358.36083984375 1.7550833 1.6807185 0.79657096 -5.5663857 1.9325714 8.66553 2.5413174629211426 0.31330451369285583
Car 0.0 0 1.731985092163086 473.3858337402344 167.23414611816406 534.555419921875 218.96812438964844 4.331882 1.9324948 1.773097 -3.8643618 1.4006351 29.020979 1.5996062755584717 0.6839683651924133
Car 0.0 0 1.9337782859802246 511.6897277832031 168.7085418701172 562.4395751953125 197.23419189453125 3.9068027 1.5381935 1.5900534 -3.6004007 0.8492692 40.82818 1.8458216190338135 0.4283882677555084
