Pedestrian 0.0 0 -3.6685361862182617 1153.33349609375 104.70750427246094 1224.0 207.59378051757812 0.8062706 1.8358066 0.60475254 10.653363 0.48507822 12.973883 -2.9810378551483154 0.5761650800704956
Pedestrian 0.0 0 -2.0716376304626465 187.64276123046875 156.2531280517578 205.87709045410156 187.74169921875 0.73769075 1.9634293 0.73182523 -25.747412 0.45289543 44.586437 -2.595327615737915 0.5086725354194641
Pedestrian 0.0 0 -2.7644309997558594 434.43780517578125 167.6955108642578 455.39501953125 206.60423278808594 0.81405526 1.8414146 0.6017346 -7.6706967 1.23687 33.81698 -2.9874863624572754 0.4861091077327728
Pedestrian 0.0 0 -3.1844749450683594 808.6074829101562 153.1649627685547 829.501220703125 190.0505828857422 0.9698928 1.8120403 0.5349248 10.610023 0.47061747 35.108833 -2.8909976482391357 0.45489510893821716
Pedestrian 0.0 0 -2.187044143676758 1097.250732421875 128.7875213623047 1138.91064453125 185.09739685058594 0.92465353 1.8477029 0.72645915 17.130547 0.15239856 23.661587 -1.5604039430618286 0.36409565806388855
Cyclist 0.0 0 -1.0209712982177734 345.5684814453125 176.06246948242188 379.7306213378906 218.37326049804688 1.7562108 1.6993015 0.49731272 -10.048679 1.5225745 29.302982 -1.351327896118164 0.9398317337036133
Cyclist 0.0 0 -0.09684445708990097 653.0327758789062 164.12460327148438 688.4099731445312 198.7279815673828 1.8205687 1.8218019 0.5820396 3.4686594 0.96108127 37.515064 -0.004646154120564461 0.8998414278030396
Cyclist 0.0 0 -3.1503069400787354 711.1753540039062 156.52232360839844 752.6021118164062 191.4554901123047 1.9251173 1.641614 0.80812985 6.037606 0.51628155 33.78082 -2.9734456539154053 0.8475250601768494
Cyclist 0.0 0 2.6489813327789307 569.9951171875 165.75575256347656 598.6337280273438 194.17262268066406 1.7288579 1.7500687 0.5656652 -1.2929622 0.8433897 44.215134 2.6197471618652344 0.6125307083129883
Cyclist 0.0 0 -1.2323569059371948 754.579345703125 159.4102783203125 771.8497924804688 187.86802673339844 1.6182697 1.7646781 0.56072795 10.001897 0.458245 44.674217 -1.012103796005249 0.37231698632240295
Cyclist 0.0 0 -1.7427589893341064 744.2536010742188 145.86669921875 762.1627807617188 188.47415161132812 1.7582477 1.7098993 0.42679676 6.0998216 0.3215093 29.255737 -1.5372039079666138 0.2622288465499878
Cyclist 0.0 0 -2.187044143676758 1097.250732421875 128.7875213623047 1138.91064453125 185.09739685058594 0.92465353 1.8477029 0.72645915 17.130547 0.15239856 23.661587 -1.5604039430618286 0.16153155267238617
Cyclist 0.0 0 -3.1631205081939697 808.8379516601562 153.0085906982422 831.6591796875 190.0127410888672 1.0701662 1.814202 0.5434115 10.655172 0.4678175 35.065636 -2.8681228160858154 0.10019043833017349
Car 0.0 0 -1.454779028892517 491.0594177246094 172.5236358642578 540.4664306640625 211.232421875 3.6446664 1.5047381 1.6212934 -3.658242 1.1961735 29.309235 -1.5789521932601929 0.951464831829071
Car 0.0 0 2.6146509647369385 942.7123413085938 147.42042541503906 1017.8090209960938 171.38685607910156 4.0133224 1.4950126 1.6195084 24.199245 -0.59877086 45.66528 3.101952314376831 0.601397693157196
Car 0.0 0 2.0802321434020996 1124.1572265625 124.35650634765625 1224.0 204.21534729003906 3.854136 1.5923605 1.6153967 13.514743 0.47450495 15.504296 2.7971770763397217 0.4178847372531891
Car 0.0 0 -0.5975844860076904 1036.5697021484375 158.76190185546875 1162.6707763671875 196.92190551757812 3.7103674 1.4035889 1.5040835 18.638245 0.605542 26.77306 0.010557413101196289 0.253111869096756
