Car 0.0 0 -1.7325000762939453 719.6957397460938 183.38082885742188 804.1607666015625 244.90232849121094 4.0538783 1.4632218 1.6178087 4.0264997 1.7842075 19.91789 -1.5330333709716797 0.9348927736282349
Car 0.0 0 1.332127571105957 762.9844970703125 183.3538360595703 914.2327880859375 283.88946533203125 4.292252 1.560539 1.728953 4.1053987 1.7941571 13.840252 1.6204874515533447 0.9342346787452698
Car 0.0 0 -2.019721031188965 844.0347900390625 180.3673553466797 1212.4222412109375 375.0 3.6119 1.5096333 1.6350211 3.6514003 1.6039191 7.1950517 -1.5501011610031128 0.9208253026008606
Car 0.0 0 2.102407932281494 0.0 196.7070770263672 366.6766662597656 375.0 3.642804 1.5046916 1.5497286 -2.9304075 1.7176545 4.579098 1.533128023147583 0.904748260974884
Car 0.0 0 -1.7181384563446045 709.0321655273438 179.16160583496094 767.5330200195312 227.086669921875 3.2263138 1.5366946 1.5398703 4.3691287 1.7715807 25.193901 -1.5464261770248413 0.8812026977539062
Car 0.0 0 1.6110527515411377 556.8734741210938 174.60047912597656 591.5960693359375 204.98922729492188 4.076882 1.494682 1.6538368 -1.8597409 1.5914131 37.767242 1.5618503093719482 0.8560987710952759
Car 0.0 0 -1.7042990922927856 693.0241088867188 177.50706481933594 739.4376831054688 214.4542999267578 3.5062938 1.5233148 1.5689366 4.607398 1.741085 31.95004 -1.5610800981521606 0.7156547904014587
Car 0.0 0 -1.7260189056396484 678.4837036132812 177.303466796875 720.751953125 209.1259307861328 3.6041744 1.5007064 1.5655266 4.4271417 1.7365887 36.36287 -1.6048661470413208 0.6542309522628784
Car 0.0 0 1.6989901065826416 494.3762512207031 180.1551971435547 562.780029296875 237.60304260253906 3.7921433 1.5440923 1.5761997 -2.4160962 1.7842546 21.78605 1.5885404348373413 0.630921483039856
Car 0.0 0 -1.458690881729126 443.3948974609375 172.8512420654297 545.5767822265625 258.212158203125 4.30485 1.6416456 1.7523345 -2.466764 1.6419504 16.05972 -1.6110992431640625 0.5918629765510559
