Pedestrian 0.0 0 1.1587097644805908 1012.8311767578125 193.94158935546875 1054.4097900390625 265.9307556152344 0.8625662 1.6999397 0.5846909 10.371399 2.2331927 17.768627 1.68705153465271 0.264380544424057
Pedestrian 0.0 0 1.2799755334854126 925.1976928710938 149.9420166015625 949.6586303710938 197.84521484375 0.7719732 1.7871704 0.6487578 12.358526 0.93272936 27.342134 1.7044878005981445 0.16992582380771637
Pedestrian 0.0 0 -3.71005916595459 1127.4869384765625 78.8729476928711 1242.0 280.93634033203125 0.70492643 1.899792 0.6373002 5.6342726 1.0165437 7.1333857 -3.0415406227111816 0.16135893762111664
Pedestrian 0.0 0 1.1200751066207886 919.984375 122.11758422851562 986.0097045898438 244.59759521484375 0.7239476 1.8775221 0.6964586 5.36265 1.1001307 11.423928 1.5589629411697388 0.13670720160007477
Pedestrian 0.0 0 1.7728674411773682 0.0 160.394775390625 21.156326293945312 211.3165740966797 1.4743704 1.8203728 0.57885844 -22.280493 1.3753341 26.577204 1.0751869678497314 0.11409488320350647
Cyclist 0.0 0 1.730179786682129 0.0 160.43080139160156 19.32868003845215 210.684326171875 1.6224779 1.7872752 0.5693292 -22.25729 1.3458008 26.501167 1.0316016674041748 0.15169461071491241
Cyclist 0.0 0 0.9396743178367615 738.6509399414062 146.74510192871094 780.4849853515625 199.4110107421875 1.6435417 1.7961329 0.5865638 5.2186885 0.9060656 25.474075 1.141741156578064 0.11455988138914108
Cyclist 0.0 0 1.1587097644805908 1012.8311767578125 193.94158935546875 1054.4097900390625 265.9307556152344 0.8625662 1.6999397 0.5846909 10.371399 2.2331927 17.768627 1.68705153465271 0.1056215837597847
Car 0.0 0 -1.5553734302520752 567.4065551757812 185.66567993164062 604.084228515625 220.88047790527344 3.6072624 1.4545941 1.5823114 -1.1208103 2.0722058 32.942207 -1.589383840560913 0.9448181986808777
Car 0.0 0 -1.5598903894424438 521.3063354492188 186.96006774902344 550.0221557617188 213.50833129882812 4.0366564 1.4739456 1.6769291 -4.5813704 2.3824158 44.361115 -1.6628000736236572 0.6917348504066467
Car 0.0 0 1.4301337003707886 900.0670166015625 191.8935089111328 944.6851806640625 223.87135314941406 4.317267 1.5834599 1.7147778 17.550833 2.7209334 40.782345 1.8365302085876465 0.18767866492271423
Car 0.0 0 -1.6548429727554321 575.1860961914062 170.10804748535156 600.6429443359375 194.1001434326172 3.6977572 1.8030702 1.6702136 -1.7751948 1.5970618 56.155632 -1.6864445209503174 0.18749523162841797
Car 0.0 0 1.2523534297943115 975.314208984375 179.59262084960938 1037.2423095703125 210.92575073242188 3.8937922 1.4708531 1.6217564 20.095373 1.8343171 36.815697 1.7519949674606323 0.12089017778635025
Car 0.0 0 -3.109764337539673 915.9594116210938 159.98634338378906 1018.8278198242188 195.31918334960938 4.3106294 1.6023084 1.6406962 16.984077 1.0191303 34.456112 -2.6517975330352783 0.11924764513969421
