Pedestrian 0.0 0 3.0864219665527344 194.80755615234375 155.8033447265625 286.9347229003906 332.18292236328125 0.782639 1.6454012 0.7578298 -3.6844099 1.4070592 7.222849 2.6147232055664062 0.8448690176010132
Pedestrian 0.0 0 2.6377997398376465 857.6231689453125 171.04898071289062 907.572998046875 253.22836303710938 0.7907728 1.7305921 0.64177203 6.019546 1.5117393 15.4951725 3.0083348751068115 0.738883912563324
Pedestrian 0.0 0 -2.4230740070343018 769.7669067382812 160.4723663330078 809.5812377929688 232.32986450195312 0.74769175 1.727994 0.5898587 4.6132727 1.223528 17.746567 -2.168750047683716 0.6900240182876587
Pedestrian 0.0 0 -2.055309534072876 408.5498352050781 171.2781219482422 444.2265319824219 234.36619567871094 0.79447806 1.6837326 0.65429324 -4.8301744 1.4120884 19.683018 -2.295952320098877 0.6822888255119324
Pedestrian 0.0 0 -2.068902015686035 826.8146362304688 159.5575408935547 877.7858276367188 256.7683410644531 0.75526273 1.7024847 0.5780518 4.4878426 1.3194748 12.997944 -1.736444354057312 0.6408364176750183
Pedestrian 0.0 0 -1.80379319190979 705.6287841796875 164.04180908203125 791.9820556640625 335.14080810546875 0.7887646 1.5849082 0.66020995 1.3763201 1.4245678 7.058803 -1.6112298965454102 0.5399879217147827
Pedestrian 0.0 0 -0.17302119731903076 906.3389892578125 123.5485610961914 976.26025390625 259.76751708984375 0.7819473 1.8032062 0.55719864 4.611022 1.0373986 9.8772745 0.26374125480651855 0.5171810984611511
Pedestrian 0.0 0 0.6321607828140259 441.6529541015625 172.6155242919922 463.86376953125 215.6904754638672 0.6712893 1.8527031 0.69083995 -6.5000343 1.4715364 31.347322 0.4277029037475586 0.5010241866111755
Pedestrian 0.0 0 -1.5913680791854858 711.7774047851562 168.10269165039062 737.4202270507812 239.40533447265625 1.0196419 1.7489773 0.61455286 3.0721443 1.4215461 18.166695 -1.4238444566726685 0.441631019115448
Pedestrian 0.0 0 2.268522024154663 801.1419677734375 164.34310913085938 830.9404296875 215.4865264892578 0.78439844 1.6428127 0.56279445 7.002339 1.092802 23.522478 2.5578556060791016 0.41334936022758484
Pedestrian 0.0 0 -0.90675950050354 744.7847900390625 175.48611450195312 792.4125366210938 256.0041198730469 0.6630766 1.7187425 0.7802256 3.6475563 1.5915987 15.842827 -0.6804689168930054 0.27711862325668335
Pedestrian 0.0 0 -1.06711745262146 254.16009521484375 189.80722045898438 317.20147705078125 298.80206298828125 0.6424609 1.7028291 0.713989 -5.1410336 1.8426384 11.624523 -1.4835141897201538 0.2729558050632477
Cyclist 0.0 0 1.9331516027450562 220.3060760498047 147.6254425048828 374.0450439453125 374.0 1.7690511 1.6520603 0.5708058 -2.4647143 1.4162306 5.921325 1.538720965385437 0.837368369102478
Car 0.0 0 3.5324182510375977 141.76763916015625 188.3644256591797 362.2281188964844 267.4028625488281 3.6261432 1.4569409 1.5368276 -6.843299 1.6027724 14.2593 3.0849647521972656 0.42883333563804626
Car 0.0 0 -1.4761015176773071 547.0699462890625 175.86061096191406 571.6585083007812 197.22239685058594 3.8491883 1.6561958 1.6150588 -3.3196087 1.2195137 57.64376 -1.5336263179779053 0.3476913869380951
Car 0.0 0 -1.057586669921875 0.0 192.632568359375 64.41120910644531 374.0 4.150962 1.4846412 1.6115601 -5.3135037 1.5934149 4.702683 -1.9038927555084229 0.31726977229118347
Car 0.0 0 0.5784745812416077 336.3536376953125 185.7452850341797 429.3831787109375 219.44374084472656 3.869689 1.4766647 1.5759872 -10.069006 1.680856 33.097855 0.28315138816833496 0.25695928931236267
