Pedestrian 0.0 0 -2.831618309020996 486.2669677734375 175.4906005859375 522.3069458007812 242.81842041015625 0.8078681 1.7226146 0.52843976 -2.7996967 1.7929071 18.809664 -2.979377031326294 0.27587100863456726
Pedestrian 0.0 0 -1.2791001796722412 440.22845458984375 162.8143310546875 469.52996826171875 221.22792053222656 1.2017964 1.8057371 0.59176624 -4.9631715 1.4957391 22.924366 -1.4923115968704224 0.18112094700336456
Cyclist 0.0 0 -1.9013593196868896 777.530517578125 164.57093811035156 822.9216918945312 230.2274169921875 1.9840568 1.7745711 0.6311279 5.330896 1.5510536 20.512257 -1.6470959186553955 0.9289141893386841
Cyclist 0.0 0 -2.1813385486602783 1055.668212890625 115.12594604492188 1137.66357421875 215.357177734375 1.6342224 1.786561 0.42234722 9.131004 0.75795114 13.679782 -1.5927718877792358 0.19965636730194092
Car 0.0 0 -1.5879091024398804 580.7718505859375 177.0273895263672 637.606201171875 229.51373291015625 4.3904753 1.5691903 1.728814 -0.11872125 1.7219661 24.134954 -1.5928281545639038 0.9426620006561279
Car 0.0 0 -1.4549665451049805 403.9132995605469 166.69264221191406 466.73651123046875 229.1622314453125 3.691586 1.8031349 1.5054916 -5.4695725 1.6256499 22.746578 -1.6909434795379639 0.3995656669139862
Car 0.0 0 1.3199149370193481 553.4583129882812 181.8575897216797 589.7665405273438 205.7982177734375 3.8768373 1.5068201 1.5442953 -2.6806445 2.1453252 49.05679 1.2653255462646484 0.30010417103767395
Car 0.0 0 2.043442487716675 468.4190368652344 181.9443359375 513.2827758789062 200.38526916503906 4.3867645 1.3498482 1.7183589 -9.460389 2.1040392 57.48129 1.880322813987732 0.20021885633468628
Car 0.0 0 1.9808323383331299 506.9838562011719 182.05340576171875 544.4404296875 201.99957275390625 3.4114697 1.4498556 1.6697788 -6.53722 2.188746 56.048203 1.8647212982177734 0.1730920970439911
Car 0.0 0 1.53076171875 534.165771484375 178.46945190429688 557.65966796875 200.506591796875 4.2334194 1.4584721 1.4805752 -4.597011 1.8733417 51.063675 1.4409786462783813 0.16489870846271515
