Pedestrian 0.0 0 1.6169766187667847 589.1887817382812 154.12586975097656 607.161376953125 199.9539794921875 0.89218014 1.8235977 0.6875803 -0.51461077 1.078724 29.1645 1.5993332862854004 0.2509169578552246
Pedestrian 0.0 0 1.659001111984253 898.4160766601562 167.40609741210938 942.3990478515625 262.3901062011719 0.6569671 1.7793976 0.72950983 5.9659896 1.6776962 13.976067 2.0624561309814453 0.17671597003936768
Pedestrian 0.0 0 -3.0323777198791504 554.9179077148438 144.74061584472656 570.697998046875 188.9957275390625 0.6102929 1.8931257 0.6970341 -2.0794983 0.69086176 31.224096 -3.0988786220550537 0.16874462366104126
Pedestrian 0.0 0 -1.0882476568222046 503.1278076171875 140.4024200439453 529.5899658203125 196.2223358154297 0.7380915 1.9580492 0.6724171 -3.3846223 0.8200717 25.76966 -1.218841552734375 0.15991614758968353
Pedestrian 0.0 0 -0.3597443699836731 970.58935546875 155.349609375 1038.857421875 275.88031005859375 0.80413735 1.8486891 0.54396963 6.16331 1.580566 11.388237 0.13631725311279297 0.1345033347606659
Pedestrian 0.0 0 -1.5296818017959595 1003.3380737304688 138.0782470703125 1036.8917236328125 217.18191528320312 0.743079 1.788586 0.6508781 9.503722 1.0026414 16.799032 -1.0148417949676514 0.13119880855083466
Pedestrian 0.0 0 0.901656985282898 938.0166625976562 162.06993103027344 995.048095703125 269.2147521972656 0.7843252 1.8478385 0.54191005 6.3017783 1.6622124 12.881811 1.356627106666565 0.10202010720968246
Cyclist 0.0 0 -2.1047019958496094 1172.94140625 187.49610900878906 1242.0 275.64410400390625 1.4661583 1.5512083 0.35534343 11.285494 1.8448124 13.696188 -1.4155044555664062 0.3816509246826172
Cyclist 0.0 0 -1.7182910442352295 1199.312255859375 118.88775634765625 1242.0 242.86167907714844 1.6924857 1.7648671 0.3825982 9.392574 0.99697256 11.088865 -1.0155251026153564 0.22372590005397797
Car 0.0 0 -1.8686603307724 717.6419677734375 182.54620361328125 909.9032592773438 303.0080871582031 4.1150155 1.4476355 1.6160568 2.8141665 1.6252803 11.10039 -1.6203718185424805 0.9650583863258362
Car 0.0 0 -2.3946337699890137 1153.9215087890625 175.13778686523438 1242.0 375.0 4.1234665 1.4892722 1.5742172 6.6140766 1.5145675 5.793259 -1.5431761741638184 0.3740829527378082
Car 0.0 0 -2.4257376194000244 1087.40380859375 125.9112319946289 1239.5120849609375 188.29417419433594 3.3181202 1.7313405 1.7388079 16.54366 0.42887595 21.824377 -1.777113437652588 0.11627382785081863
Car 0.0 0 -0.36909452080726624 900.4884033203125 177.7311248779297 998.53076171875 204.52713012695312 4.418312 1.3640257 1.5150493 17.766375 1.6271447 37.96388 0.06861138343811035 0.10434404015541077
