Car 0.0 0 -2.1129379272460938 815.17724609375 178.22044372558594 1242.0 375.0 3.8765 1.541591 1.648961 2.8900015 1.5958656 5.276105 -1.6118215322494507 0.9502747058868408
Car 0.0 0 1.9535239934921265 237.30154418945312 180.85023498535156 398.01690673828125 269.2441101074219 4.2181964 1.6149952 1.7590773 -6.169749 1.8125883 15.678806 1.5786259174346924 0.932966411113739
Car 0.0 0 1.8465179204940796 356.4794006347656 179.99607849121094 448.51458740234375 238.807861328125 4.177935 1.6074361 1.6505206 -6.3312783 1.8493907 22.315315 1.5700639486312866 0.9214749932289124
Car 0.0 0 2.286952495574951 0.0 206.83863830566406 222.7437286376953 375.0 4.027669 1.4775004 1.5924406 -6.0746045 1.9321592 7.5973864 1.6124767065048218 0.9099318385124207
Car 0.0 0 1.6897027492523193 526.5916748046875 179.46815490722656 564.6061401367188 207.04908752441406 4.117177 1.4760927 1.7126182 -3.7026877 1.8777906 41.695866 1.6011327505111694 0.8784539699554443
Car 0.0 0 1.8521029949188232 440.2478942871094 185.82244873046875 496.2114562988281 221.22132873535156 3.9116955 1.45508 1.4947248 -6.4798083 2.0874343 33.146095 1.6590454578399658 0.8000613451004028
Car 0.0 0 -0.019570887088775635 1023.6402587890625 148.89662170410156 1194.0108642578125 199.1219482421875 4.2146783 1.4301417 1.6029996 15.256936 0.74832517 22.366737 0.5790581703186035 0.7549633383750916
Car 0.0 0 1.489112138748169 554.0015869140625 174.4394989013672 580.0744018554688 196.1743621826172 4.1233053 1.6067259 1.6757749 -3.383756 1.7344728 55.810818 1.428557276725769 0.5839734673500061
Car 0.0 0 1.7331039905548096 499.3385925292969 180.76873779296875 531.2429809570312 204.90286254882812 3.8305535 1.4986483 1.5073348 -6.291182 2.046957 48.01215 1.6028131246566772 0.5460041761398315
Car 0.0 0 -1.5669896602630615 635.7164306640625 175.19631958007812 657.6427001953125 196.84947204589844 3.8704143 1.5705469 1.6025488 2.760973 1.7550133 54.735065 -1.516589879989624 0.4386887848377228
