Car 0.0 0 -0.35879743099212646 690.8649291992188 166.41400146484375 891.0309448242188 246.5719451904297 3.840226 1.6065387 1.6358303 3.7574756 1.4778249 15.502134 -0.12099914252758026 0.9528095722198486
Car 0.0 0 3.7851688861846924 0.0 197.78793334960938 157.6547088623047 354.02655029296875 3.8956637 1.4165705 1.5419446 -7.441422 1.7223492 7.845386 3.0261902809143066 0.9287999272346497
Car 0.0 0 0.3716519773006439 114.8656997680664 172.61700439453125 331.3033447265625 247.26571655273438 3.9481719 1.5629144 1.6213568 -8.549776 1.5583102 16.136942 -0.11557096242904663 0.9239246845245361
Car 0.0 0 -0.23276373744010925 637.4847412109375 166.54098510742188 745.4898071289062 212.33303833007812 3.6352808 1.604392 1.6142887 2.8838217 1.3835644 26.302402 -0.12355893850326538 0.9085164070129395
Car 0.0 0 3.3623275756835938 303.9438171386719 169.82240295410156 419.7951965332031 212.59359741210938 3.7822964 1.5185157 1.6070845 -9.117951 1.4112422 26.61917 3.032320022583008 0.8607291579246521
Car 0.0 0 3.6776957511901855 0.0 187.2651824951172 221.68240356445312 311.11431884765625 3.7399607 1.5506436 1.5673467 -7.879995 1.77601 10.263397 3.022914409637451 0.8563563227653503
Car 0.0 0 -0.2587352395057678 623.4464111328125 164.24273681640625 736.8091430664062 209.1859588623047 4.1985273 1.7175624 1.7054967 2.7138824 1.3888302 28.757013 -0.16464103758335114 0.7345036864280701
Car 0.0 0 3.504516363143921 181.00250244140625 181.7483673095703 363.7391662597656 244.59280395507812 3.9760394 1.5199138 1.5786775 -8.654636 1.7615528 18.640888 3.0698487758636475 0.6967459321022034
Car 0.0 0 3.3139071464538574 322.69354248046875 166.39283752441406 417.27581787109375 203.83010864257812 3.7104723 1.5830173 1.5818188 -10.47153 1.3101684 31.56301 2.993567943572998 0.665645182132721
Car 0.0 0 0.42315536737442017 237.98487854003906 177.45140075683594 385.9935302734375 232.2799835205078 3.7590768 1.5534985 1.5432459 -8.81906 1.6956128 21.41291 0.03246927261352539 0.5920572280883789
