Pedestrian 0.0 0 1.2910932302474976 805.1992797851562 165.9652557373047 825.7435302734375 205.0902862548828 1.1423044 1.9090792 0.68949145 10.142708 1.573306 35.77653 1.5673460960388184 0.5670718550682068
Pedestrian 0.0 0 -1.7349631786346436 317.4847106933594 168.4370574951172 340.6500244140625 220.59646606445312 0.6272929 1.8536991 0.6863104 -10.202798 1.6970826 26.085102 -2.1078040599823 0.3220793902873993
Pedestrian 0.0 0 0.6298608779907227 293.06494140625 168.0742950439453 322.9525146484375 226.31292724609375 0.6331616 1.9227744 0.70462334 -10.183805 1.7653288 24.23482 0.23205113410949707 0.31172627210617065
Pedestrian 0.0 0 -1.4959948062896729 372.5754699707031 159.7077178955078 387.0334167480469 201.13365173339844 0.7321627 1.9405099 0.60145336 -10.953616 1.3250583 34.222176 -1.8057645559310913 0.11561755836009979
Cyclist 0.0 0 1.3479201793670654 805.9703369140625 166.03570556640625 824.96484375 204.84426879882812 1.1677468 1.8907214 0.6616094 10.1353445 1.5588973 35.750656 1.624172329902649 0.17957067489624023
Car 0.0 0 1.7886865139007568 505.17767333984375 179.26475524902344 581.65576171875 228.1082000732422 3.9566762 1.4132507 1.6573876 -2.114595 1.64067 23.48528 1.6988894939422607 0.9493105411529541
Car 0.0 0 1.6387460231781006 583.535400390625 174.85272216796875 616.8682250976562 202.50375366210938 3.6603544 1.4333528 1.5834346 -0.5314683 1.5484313 39.54079 1.6253057718276978 0.8108708262443542
Car 0.0 0 1.7082452774047852 313.48785400390625 152.8937530517578 364.7980041503906 194.1778106689453 3.707549 1.7071317 1.6254787 -11.915762 0.8821162 31.820251 1.3499383926391602 0.22904154658317566
Car 0.0 0 -2.7051334381103516 666.7198486328125 181.9378204345703 730.2532348632812 207.29107666015625 3.5779085 1.4690152 1.5397538 5.418304 2.0504186 44.550602 -2.5841064453125 0.16183513402938843
Car 0.0 0 1.2718099355697632 376.5821228027344 170.15000915527344 408.87493896484375 187.3521270751953 4.075652 1.5083885 1.6739076 -19.748823 1.2716448 65.42421 0.978649377822876 0.1437108814716339
Car 0.0 0 1.459937334060669 738.21826171875 176.14598083496094 761.1693725585938 192.96383666992188 4.0269556 1.4281005 1.5618346 12.366075 1.730578 64.14645 1.6503798961639404 0.12294937670230865
Car 0.0 0 -0.9088605642318726 545.2349853515625 168.39459228515625 590.8589477539062 190.71926879882812 4.2276325 1.8775197 1.7418298 -3.6402533 1.5028381 62.91343 -0.9666574001312256 0.12268787622451782
