Pedestrian 0.0 0 1.6080048084259033 894.2890014648438 143.88768005371094 910.078857421875 185.7386932373047 0.45786753 1.9250258 0.6641036 13.540611 0.5930168 33.530552 1.9918076992034912 0.5345450043678284
Pedestrian 0.0 0 -3.1958398818969727 682.970703125 162.08132934570312 699.7742919921875 194.30043029785156 0.9469883 1.869431 0.54110813 4.7173853 1.244732 42.1598 -3.0844104290008545 0.2626660466194153
Pedestrian 0.0 0 1.1672072410583496 515.1163940429688 173.53012084960938 534.873046875 215.78994750976562 0.8069668 1.9304458 0.6446628 -3.9871242 1.9626613 33.484203 1.0486905574798584 0.24664930999279022
Pedestrian 0.0 0 -1.2571748495101929 545.9337768554688 171.0682830810547 559.8762817382812 202.1510772705078 0.5878134 1.8287606 0.6769632 -3.4197183 1.7240556 42.813385 -1.3368805646896362 0.1926274299621582
Pedestrian 0.0 0 2.9953856468200684 527.7581787109375 174.77403259277344 545.2833862304688 213.4761199951172 0.7611832 1.8616148 0.65634596 -3.6216319 1.9566288 35.156704 2.8927338123321533 0.19041767716407776
Pedestrian 0.0 0 -0.5394922494888306 735.412353515625 145.8373260498047 757.9511108398438 191.35858154296875 0.66751426 1.8456473 0.6572262 5.5772877 0.7506213 29.675684 -0.35371801257133484 0.16419318318367004
Car 0.0 0 1.9690210819244385 194.45413208007812 173.8581085205078 434.35638427734375 318.2373046875 3.5401967 1.505097 1.5686402 -3.5905695 1.520949 9.337604 1.6019233465194702 0.9524465203285217
Car 0.0 0 -1.5714424848556519 669.2384643554688 176.0077362060547 711.17333984375 222.64964294433594 3.5557647 1.7083843 1.545761 3.1211627 1.8415312 28.526842 -1.4624645709991455 0.5822720527648926
Car 0.0 0 1.3481898307800293 636.6934814453125 186.84078979492188 670.1093139648438 211.2922821044922 3.7859159 1.6735338 1.6810589 3.1619225 2.7533662 53.67956 1.4070254564285278 0.36115625500679016
Car 0.0 0 0.7784481644630432 1061.6365966796875 79.33177947998047 1242.0 375.0 3.9296925 1.5181445 1.5640742 4.0220327 1.3299729 3.4648035 1.6381372213363647 0.2542360723018646
Car 0.0 0 -2.8951873779296875 385.16180419921875 180.6560516357422 502.4474792480469 224.9375457763672 3.7339673 1.4825493 1.5649166 -5.803865 1.7649977 25.264383 -3.120994806289673 0.1894807368516922
