Pedestrian 0.0 0 1.1461691856384277 905.0033569335938 151.16526794433594 945.8836059570312 219.33291625976562 0.9200549 1.876637 0.7402338 8.827274 1.2799103 20.326492 1.5558689832687378 0.41484370827674866
Pedestrian 0.0 0 -2.3361401557922363 1199.4259033203125 111.76225280761719 1242.0 188.69412231445312 1.0284432 1.8354369 0.6168657 15.189926 0.3782708 17.74271 -1.6281026601791382 0.33613693714141846
Pedestrian 0.0 0 -2.1003470420837402 1054.4986572265625 140.1772003173828 1078.470703125 181.4535675048828 0.6990356 1.9145676 0.69067276 21.356796 0.39924097 33.82606 -1.5371793508529663 0.26934197545051575
Pedestrian 0.0 0 1.8199293613433838 848.156494140625 136.61380004882812 882.1322631835938 203.85296630859375 1.0480121 1.8758541 0.68596476 7.298151 0.8651748 20.753134 2.1580867767333984 0.22857624292373657
Pedestrian 0.0 0 2.1974027156829834 917.2890625 127.65974426269531 969.3204345703125 217.76104736328125 0.7943966 1.8506761 0.66253877 7.0156918 0.9227464 15.301405 2.627302646636963 0.14108391106128693
Cyclist 0.0 0 -2.2938790321350098 1194.98291015625 109.31153106689453 1242.0 185.74461364746094 1.1844568 1.8263513 0.6116787 15.2055235 0.3083763 17.835611 -1.5879138708114624 0.15517763793468475
Cyclist 0.0 0 1.7731654644012451 847.9703979492188 136.8896484375 881.5616455078125 204.60662841796875 1.1441859 1.8874068 0.6985391 7.297582 0.8853668 20.778212 2.1109206676483154 0.11560174077749252
Cyclist 0.0 0 -2.1276636123657227 903.52197265625 152.05166625976562 948.9699096679688 220.3951416015625 0.99247533 1.8670048 0.7568304 8.817348 1.2990855 20.254297 -1.7170742750167847 0.10416329652070999
Car 0.0 0 1.6438254117965698 592.5465087890625 177.35072326660156 622.4799194335938 204.21163940429688 4.1202016 1.6877812 1.7033621 -0.15502258 2.0014553 48.15689 1.6406062841415405 0.6958327293395996
Car 0.0 0 1.7275365591049194 457.45184326171875 185.0996856689453 489.217041015625 207.37628173828125 3.7795858 1.4723061 1.6684703 -9.779798 2.3826947 51.703747 1.540594458580017 0.587861955165863
Car 0.0 0 -0.8518258929252625 699.8018188476562 170.6439208984375 753.8616943359375 194.20835876464844 3.6516275 1.5367502 1.6053276 7.8982334 1.3929782 48.83478 -0.6914805769920349 0.2239435911178589
Car 0.0 0 0.9991976022720337 379.6916809082031 198.5044708251953 445.7011413574219 228.6575469970703 4.1955605 1.5185106 1.6822916 -11.502815 3.077271 41.808067 0.7307069301605225 0.15478770434856415
Car 0.0 0 0.7279747724533081 834.1288452148438 145.4655303955078 910.8001708984375 178.6318817138672 3.843975 1.7428986 1.6850466 14.449386 0.30398688 40.0055 1.0745790004730225 0.1423521488904953
