Pedestrian 0.0 0 1.857625126838684 744.0065307617188 163.08648681640625 764.5311889648438 207.71478271484375 0.6332308 1.650895 0.6025053 5.3795495 1.2899319 27.108727 2.053523540496826 0.599321722984314
Pedestrian 0.0 0 -2.5347988605499268 451.793212890625 184.6479949951172 473.9051208496094 225.69322204589844 0.65439445 1.6658876 0.63490474 -6.14648 2.1626236 29.94431 -2.737250566482544 0.3482111394405365
Pedestrian 0.0 0 1.4238486289978027 1090.80712890625 175.9047393798828 1126.05810546875 253.1131591796875 0.66474134 1.6823486 0.5570831 11.114238 1.7528821 16.173597 2.02592134475708 0.22833099961280823
Pedestrian 0.0 0 3.0612075328826904 247.7008056640625 174.91168212890625 268.727783203125 216.52105712890625 0.75277144 1.7330271 0.6134987 -14.938301 1.8218161 30.550152 2.606417655944824 0.19742025434970856
Cyclist 0.0 0 2.163499116897583 237.39956665039062 175.022216796875 277.2899475097656 218.02557373046875 1.9241555 1.7553228 0.5349962 -14.943132 1.8504312 30.538652 1.7084330320358276 0.540738046169281
Car 0.0 0 1.834662675857544 407.2264404296875 179.82882690429688 454.47930908203125 207.94261169433594 4.2394524 1.5810642 1.7365292 -10.833325 2.0252554 43.77353 1.5920517444610596 0.9123733639717102
Car 0.0 0 2.2964377403259277 0.0 186.04483032226562 108.75301361083984 282.18408203125 3.9422443 1.5976545 1.6210171 -12.348125 1.8998656 14.520955 1.5917311906814575 0.8672623634338379
Car 0.0 0 -1.594261884689331 599.3079833984375 173.77174377441406 626.5130004882812 199.0701904296875 3.971211 1.546014 1.642517 0.11781866 1.6077338 46.2388 -1.591713786125183 0.7676560878753662
Car 0.0 0 -1.6116161346435547 1089.0103759765625 164.05372619628906 1131.6795654296875 196.92002868652344 3.6478207 1.6096058 1.6581154 25.78459 1.1789756 37.318764 -1.0070044994354248 0.4043722152709961
Car 0.0 0 1.7664365768432617 459.8355712890625 170.0092010498047 504.181884765625 199.27268981933594 3.8561854 1.4778576 1.6041621 -6.7863383 1.3345476 38.380386 1.5914275646209717 0.3229813277721405
