Pedestrian 0.0 0 2.0322513580322266 440.6246032714844 173.65260314941406 482.5963134765625 258.8060302734375 0.80681527 1.7580397 0.580497 -3.005787 1.5972632 15.293572 1.8381857872009277 0.8171589374542236
Pedestrian 0.0 0 -1.7277134656906128 901.1719970703125 160.67066955566406 976.2211303710938 307.1979064941406 0.9362742 1.7236173 0.70623404 4.148612 1.4799454 8.993737 -1.295520544052124 0.7366299033164978
Pedestrian 0.0 0 -1.3476324081420898 518.529052734375 181.2222900390625 544.5894775390625 231.7607879638672 0.8468262 1.5515847 0.643193 -2.2101274 1.5441738 22.511309 -1.4454972743988037 0.7202630043029785
Pedestrian 0.0 0 2.3118865489959717 132.9655303955078 173.07858276367188 231.64776611328125 323.3162841796875 0.7656021 1.6578566 0.64688796 -4.9093895 1.566282 8.366048 1.781212329864502 0.6560344099998474
Pedestrian 0.0 0 2.9993982315063477 622.8418579101562 177.28936767578125 644.179443359375 217.85238647460938 0.82253 1.7184219 0.69920355 1.3567356 1.5410141 30.817362 3.0433948040008545 0.5792399048805237
Pedestrian 0.0 0 1.4771651029586792 593.6195068359375 183.56663513183594 610.4512329101562 222.25994873046875 0.80608475 1.7481606 0.6979556 0.01139085 1.8450819 32.93156 1.4775110483169556 0.4068475365638733
Pedestrian 0.0 0 1.6106497049331665 300.71527099609375 172.861083984375 335.3616943359375 249.9584503173828 0.9684464 1.7054522 0.70331275 -6.517089 1.5155721 16.460787 1.2336689233779907 0.3364141285419464
Pedestrian 0.0 0 3.431447982788086 325.2659912109375 144.72340393066406 418.0602111816406 293.4959411621094 1.0092039 1.8527033 0.60892916 -2.9882743 1.3960522 9.25866 3.119248390197754 0.3077957332134247
Pedestrian 0.0 0 0.6807344555854797 384.4965515136719 190.92855834960938 427.41497802734375 266.37664794921875 0.6387283 1.6878024 0.7380711 -4.56075 1.9136889 16.649431 0.41336488723754883 0.3075266480445862
Pedestrian 0.0 0 1.8047773838043213 635.071533203125 174.214599609375 648.1390380859375 206.42733764648438 0.62093437 1.8673792 0.6373685 2.3537178 1.4458251 42.02802 1.860722541809082 0.2799711525440216
Pedestrian 0.0 0 -2.838270664215088 566.4349975585938 178.28720092773438 608.3023071289062 220.921142578125 1.6415243 1.7644773 0.6631256 -0.605978 1.6324943 30.274652 -2.8582839965820312 0.2658820152282715
Pedestrian 0.0 0 -1.9287843704223633 690.9012451171875 178.27699279785156 715.18896484375 223.8817596435547 0.9650055 1.710031 0.6190586 3.8595684 1.5902102 27.470715 -1.7892004251480103 0.2641807794570923
Pedestrian 0.0 0 -2.3990867137908936 618.46435546875 177.02610778808594 630.7797241210938 200.71005249023438 0.56106824 1.6879023 0.6974844 1.6827402 1.3696783 51.63697 -2.3665103912353516 0.214930921792984
Pedestrian 0.0 0 0.7006348371505737 1143.3978271484375 82.96795654296875 1238.0 282.9828186035156 0.8563666 1.8272328 0.6857034 5.948873 0.9284729 7.039346 1.402270793914795 0.17820486426353455
Cyclist 0.0 0 -2.838270664215088 566.4349975585938 178.28720092773438 608.3023071289062 220.921142578125 1.6415243 1.7644773 0.6631256 -0.605978 1.6324943 30.274652 -2.8582839965820312 0.6938191652297974
Cyclist 0.0 0 1.8311183452606201 428.5130615234375 165.46542358398438 465.73516845703125 228.87025451660156 1.8363559 1.7332585 0.5924059 -4.424818 1.2960873 20.565496 1.6191917657852173 0.16739633679389954
Cyclist 0.0 0 -1.8696026802062988 692.6218872070312 176.9239044189453 715.5073852539062 223.10662841796875 0.93388903 1.7275554 0.61397034 3.8853602 1.5574106 27.3775 -1.7286261320114136 0.13144321739673615
Car 0.0 0 -1.596936583518982 544.5408935546875 187.69906616210938 581.22509765625 221.0271453857422 3.8559806 1.4351021 1.6040665 -1.8644291 1.7435756 33.653336 -1.6522810459136963 0.19596727192401886
Car 0.0 0 1.5889859199523926 0.0 154.4470672607422 20.50937271118164 239.50746154785156 3.6675556 1.4859065 1.5840104 -12.813696 1.0145993 14.454501 0.8636882305145264 0.19058337807655334
