Pedestrian 0.0 0 0.6011353731155396 362.9339294433594 119.04988861083984 423.3460693359375 225.9048309326172 0.8116333 1.8511397 0.650813 -3.930931 0.91940284 12.929607 0.30598950386047363 0.2454003393650055
Pedestrian 0.0 0 2.4508183002471924 742.260009765625 142.69448852539062 772.8045654296875 198.94021606445312 0.7578152 1.7957553 0.61188245 4.7545185 0.83321124 23.482222 2.650590658187866 0.2369147688150406
Cyclist 0.0 0 0.09213360399007797 484.7187194824219 181.3769073486328 535.67431640625 227.78868103027344 1.8368931 1.7071362 0.7384023 -3.7775826 2.0324905 27.09961 -0.04637009650468826 0.23763062059879303
Cyclist 0.0 0 2.0182065963745117 362.26678466796875 118.4740982055664 420.14678955078125 226.5294189453125 0.8984725 1.857311 0.66897655 -3.9467788 0.9229588 12.893693 1.7211616039276123 0.15667898952960968
Car 0.0 0 -1.7829077243804932 731.119384765625 171.2818603515625 840.22216796875 240.13755798339844 4.128384 1.4010508 1.5829341 3.8733358 1.3694193 16.754736 -1.555720329284668 0.9684302806854248
Car 0.0 0 -2.02620530128479 837.03955078125 170.24246215820312 1242.0 375.0 3.7496448 1.441143 1.558512 3.16853 1.4265034 6.0367723 -1.5428590774536133 0.9609692096710205
Car 0.0 0 -1.4545155763626099 570.28662109375 177.73336791992188 618.2633666992188 214.00421142578125 4.466608 1.4580059 1.6133232 -0.66472 1.6897957 31.920282 -1.4753369092941284 0.883197009563446
Car 0.0 0 1.6250966787338257 597.7274780273438 175.5157012939453 627.740478515625 202.47128295898438 3.5917192 1.4272416 1.4898585 0.15430364 1.5834153 40.39988 1.6289160251617432 0.6027259826660156
Car 0.0 0 -0.15615147352218628 697.3651123046875 163.06065368652344 801.5368041992188 202.47781372070312 3.899543 1.5362124 1.6315087 5.4988146 1.1548924 28.994198 0.03127479553222656 0.4009726643562317
Car 0.0 0 -1.0306220054626465 877.2540893554688 207.30218505859375 976.7367553710938 252.70494079589844 3.7057822 1.4533479 1.8572552 12.149555 2.863669 27.700043 -0.617279052734375 0.2703845798969269
