Pedestrian 0.0 0 -0.5778536796569824 649.2977294921875 182.29080200195312 675.46826171875 228.62896728515625 0.7435484 1.7175585 0.66098523 2.0197182 1.6102766 27.110004 -0.5034902095794678 0.24783049523830414
Cyclist 0.0 0 -1.1712701320648193 26.558216094970703 145.456298828125 77.06771850585938 211.13577270507812 1.7900091 1.8565127 0.52827346 -16.446344 0.7337947 21.248384 -1.8299579620361328 0.25179561972618103
Cyclist 0.0 0 -1.2395926713943481 377.3468017578125 157.77432250976562 432.4324645996094 273.8412170410156 1.6775343 1.8115848 0.36794892 -3.4243286 1.384408 12.063765 -1.5161701440811157 0.19611233472824097
Car 0.0 0 -1.3505675792694092 423.68878173828125 190.13890075683594 507.33905029296875 242.9474334716797 4.153054 1.4629092 1.6820153 -4.3562684 1.631861 22.400898 -1.5426387786865234 0.873515248298645
Car 0.0 0 -1.4311174154281616 480.8631286621094 182.85939025878906 524.8246459960938 216.0218963623047 3.5821173 1.4619267 1.543353 -4.8656588 1.3591834 33.480682 -1.5754344463348389 0.8579350113868713
Car 0.0 0 -1.5637233257293701 576.0983276367188 182.69837951660156 606.6450805664062 210.7979736328125 3.9678793 1.5219729 1.6547159 -0.9488245 1.3867579 40.929012 -1.5869014263153076 0.7333273887634277
Car 0.0 0 -1.3931002616882324 384.4388427734375 186.40823364257812 434.75408935546875 220.04188537597656 3.4333978 1.3960946 1.560048 -8.723666 1.452843 31.741537 -1.661312460899353 0.42066892981529236
Car 0.0 0 -1.4383296966552734 431.78619384765625 181.17453002929688 466.527099609375 207.67681884765625 3.4249527 1.4887859 1.5522374 -9.284437 1.2629012 42.150253 -1.655137538909912 0.21874941885471344
Car 0.0 0 1.5651514530181885 521.1895141601562 180.0029754638672 543.6962280273438 201.2620086669922 3.6899416 1.5062057 1.5888189 -5.5673666 1.1380146 52.8486 1.4601930379867554 0.21228426694869995
Car 0.0 0 -0.6713575124740601 0.0 196.5594024658203 46.456886291503906 348.7699890136719 3.7980204 1.5721914 1.6479663 -10.032559 1.7572827 9.684372 -1.4744131565093994 0.20360931754112244
