Pedestrian 0.0 0 -1.6983271837234497 676.7655029296875 163.22303771972656 745.1874389648438 310.76043701171875 0.8458001 1.5787561 0.6544361 1.1690985 1.3845383 8.112039 -1.5551937818527222 0.903895914554596
Pedestrian 0.0 0 -1.9463262557983398 868.8939208984375 158.8137969970703 948.9655151367188 306.8852844238281 0.91701806 1.7130932 0.59908164 3.6836576 1.4519764 8.773052 -1.5487974882125854 0.8515748381614685
Pedestrian 0.0 0 1.130789041519165 948.7575073242188 153.9029998779297 1080.1488037109375 374.0 0.78997934 1.5957929 0.49675268 2.7876337 1.4207135 5.002386 1.639189600944519 0.763465166091919
Pedestrian 0.0 0 1.622856616973877 493.88665771484375 156.5800018310547 535.4036865234375 253.7345428466797 0.77375144 1.7054349 0.7106174 -1.6020758 1.2692686 13.017828 1.5004044771194458 0.7551333904266357
Pedestrian 0.0 0 -1.958695411682129 831.7279052734375 171.14247131347656 922.5401611328125 336.904052734375 0.81079894 1.6324027 0.6176025 2.8002334 1.531772 7.4859343 -1.6007438898086548 0.7115470767021179
Pedestrian 0.0 0 1.3928039073944092 797.0896606445312 159.5531005859375 878.8611450195312 363.0984802246094 0.8774997 1.6652987 0.5295299 2.012519 1.4871306 6.343623 1.700010895729065 0.7024486660957336
Pedestrian 0.0 0 -3.140495538711548 1028.93994140625 121.58965301513672 1225.5123291015625 374.0 0.7173695 1.5623584 0.6018518 2.469826 1.3099935 3.4934335 -2.5250930786132812 0.6956210136413574
Pedestrian 0.0 0 1.3713442087173462 237.1675567626953 159.93807983398438 285.8010559082031 247.9637451171875 1.0791912 1.7323115 0.7015206 -7.0397034 1.3092302 14.7760515 0.9267325401306152 0.6701090931892395
Pedestrian 0.0 0 -0.4033532738685608 0.0 134.8513946533203 176.4921112060547 374.0 0.73457474 1.6299529 0.6413686 -2.4767134 1.4576262 3.149434 -1.0697460174560547 0.6349796056747437
Pedestrian 0.0 0 1.0293769836425781 747.1177368164062 162.73855590820312 809.590576171875 276.2853088378906 0.7871331 1.6606362 0.60485566 2.6461058 1.3875585 10.969299 1.266083002090454 0.5517010688781738
Pedestrian 0.0 0 -0.3280932903289795 476.371337890625 178.23602294921875 511.9580078125 253.755859375 0.6309246 1.7230791 0.7033495 -2.5551875 1.6498187 16.84454 -0.4786379337310791 0.4732816219329834
Pedestrian 0.0 0 1.406734585762024 668.2527465820312 166.6520538330078 712.1795654296875 268.12054443359375 0.70001906 1.7228082 0.6534322 1.50071 1.471991 12.558208 1.5256708860397339 0.45266932249069214
Pedestrian 0.0 0 -0.6308339238166809 672.8320922851562 164.04656982421875 702.2343139648438 222.44537353515625 0.65617585 1.7558582 0.618651 2.6103718 1.2322141 22.025843 -0.5128701329231262 0.38200339674949646
Pedestrian 0.0 0 0.8609011173248291 661.232421875 167.64784240722656 690.5740356445312 219.19525146484375 0.76990694 1.7111813 0.6418079 2.4967911 1.2524258 24.342686 0.9631121158599854 0.3799251616001129
Pedestrian 0.0 0 2.9534108638763428 469.36199951171875 166.44558715820312 493.7234802246094 218.1718292236328 0.7208985 1.773521 0.6928545 -4.2124557 1.2584269 25.076735 2.7869820594787598 0.37223485112190247
Pedestrian 0.0 0 2.962780475616455 667.2767944335938 171.32078552246094 700.229248046875 259.6539001464844 0.52233 1.638602 0.59102654 1.5165753 1.4510381 13.635271 3.073549747467041 0.347845196723938
Pedestrian 0.0 0 -1.3539955615997314 262.15869140625 155.03553771972656 307.633544921875 239.8617401123047 1.1839979 1.8101254 0.6896662 -7.0564446 1.2466234 15.974616 -1.7699496746063232 0.34025338292121887
Pedestrian 0.0 0 2.2977874279022217 734.3222045898438 163.5753631591797 754.64208984375 200.991455078125 0.7152849 1.7046336 0.5956873 6.5955606 0.8889415 33.177174 2.4940271377563477 0.33883926272392273
Pedestrian 0.0 0 -3.1275768280029297 717.0697631835938 182.25469970703125 748.4711303710938 240.52374267578125 0.9178751 1.7238188 0.6215913 3.9325902 1.7480978 21.651794 -2.947906494140625 0.3139133155345917
Pedestrian 0.0 0 -1.9491583108901978 805.022705078125 151.12744140625 857.1004638671875 256.02197265625 0.69875616 1.669863 0.5966629 3.719458 1.1876439 11.803113 -1.6438835859298706 0.3134913742542267
Pedestrian 0.0 0 0.058934278786182404 513.3992309570312 180.55453491210938 542.8795166015625 258.2286071777344 0.6532946 1.790784 0.6936341 -1.7543917 1.7701945 16.919641 -0.04438614100217819 0.30085498094558716
Cyclist 0.0 0 -1.3065913915634155 262.2474060058594 153.85137939453125 309.046875 237.70960998535156 1.2173624 1.7969952 0.66468847 -7.0686827 1.2057416 16.04227 -1.721624732017517 0.21784424781799316
Car 0.0 0 1.7336117029190063 527.2687377929688 172.7711181640625 604.2291870117188 226.03704833984375 4.2723503 1.4489502 1.6488625 -1.0004984 1.212663 21.755405 1.6876555681228638 0.969663143157959
