Pedestrian 0.0 0 1.9150288105010986 829.0728149414062 144.8249053955078 883.3734741210938 256.8939208984375 0.6227372 1.7803681 0.67995816 4.0155797 1.3354456 11.914985 2.2400929927825928 0.27495983242988586
Pedestrian 0.0 0 1.8971203565597534 862.461669921875 132.3133087158203 925.3412475585938 262.96002197265625 0.66176933 1.7550566 0.6473621 3.9437575 1.2108067 10.151596 2.2676620483398438 0.25880494713783264
Pedestrian 0.0 0 -0.7619902491569519 697.1885986328125 169.15713500976562 715.7344360351562 214.76315307617188 0.5240186 1.9454823 0.6010936 4.1260624 1.7881382 31.174175 -0.6303999423980713 0.25433510541915894
Pedestrian 0.0 0 1.184637427330017 715.4115600585938 157.35975646972656 740.38720703125 213.298583984375 0.6777261 1.8975961 0.64077425 4.0160356 1.3723477 24.875826 1.3446996212005615 0.23752406239509583
Pedestrian 0.0 0 1.225746989250183 833.655029296875 123.55872344970703 876.7905883789062 205.10177612304688 0.9804627 1.8533161 0.6607938 5.6783743 0.7332876 16.893404 1.5500121116638184 0.18671509623527527
Pedestrian 0.0 0 2.418064594268799 894.8001098632812 124.27328491210938 991.2838745117188 283.0382080078125 0.869613 1.8350346 0.62371826 3.9798472 1.2738874 8.762437 2.8444008827209473 0.18189282715320587
Pedestrian 0.0 0 2.6741297245025635 786.0222778320312 153.52467346191406 829.2093505859375 239.96348571777344 0.6431467 1.7432413 0.63540316 4.030321 1.353778 14.924943 2.937878131866455 0.18148837983608246
Pedestrian 0.0 0 1.6436498165130615 306.45086669921875 131.74452209472656 351.3374938964844 254.48263549804688 0.7350606 1.8036069 0.5907958 -4.3411665 1.1998708 11.038805 1.2689635753631592 0.10845720022916794
Cyclist 0.0 0 -3.055206298828125 543.40673828125 189.2899169921875 578.0034790039062 224.10536193847656 1.8077319 1.8427019 0.707723 -2.686138 2.7377615 38.905125 -3.1241402626037598 0.3203294277191162
Cyclist 0.0 0 1.7599819898605347 529.640869140625 184.72088623046875 546.7061157226562 220.04432678222656 1.6701915 1.697745 0.54772025 -3.6229265 2.3060822 36.10783 1.6599804162979126 0.14449775218963623
Cyclist 0.0 0 1.4016541242599487 786.3302612304688 146.52273559570312 827.2615356445312 237.4573516845703 1.6090211 1.7875783 0.5507314 4.0198865 1.2703205 15.007649 1.663366436958313 0.14145536720752716
Car 0.0 0 -1.785067081451416 689.6820678710938 193.76919555664062 816.6434326171875 284.01568603515625 4.291294 1.4553457 1.619878 2.7022824 1.9480772 14.81148 -1.6046067476272583 0.9641441106796265
Car 0.0 0 -1.7115485668182373 666.044189453125 179.4745330810547 698.8136596679688 207.42245483398438 3.986493 1.8254106 1.714613 4.956996 2.3042102 50.112507 -1.6129519939422607 0.12675823271274567
