Pedestrian 0.0 0 1.5638985633850098 778.4121704101562 125.74728393554688 851.6663208007812 290.6924743652344 0.750678 1.7911252 0.7727613 2.358154 1.1982588 8.138992 1.8459118604660034 0.5210371613502502
Pedestrian 0.0 0 2.358346939086914 1077.68896484375 123.15478515625 1144.4229736328125 220.40753173828125 0.88331366 1.7943428 0.5705104 9.537136 0.7379444 13.394019 2.9771108627319336 0.4047102630138397
Pedestrian 0.0 0 -0.09470734000205994 911.7785034179688 108.90705871582031 1028.63818359375 296.580810546875 1.0029864 1.7981642 0.6416022 3.6569712 1.1139054 7.2507806 0.3724186420440674 0.26174408197402954
Pedestrian 0.0 0 -0.2997685670852661 426.3941650390625 171.00518798828125 437.5107727050781 194.4405517578125 0.67960066 1.784293 0.60719043 -13.272391 1.0626466 54.26253 -0.539654552936554 0.2482035607099533
Pedestrian 0.0 0 -0.08373880386352539 763.92529296875 154.51148986816406 792.63916015625 183.15719604492188 1.7836435 1.8593982 0.5797727 11.343099 0.17381082 46.315033 0.15644526481628418 0.11078896373510361
Cyclist 0.0 0 -0.08373880386352539 763.92529296875 154.51148986816406 792.63916015625 183.15719604492188 1.7836435 1.8593982 0.5797727 11.343099 0.17381082 46.315033 0.15644526481628418 0.2675623297691345
Cyclist 0.0 0 -0.8833152055740356 1073.962158203125 125.42984008789062 1141.89697265625 221.48336791992188 1.0461167 1.7796644 0.508072 9.542648 0.76097095 13.478256 -0.2672381103038788 0.2015080600976944
Car 0.0 0 -1.5277222394943237 559.6212158203125 168.0731658935547 577.751220703125 184.23898315429688 3.71173 1.5146927 1.5878909 -3.4462214 0.3514746 68.105316 -1.5782804489135742 0.6574448943138123
Car 0.0 0 2.1612164974212646 99.4991226196289 141.6495361328125 225.66592407226562 199.2138671875 3.698853 1.6988622 1.6571544 -14.1002655 0.5538561 22.739313 1.6061606407165527 0.6260458827018738
Car 0.0 0 -0.4313898980617523 753.884765625 156.80084228515625 818.96875 176.61183166503906 4.5350266 1.4628882 1.6389519 13.821745 -0.3018289 53.894955 -0.18034324049949646 0.4348483979701996
Car 0.0 0 2.046398639678955 205.28448486328125 173.30435180664062 267.7493591308594 202.2754364013672 3.5366719 1.5328735 1.6323862 -20.350986 1.1535594 39.1765 1.5672972202301025 0.2107349932193756
