Car 0.0 0 2.060149669647217 52.97645950317383 196.4642333984375 323.65130615234375 329.5235290527344 4.181019 1.4664705 1.6624126 -5.9717107 1.8891187 10.799255 1.5550258159637451 0.9792355895042419
Car 0.0 0 -1.8199759721755981 732.9314575195312 179.65235900878906 888.2926025390625 280.35107421875 3.9974856 1.4312458 1.5907315 3.2150493 1.5684711 12.52311 -1.5686739683151245 0.9617749452590942
Car 0.0 0 -1.7619277238845825 695.3724365234375 177.1614532470703 793.8482055664062 244.33538818359375 4.1163964 1.474476 1.6468582 3.202525 1.595704 18.172432 -1.5874890089035034 0.9571542739868164
Car 0.0 0 1.9283720254898071 311.7194519042969 191.87234497070312 442.6780700683594 263.57733154296875 4.3089757 1.4909456 1.753719 -5.783267 2.033318 18.36324 1.6232683658599854 0.95610511302948
Car 0.0 0 1.8334178924560547 399.8226318359375 186.47348022460938 475.74468994140625 237.95323181152344 3.6817558 1.5267844 1.5761206 -5.7373347 2.020048 24.246695 1.6010680198669434 0.9089957475662231
Car 0.0 0 1.8457355499267578 458.149169921875 181.87510681152344 517.9537963867188 219.12640380859375 4.181996 1.5498791 1.6406094 -5.5746965 1.9928992 33.235157 1.679547667503357 0.9079272747039795
Car 0.0 0 2.429316520690918 1028.0477294921875 147.12051391601562 1242.0 247.95724487304688 3.88845 1.488784 1.5506314 8.997139 1.109205 11.5203285 3.0923514366149902 0.9017864465713501
Car 0.0 0 1.3791265487670898 670.8597412109375 178.62841796875 728.611083984375 219.9315185546875 3.6646616 1.4576674 1.5283953 3.3527591 1.6961592 27.870628 1.4988484382629395 0.8661218285560608
Car 0.0 0 -0.5172121524810791 913.935302734375 161.40321350097656 1168.50341796875 239.4637908935547 4.1452575 1.4578232 1.435378 8.314905 1.2443314 14.214988 0.012059688568115234 0.8259009122848511
Car 0.0 0 -1.7259055376052856 646.3090209960938 177.2235870361328 682.3982543945312 205.98953247070312 3.7429562 1.5842413 1.5389402 3.1036935 1.8521477 42.248703 -1.6525747776031494 0.7523993253707886
