Pedestrian 0.0 0 -0.5012141466140747 731.23583984375 157.9002685546875 767.551025390625 220.74569702148438 0.8119111 1.7602808 0.6394496 3.9355125 1.3417895 20.636425 -0.3127698004245758 0.5745759606361389
Pedestrian 0.0 0 -2.7883336544036865 650.2933349609375 164.6385040283203 663.3772583007812 192.03009033203125 0.71232074 1.8364455 0.6218945 3.139083 1.2860012 48.80078 -2.724097728729248 0.174220472574234
Pedestrian 0.0 0 1.5406001806259155 988.288818359375 165.5365447998047 1009.2135009765625 218.0379180908203 0.7686433 1.7242738 0.5924866 12.972071 1.4843082 24.170431 2.0331685543060303 0.1680842638015747
Pedestrian 0.0 0 -0.18070891499519348 842.5630493164062 164.20391845703125 893.04052734375 240.35598754882812 1.0211371 1.7413348 0.58479506 5.9646335 1.5438954 16.865978 0.15921282768249512 0.15126581490039825
Cyclist 0.0 0 1.8655734062194824 398.4894714355469 164.92803955078125 456.3013000488281 270.7807922363281 1.7666293 1.8081676 0.53983426 -3.3625855 1.6731348 13.21721 1.6164488792419434 0.9465275406837463
Cyclist 0.0 0 1.9795527458190918 401.2087707519531 150.4312744140625 426.4428405761719 193.90557861328125 1.4031949 1.8111314 0.5265362 -8.40111 0.87736297 30.788227 1.7131701707839966 0.17567424476146698
Cyclist 0.0 0 -0.2876151204109192 729.8483276367188 156.92868041992188 767.097900390625 221.68959045410156 0.904077 1.8186436 0.6248744 3.902916 1.3717798 20.616003 -0.10051451623439789 0.13545945286750793
Cyclist 0.0 0 1.5406001806259155 988.288818359375 165.5365447998047 1009.2135009765625 218.0379180908203 0.7686433 1.7242738 0.5924866 12.972071 1.4843082 24.170431 2.0331685543060303 0.10646003484725952
Car 0.0 0 1.9330806732177734 194.79539489746094 186.6185302734375 395.6561584472656 292.4996337890625 4.516588 1.4383261 1.6825675 -5.265509 1.7241197 12.676215 1.5393821001052856 0.9429380893707275
Car 0.0 0 1.7951959371566772 463.7173767089844 175.64584350585938 523.932373046875 212.15330505371094 4.204557 1.4571235 1.6812506 -4.992151 1.5868492 31.278564 1.636927843093872 0.9376730918884277
Car 0.0 0 -1.5064209699630737 654.1681518554688 168.6583709716797 694.9954833984375 204.05987548828125 3.847002 1.5386736 1.6384906 2.9990902 1.3566751 33.384205 -1.4168258905410767 0.6422668695449829
Car 0.0 0 -1.4087884426116943 693.4697875976562 166.46865844726562 733.8826293945312 197.21368408203125 4.326044 1.734597 1.7107023 6.199662 1.374701 43.02559 -1.2656810283660889 0.22059865295886993
