Car 0.0 0 -1.678480863571167 440.7084045410156 180.82786560058594 493.4488525390625 222.1148223876953 3.9123008 1.4606489 1.6139593 -5.736964 1.7987089 28.446726 -1.8774855136871338 0.9705096483230591
Car 0.0 0 -1.9204216003417969 536.9085083007812 187.2703399658203 680.3057861328125 277.6605529785156 3.6802711 1.4277964 1.583074 -0.22105332 1.7486091 14.034522 -1.9361709356307983 0.9629191756248474
Car 0.0 0 1.8731086254119873 0.0 210.34153747558594 117.79668426513672 375.0 4.267763 1.4635875 1.6443557 -6.61239 1.9725642 7.5031743 1.150733470916748 0.8971261978149414
Car 0.0 0 -2.283750534057617 686.978271484375 107.65509796142578 1203.91259765625 375.0 4.5821137 1.6966585 1.7503003 2.5162494 1.2914929 6.9375825 -1.9358081817626953 0.8892596960067749
Car 0.0 0 1.7923753261566162 0.0 203.07666015625 177.36598205566406 322.42889404296875 3.6034286 1.4919411 1.6449112 -8.500433 2.0779066 11.998638 1.1760008335113525 0.8851372003555298
Car 0.0 0 1.7412645816802979 252.84603881835938 183.61167907714844 297.11968994140625 215.1101837158203 3.9078436 1.6122695 1.6125206 -18.75723 2.247133 40.458187 1.3071420192718506 0.8451933860778809
Car 0.0 0 0.9101749062538147 0.0 191.1376495361328 78.80148315429688 222.0582733154297 4.0619173 1.6294342 1.6555645 -32.49776 2.6967554 40.820488 0.2378079891204834 0.5558189749717712
Car 0.0 0 -1.682295560836792 424.33123779296875 178.2509765625 469.6608581542969 214.84573364257812 4.032526 1.5809727 1.6323649 -7.76815 1.8517878 33.982746 -1.9070253372192383 0.5237029790878296
Car 0.0 0 -2.861697196960449 616.5326538085938 164.01731872558594 715.544921875 203.05381774902344 3.8297024 1.5584874 1.6617367 2.3158646 1.2060509 30.250433 -2.785289764404297 0.5147004723548889
Car 0.0 0 -2.8776779174804688 562.5393676757812 171.73704528808594 648.0817260742188 205.67059326171875 3.9732752 1.6337184 1.6859856 -0.2537668 1.5803012 36.05548 -2.884716033935547 0.43177154660224915
