Pedestrian 0.0 0 1.9130758047103882 419.88409423828125 179.00302124023438 491.41668701171875 307.5100402832031 0.7198583 1.647861 0.7424134 -1.9827645 1.6171749 9.616555 1.709742784500122 0.8202770948410034
Pedestrian 0.0 0 1.175843596458435 583.0037231445312 174.6192626953125 613.0682373046875 234.51113891601562 0.7082258 1.6614543 0.6272826 -0.13077143 1.4717274 20.373138 1.1694248914718628 0.808513343334198
Pedestrian 0.0 0 1.6167341470718384 602.8193359375 169.24224853515625 618.3644409179688 212.2781524658203 0.72861725 1.85171 0.645543 0.38839245 1.3252592 31.287767 1.6291470527648926 0.7495959401130676
Pedestrian 0.0 0 2.469426155090332 859.9921875 164.61053466796875 913.8338623046875 262.4877014160156 0.6416973 1.6759281 0.61146045 4.9929543 1.3880142 12.683544 2.844451665878296 0.7209566831588745
Pedestrian 0.0 0 1.6933329105377197 559.5328979492188 170.13771057128906 581.0439453125 225.3560028076172 0.9620078 1.8307257 0.6165849 -1.0720237 1.4551015 24.316994 1.6492760181427002 0.7208110094070435
Pedestrian 0.0 0 0.13397261500358582 577.069580078125 171.63169860839844 591.7583618164062 208.06532287597656 0.64195865 1.7630149 0.6156728 -0.83762044 1.2863889 35.0987 0.11011242866516113 0.5646722912788391
Pedestrian 0.0 0 2.200911283493042 773.9797973632812 159.16934204101562 815.5560913085938 236.6089630126953 0.6540364 1.6862537 0.63663036 4.294251 1.2012255 16.092321 2.4616856575012207 0.5359278917312622
Pedestrian 0.0 0 1.572678804397583 694.7967529296875 159.0700225830078 712.1815185546875 208.2292022705078 0.46295625 1.7930883 0.6287475 3.7394884 0.97599566 26.472467 1.7130098342895508 0.45125797390937805
Pedestrian 0.0 0 0.5753784775733948 611.1621704101562 173.90223693847656 631.153564453125 212.4603729248047 0.68952054 1.7183261 0.5964088 0.8792366 1.3806807 32.45074 0.602466344833374 0.4376375079154968
Pedestrian 0.0 0 -1.5871436595916748 631.2973022460938 172.2108917236328 645.0171508789062 211.8146514892578 0.64404744 1.7080413 0.585509 1.5833825 1.3083816 31.309763 -1.5366151332855225 0.4074583053588867
Pedestrian 0.0 0 1.1447758674621582 620.456787109375 172.54531860351562 638.8576049804688 210.16397094726562 0.7184789 1.7647182 0.6330061 1.328913 1.3455641 34.14714 1.1836735010147095 0.395047664642334
Pedestrian 0.0 0 -2.4659078121185303 510.1109924316406 180.5063934326172 534.1903686523438 226.6540069580078 0.693239 1.7335497 0.59631866 -3.0453506 1.6972562 27.41929 -2.5765204429626465 0.3140808641910553
Pedestrian 0.0 0 1.4551128149032593 706.2273559570312 161.17605590820312 720.4500122070312 198.25315856933594 0.65611726 1.791391 0.6128247 5.447466 0.81033355 35.043583 1.6093268394470215 0.284908652305603
Pedestrian 0.0 0 -1.5886591672897339 549.0562744140625 169.31942749023438 562.0013427734375 205.64674377441406 0.7159955 1.7615488 0.61942875 -2.2619414 1.1717988 35.21236 -1.6528081893920898 0.28372877836227417
Pedestrian 0.0 0 -2.8465442657470703 582.7166748046875 168.8638916015625 601.0111083984375 205.46011352539062 0.69795334 1.6551093 0.58382314 -0.44747147 1.0845636 32.86232 -2.8601598739624023 0.2832755744457245
Pedestrian 0.0 0 -3.362448215484619 767.4318237304688 147.2731170654297 812.1922607421875 210.14881896972656 1.0996389 1.7316055 0.6295117 5.2344327 0.7901459 20.113556 -3.10785174369812 0.27619099617004395
Pedestrian 0.0 0 -1.9409916400909424 360.4608154296875 176.48495483398438 409.6549987792969 288.7708435058594 0.5763142 1.6571594 0.5483096 -3.358363 1.5844548 10.994844 -2.2374398708343506 0.27235838770866394
Pedestrian 0.0 0 2.202455520629883 882.4096069335938 144.36187744140625 929.615234375 227.78817749023438 0.78013664 1.6878034 0.55215263 6.3082266 0.9377018 14.967465 2.6013259887695312 0.25910013914108276
Pedestrian 0.0 0 1.9221340417861938 763.2653198242188 179.73204040527344 785.7501220703125 229.31594848632812 0.6052163 1.5277524 0.5090001 5.402056 1.4743928 22.523235 2.157531261444092 0.24419760704040527
Pedestrian 0.0 0 -1.4221241474151611 554.6703491210938 168.86061096191406 566.927978515625 198.44541931152344 0.68531483 1.7568898 0.6394465 -2.4285805 1.0070664 43.0263 -1.478508472442627 0.24168667197227478
Pedestrian 0.0 0 -1.5533887147903442 523.8834228515625 190.97998046875 541.1236572265625 240.5315399169922 0.75684804 1.5877475 0.55179083 -2.2823133 1.9051359 23.566057 -1.6499351263046265 0.2376926690340042
Pedestrian 0.0 0 1.7638157606124878 476.59832763671875 176.604736328125 523.0135498046875 271.0613708496094 1.5594963 1.7722863 0.6293188 -2.033675 1.6816969 14.27038 1.6222586631774902 0.156150683760643
Cyclist 0.0 0 1.7509456872940063 476.38995361328125 175.56619262695312 522.5249633789062 272.3584289550781 1.6273655 1.8140249 0.63084394 -2.0415854 1.7040776 14.285145 1.6089903116226196 0.37061288952827454
Cyclist 0.0 0 1.6933329105377197 559.5328979492188 170.13771057128906 581.0439453125 225.3560028076172 0.9620078 1.8307257 0.6165849 -1.0720237 1.4551015 24.316994 1.6492760181427002 0.11622483283281326
Cyclist 0.0 0 -3.362448215484619 767.4318237304688 147.2731170654297 812.1922607421875 210.14881896972656 1.0996389 1.7316055 0.6295117 5.2344327 0.7901459 20.113556 -3.10785174369812 0.11372397840023041
Car 0.0 0 -2.3782174587249756 0.0 0.0 1238.0 374.0 3.648631 1.5499569 1.5920862 2.242382 1.2185404 1.8297756 -1.491840124130249 0.6694955229759216
Car 0.0 0 -1.6226844787597656 712.1588134765625 169.0461883544922 746.0274658203125 197.87576293945312 4.0113187 1.5200986 1.638678 7.051752 0.86429244 39.96397 -1.448029637336731 0.2404620200395584
