Pedestrian 0.0 0 -1.6064069271087646 798.0620727539062 165.61973571777344 817.8923950195312 214.55101013183594 0.99456877 1.8267996 0.6916112 7.495003 1.5570742 27.498268 -1.3403079509735107 0.6865154504776001
Pedestrian 0.0 0 0.9422264099121094 1185.5596923828125 135.8682403564453 1210.648193359375 181.46307373046875 0.5380841 2.05785 0.7031965 26.732924 0.38891444 32.850506 1.6253105401992798 0.2715100646018982
Pedestrian 0.0 0 -0.5844492316246033 1167.36865234375 152.9325408935547 1242.0 346.5321350097656 0.72284716 1.6029142 0.46332145 5.3122573 1.4383317 6.244658 0.12044429779052734 0.22798371315002441
Pedestrian 0.0 0 0.8621585965156555 995.90673828125 169.2471160888672 1043.4361572265625 245.79898071289062 0.7792044 1.744801 0.60499316 9.52748 1.6629493 16.88364 1.3759162425994873 0.21115821599960327
Pedestrian 0.0 0 -1.7008225917816162 1039.67138671875 141.86328125 1057.383056640625 184.05369567871094 0.49596626 1.883578 0.62331283 19.747932 0.50036484 32.56269 -1.1556675434112549 0.19942829012870789
Pedestrian 0.0 0 -1.0575389862060547 53.00825119018555 188.71389770507812 72.48271179199219 217.66015625 0.706873 1.7318751 0.68835604 -33.401096 2.708148 43.999123 -1.7068583965301514 0.1876327395439148
Pedestrian 0.0 0 -2.970027208328247 788.3580322265625 182.48715209960938 808.6182250976562 216.00682067871094 0.89374673 1.681687 0.7366171 9.635317 2.1832209 37.01597 -2.715376615524292 0.1656569093465805
Pedestrian 0.0 0 0.4912058115005493 1054.548828125 153.68994140625 1108.4205322265625 241.7209930419922 0.72435707 1.7127907 0.56678915 9.412426 1.3402799 14.489941 1.0672881603240967 0.13770967721939087
Cyclist 0.0 0 -2.163435220718384 761.6580810546875 179.01712036132812 784.2144165039062 209.6309051513672 1.6580416 1.6730276 0.37394404 9.124492 2.0274432 40.6076 -1.9424071311950684 0.1370428055524826
Car 0.0 0 -1.5207617282867432 598.369140625 175.87045288085938 627.4021606445312 201.86013793945312 3.9969473 1.5552665 1.6424168 0.19004439 1.7551694 45.68883 -1.5166021585464478 0.714408278465271
Car 0.0 0 1.8076943159103394 411.164794921875 175.1407928466797 477.672119140625 218.42356872558594 4.294598 1.6379594 1.7029123 -6.7570415 1.7392606 29.688908 1.583911418914795 0.35347780585289
Car 0.0 0 1.9717216491699219 401.2408447265625 184.32955932617188 449.3706970214844 210.21310424804688 3.9110613 1.5380087 1.6240225 -11.938113 2.3146126 46.74915 1.721699595451355 0.2209099978208542
Car 0.0 0 1.8821289539337158 270.0380554199219 189.71177673339844 396.7471008300781 264.42987060546875 4.160948 1.5268664 1.7091016 -6.694346 1.9930766 17.81727 1.5227251052856445 0.1750054508447647
