Pedestrian 0.0 0 1.2746813297271729 736.2177124023438 171.56625366210938 757.3120727539062 214.64739990234375 0.8903019 1.8558387 0.6747381 5.935923 1.8007236 31.55902 1.4605988264083862 0.6034131050109863
Pedestrian 0.0 0 -1.500257134437561 921.631103515625 163.0513916015625 948.7539672851562 227.9098358154297 0.90489715 1.778938 0.6365854 9.124126 1.51043 20.336758 -1.0785248279571533 0.4925210177898407
Pedestrian 0.0 0 -0.279802143573761 703.9934692382812 171.1636199951172 716.99609375 198.2706298828125 0.7706179 1.8335545 0.49018994 6.8074384 1.7195721 49.10018 -0.14203651249408722 0.3246595859527588
Pedestrian 0.0 0 -0.27363765239715576 1089.0843505859375 103.04972839355469 1154.958740234375 210.0747833251953 0.8119361 1.8188996 0.5940158 8.92553 0.6329282 12.675206 0.33988308906555176 0.11820659786462784
Pedestrian 0.0 0 -2.2705986499786377 751.5668334960938 170.2992706298828 775.4151000976562 199.61224365234375 1.536946 1.7092563 0.51591283 9.077322 1.5606464 42.8698 -2.061939001083374 0.11543510109186172
Cyclist 0.0 0 0.8886144161224365 752.0084228515625 170.70877075195312 774.7132568359375 199.51719665527344 1.4505926 1.6834393 0.52225393 9.082336 1.5584391 42.92535 1.097123622894287 0.2743173837661743
Car 0.0 0 1.9773439168930054 291.0769958496094 180.507568359375 363.9058837890625 213.6653594970703 4.541416 1.5112637 1.7500423 -14.117174 1.9205124 36.24529 1.6059306859970093 0.8302717804908752
Car 0.0 0 1.1291804313659668 1032.3304443359375 182.41236877441406 1076.1517333984375 204.4208221435547 4.1104217 1.7985375 1.6521521 38.671352 2.6610658 62.94735 1.680080533027649 0.17292967438697815
Car 0.0 0 0.9791271686553955 888.2115478515625 170.59088134765625 942.1660766601562 196.32327270507812 3.806496 1.7640543 1.7087033 21.689152 1.6092671 51.493237 1.3777780532836914 0.16306887567043304
Car 0.0 0 0.22368451952934265 127.89505767822266 171.57801818847656 204.90097045898438 199.0604705810547 3.834946 1.6708966 1.7110313 -27.803146 1.5936761 45.29168 -0.32687023282051086 0.14512944221496582
Car 0.0 0 -2.0667331218719482 1070.7403564453125 155.59844970703125 1123.4534912109375 182.21006774902344 3.9881105 2.033678 1.7749802 38.52147 0.7153547 57.208107 -1.4741132259368896 0.1305631697177887
Car 0.0 0 0.46255016326904297 920.769287109375 170.07269287109375 1090.9879150390625 234.7066192626953 3.6749763 1.5588104 1.5998563 10.453692 1.4920902 19.36203 0.9576113224029541 0.12283847481012344
Car 0.0 0 -0.9812967777252197 747.3945922851562 170.02633666992188 806.1326904296875 195.4996795654297 3.8509905 1.4949797 1.6493701 10.227045 1.3293875 44.26233 -0.7542263269424438 0.11266336590051651
