Pedestrian 0.0 0 -1.4343641996383667 16.656436920166016 151.38058471679688 48.03418731689453 222.29869079589844 0.68409044 1.8875743 0.58051264 -15.76757 1.3163905 19.644484 -2.1107165813446045 0.4917738735675812
Pedestrian 0.0 0 2.096116304397583 1028.435791015625 123.26473999023438 1080.7950439453125 212.7257080078125 0.7507552 1.8000108 0.6350578 9.173726 0.8026017 14.972917 2.64581298828125 0.3841238021850586
Car 0.0 0 -0.6503046751022339 942.1576538085938 164.13128662109375 1242.0 318.0592956542969 4.1226087 1.5831302 1.6690587 6.197356 1.4937761 8.267199 -0.007039200514554977 0.9336370825767517
Car 0.0 0 0.4318786561489105 147.3760223388672 180.0247802734375 403.3102722167969 261.36798095703125 4.276712 1.496679 1.7133859 -6.529183 1.6476564 14.289201 0.003275632858276367 0.9315260052680969
Car 0.0 0 3.345071315765381 292.4367370605469 166.46908569335938 472.6129455566406 236.71710205078125 4.32965 1.7741457 1.7671121 -6.0007267 1.61325 19.31075 3.043785810470581 0.8762023448944092
Car 0.0 0 3.878877639770508 0.0 184.88487243652344 159.1970672607422 358.12359619140625 3.9941711 1.4812524 1.5691187 -7.027014 1.6152487 7.1492815 3.1021041870117188 0.8441102504730225
Car 0.0 0 -2.612989902496338 419.1661071777344 179.13148498535156 506.3519287109375 211.59523010253906 3.8477602 1.4893917 1.6355282 -7.1779485 1.8066479 35.03019 -2.8150997161865234 0.7279824018478394
Car 0.0 0 1.4405242204666138 665.87158203125 184.50704956054688 725.6952514648438 232.16041564941406 3.670673 1.4659014 1.5720147 2.845902 1.8990238 24.945118 1.55411958694458 0.5132356286048889
Car 0.0 0 0.2319541573524475 434.97900390625 176.8520965576172 524.724853515625 205.88905334472656 4.3021493 1.4502884 1.6000508 -6.7053323 1.6618624 37.201313 0.05362439155578613 0.5111642479896545
Car 0.0 0 -2.8931331634521484 458.3047790527344 171.7284698486328 533.9301147460938 203.14285278320312 3.8397841 1.6913083 1.6409934 -6.289964 1.6310693 39.83702 -3.0497326850891113 0.41054216027259827
Car 0.0 0 1.535127878189087 628.4501953125 171.68411254882812 652.8052368164062 194.8852081298828 4.0609865 1.6383878 1.6360415 2.1873841 1.5561309 52.984962 1.5763875246047974 0.36081331968307495
