Pedestrian 0.0 0 1.6674407720565796 468.42718505859375 171.67861938476562 497.67205810546875 239.6088409423828 1.1340609 1.849175 0.70412683 -3.595629 1.8175373 20.23184 1.49155592918396 0.5542568564414978
Pedestrian 0.0 0 -1.7338272333145142 797.8306884765625 159.09974670410156 849.3768920898438 264.9648742675781 0.64811367 1.6765 0.7087877 3.4247944 1.4590429 11.787725 -1.4510726928710938 0.2635202705860138
Pedestrian 0.0 0 -2.137655019760132 673.7965698242188 169.42694091796875 685.4856567382812 193.26876831054688 0.5990841 1.8086569 0.6727214 5.296435 1.549037 55.153187 -2.041917324066162 0.19813895225524902
Pedestrian 0.0 0 -2.1339359283447266 519.9107666015625 159.27432250976562 539.8890380859375 209.33558654785156 0.50837207 1.9001209 0.58248335 -3.1256237 1.3850498 27.764328 -2.2460408210754395 0.19270478188991547
Pedestrian 0.0 0 -0.9814698100090027 706.4737548828125 164.636962890625 721.68408203125 206.5880584716797 0.3528623 1.8890095 0.5876011 4.6933093 1.5193636 32.814808 -0.8394091129302979 0.15085121989250183
Pedestrian 0.0 0 1.9199399948120117 491.3415222167969 183.5296630859375 534.9041748046875 250.1047821044922 1.9302412 1.7493938 0.5921478 -2.744931 2.06482 20.285776 1.7854437828063965 0.14540022611618042
Cyclist 0.0 0 1.9402626752853394 490.6784973144531 184.71856689453125 534.2271728515625 251.7873077392578 1.9344779 1.7630613 0.5576511 -2.7692893 2.1142266 20.325886 1.80485200881958 0.428475946187973
Cyclist 0.0 0 1.6674407720565796 468.42718505859375 171.67861938476562 497.67205810546875 239.6088409423828 1.1340609 1.849175 0.70412683 -3.595629 1.8175373 20.23184 1.49155592918396 0.21138352155685425
Car 0.0 0 1.5165406465530396 661.6176147460938 182.35244750976562 695.3558349609375 214.49761962890625 3.7515922 1.5892913 1.5907011 3.5929706 2.1242342 38.70147 1.609113335609436 0.838162362575531
Car 0.0 0 3.634521961212158 48.2402229309082 190.61451721191406 373.7746276855469 301.1058654785156 3.775444 1.4092946 1.4890031 -5.522183 1.6791114 10.193053 3.1380274295806885 0.6160545349121094
Car 0.0 0 1.611871361732483 669.3695678710938 172.6457061767578 687.6132202148438 190.25238037109375 3.8903959 1.5609144 1.5047424 6.268238 1.5428065 65.99411 1.7065690755844116 0.205129936337471
