Pedestrian 0.0 0 1.1999379396438599 738.7892456054688 165.54432678222656 756.8345947265625 203.07972717285156 0.8463661 1.8597602 0.6244978 6.8762703 1.497947 36.220165 1.3875516653060913 0.4634614586830139
Pedestrian 0.0 0 -1.7522112131118774 865.6137084960938 159.0699005126953 905.448974609375 247.32948303222656 0.5403044 1.6933906 0.64185137 5.349766 1.4292802 14.164192 -1.3910785913467407 0.37028881907463074
Cyclist 0.0 0 -1.9551587104797363 746.9911499023438 177.54983520507812 762.0755615234375 204.05813598632812 1.7496852 1.7040474 0.3422674 9.493517 2.0199294 47.58752 -1.7582478523254395 0.4167606234550476
Cyclist 0.0 0 0.2505152225494385 749.4401245117188 178.4805908203125 778.8172607421875 206.7310028076172 1.7496359 1.7610459 0.52640355 9.75947 2.1238263 45.848843 0.4602468013763428 0.2261045277118683
Car 0.0 0 2.253187656402588 0.0 203.12347412109375 140.7469940185547 301.47100830078125 4.0783677 1.4496704 1.6426535 -11.262944 2.1201844 13.930643 1.5732845067977905 0.8680680990219116
Car 0.0 0 -1.6341259479522705 599.2117919921875 177.45541381835938 628.8888549804688 202.96182250976562 4.1824226 1.5235735 1.6217469 0.1845593 1.8309402 46.002995 -1.6301140785217285 0.7131065130233765
Car 0.0 0 1.6546727418899536 504.9868469238281 184.21334838867188 526.7866821289062 202.3286590576172 3.9430165 1.5176749 1.6237646 -8.464479 2.5724986 64.96963 1.5251188278198242 0.46355316042900085
Car 0.0 0 3.1707382202148438 92.9280014038086 193.92401123046875 164.09841918945312 218.00282287597656 4.3178654 1.6070358 1.7340964 -35.52388 3.2194304 53.321682 2.5830459594726562 0.3471471667289734
Car 0.0 0 -1.3862190246582031 458.05950927734375 185.4799346923828 484.5352478027344 204.47793579101562 3.5874033 1.534013 1.6210207 -11.993392 2.6586022 62.446117 -1.5759682655334473 0.308599591255188
Car 0.0 0 -1.0623791217803955 78.38475036621094 188.80824279785156 192.9703369140625 237.08514404296875 3.8195996 1.4069828 1.55346 -15.852544 1.9875994 24.280287 -1.6407886743545532 0.21032625436782837
