Pedestrian 0.0 0 -0.7750080823898315 952.2269287109375 148.09341430664062 980.742919921875 201.3674774169922 0.6351006 1.9176975 0.68790567 12.994528 1.0267527 26.39623 -0.3175496757030487 0.28915083408355713
Pedestrian 0.0 0 0.3790745735168457 1057.88330078125 168.21658325195312 1109.681640625 213.2907257080078 1.6368909 1.7947581 0.68909943 19.376156 1.6104639 29.5952 0.9587509632110596 0.1929379403591156
Pedestrian 0.0 0 1.9088255167007446 867.8870239257812 146.8679962158203 889.3455810546875 193.45167541503906 0.6631039 1.8053768 0.606937 10.535922 0.7986325 28.4098 2.2639575004577637 0.169868603348732
Pedestrian 0.0 0 1.5527547597885132 222.85214233398438 161.13597106933594 237.0081329345703 193.88912963867188 0.90380394 1.9140093 0.7247811 -22.54681 1.2295957 42.73271 1.0672528743743896 0.15641334652900696
Pedestrian 0.0 0 -2.181471109390259 1009.3475341796875 146.81785583496094 1039.71630859375 201.13694763183594 0.64076227 1.8909831 0.685436 14.581667 0.9849581 25.465874 -1.6614450216293335 0.14759701490402222
Pedestrian 0.0 0 1.8840751647949219 207.7571563720703 174.74069213867188 228.1389923095703 204.6865997314453 1.8040134 1.7547357 0.5479022 -23.566418 1.8708558 43.33213 1.385961651802063 0.11579819023609161
Cyclist 0.0 0 0.4234355092048645 1056.6107177734375 170.34075927734375 1109.2618408203125 215.25132751464844 1.6717305 1.7905548 0.6944596 19.379265 1.6907107 29.655804 1.0022482872009277 0.3323761522769928
Cyclist 0.0 0 2.034857749938965 204.05836486816406 181.38394165039062 226.57247924804688 209.65908813476562 1.5828277 1.6486441 0.536451 -23.73612 2.1710033 43.351982 1.5339199304580688 0.193092942237854
Car 0.0 0 2.078413486480713 205.0680389404297 187.2695770263672 293.4729919433594 224.86122131347656 3.939844 1.4638748 1.7738504 -15.744152 2.1366332 31.644085 1.6167370080947876 0.9553804397583008
Car 0.0 0 1.9259231090545654 329.77679443359375 181.5668487548828 375.59033203125 207.76336669921875 3.4223754 1.5149981 1.5762028 -15.881929 2.074635 44.591526 1.5837669372558594 0.8854357004165649
Car 0.0 0 -1.3531014919281006 335.0361022949219 169.408935546875 370.6883850097656 193.24998474121094 4.2756076 1.780269 1.7297115 -19.965803 1.5233755 56.104713 -1.694993257522583 0.29935187101364136
Car 0.0 0 1.6408450603485107 10.79647445678711 200.2821807861328 47.70693588256836 226.29718017578125 3.3546283 1.4905734 1.6467497 -37.880642 3.3509796 47.08128 0.96331787109375 0.21675756573677063
Car 0.0 0 1.798015832901001 434.0241394042969 178.37594604492188 459.2383728027344 194.9624481201172 3.7110562 1.5048763 1.5419687 -15.509114 2.0441637 68.55864 1.5755435228347778 0.15224911272525787
