Pedestrian 0.0 0 -2.8771302700042725 554.061767578125 168.03927612304688 572.2523803710938 198.0887908935547 0.9955718 1.80196 0.5264496 -2.533325 1.0560998 42.75339 -2.9363155364990234 0.751742422580719
Pedestrian 0.0 0 0.5643990635871887 444.0128173828125 174.06124877929688 462.9271240234375 205.51942443847656 0.93957895 1.8207523 0.53772783 -8.864769 1.4494653 41.332714 0.35312628746032715 0.5197015404701233
Pedestrian 0.0 0 -2.5224368572235107 503.12506103515625 166.14193725585938 520.4855346679688 196.38848876953125 0.951971 1.8625946 0.5092469 -5.801314 0.9797734 43.983448 -2.6535775661468506 0.5150002241134644
Pedestrian 0.0 0 -1.718833565711975 958.0773315429688 127.6142578125 986.7361450195312 191.30010986328125 0.87094384 1.8027154 0.6140837 10.621537 0.30728495 20.52043 -1.241199016571045 0.4665328562259674
Pedestrian 0.0 0 3.2513983249664307 492.6776428222656 167.5054168701172 509.5977783203125 198.45582580566406 0.96522075 1.8618714 0.49883744 -6.288843 1.0815245 42.795403 3.1054911613464355 0.46170705556869507
Pedestrian 0.0 0 -2.475583791732788 850.4866333007812 144.14239501953125 873.2999877929688 191.67282104492188 0.6595561 1.9358984 0.59515643 10.597583 0.45655596 29.230145 -2.1277668476104736 0.21525537967681885
Cyclist 0.0 0 -3.009105920791626 656.1785888671875 164.9302215576172 687.4830932617188 195.153564453125 1.7805316 1.7649759 0.57975054 3.9440114 0.85710967 41.767616 -2.9149575233459473 0.8674341440200806
Cyclist 0.0 0 -1.24547278881073 378.7403869628906 177.06683349609375 399.5893859863281 212.5711212158203 1.7183254 1.6747242 0.44124958 -10.448407 1.5142312 34.211445 -1.5418825149536133 0.8332527875900269
Cyclist 0.0 0 -0.21617642045021057 600.005126953125 166.37026977539062 628.95556640625 195.4125518798828 1.748142 1.8181216 0.574315 0.5951122 0.9349114 44.71546 -0.20286834239959717 0.6673851609230042
Cyclist 0.0 0 -2.5581846237182617 502.607421875 166.13864135742188 520.3389892578125 196.16380310058594 0.9829794 1.8494319 0.49606967 -5.821989 0.9661826 43.984215 -2.6897850036621094 0.16583895683288574
Cyclist 0.0 0 -1.7525917291641235 958.8306274414062 129.42593383789062 988.217529296875 193.53761291503906 0.891301 1.8110614 0.60144365 10.633723 0.36986697 20.48229 -1.273728609085083 0.11464151740074158
Cyclist 0.0 0 -2.920994997024536 555.8724365234375 168.6458282470703 574.370849609375 198.6904754638672 1.0269307 1.8012866 0.5239949 -2.412824 1.0919502 42.72759 -2.977405071258545 0.11081031709909439
Car 0.0 0 1.6764057874679565 513.07666015625 172.80606079101562 550.8773803710938 203.80258178710938 3.6377544 1.5312518 1.58114 -3.7597103 1.1525996 36.745552 1.5744432210922241 0.9038935899734497
Car 0.0 0 2.542823553085327 951.5010375976562 137.07659912109375 1106.125 183.91943359375 4.104968 1.4478425 1.5617969 13.540623 0.10724498 22.755426 3.0795955657958984 0.7337427735328674
