Pedestrian 0.0 0 -1.6227020025253296 713.384033203125 164.50201416015625 755.8067016601562 266.60302734375 0.92804855 1.6453569 0.648551 2.181824 1.3727273 12.074673 -1.4439367055892944 0.9606749415397644
Pedestrian 0.0 0 -1.437251091003418 496.8076477050781 169.2113800048828 517.8623046875 216.68222045898438 0.86700296 1.7644956 0.68086874 -3.5685377 1.3087626 27.13242 -1.568023443222046 0.8249422311782837
Pedestrian 0.0 0 1.3517985343933105 748.4981689453125 169.26771545410156 770.91455078125 221.27967834472656 0.7187829 1.6567535 0.5638454 5.0893435 1.2682159 23.239082 1.5673941373825073 0.7290010452270508
Pedestrian 0.0 0 1.855306625366211 374.08636474609375 160.26771545410156 426.0586242675781 265.6391296386719 0.7497973 1.6424303 0.6232954 -3.2739568 1.3127806 11.571739 1.5795857906341553 0.7228692173957825
Pedestrian 0.0 0 -1.7043390274047852 662.5573120117188 161.42689514160156 703.3250122070312 268.24884033203125 0.91726714 1.6966679 0.5472488 1.2920833 1.3791395 11.872166 -1.5959327220916748 0.6523721218109131
Pedestrian 0.0 0 1.6911615133285522 762.5223388671875 149.92970275878906 790.1674194335938 212.0904541015625 0.7761231 1.7697963 0.6961689 5.0734773 0.87209177 20.934757 1.928924560546875 0.5774708390235901
Pedestrian 0.0 0 -1.6781694889068604 707.8823852539062 165.5659637451172 728.4630126953125 217.3275146484375 0.6331098 1.6883792 0.6060113 3.8318315 1.1697278 23.760355 -1.5182762145996094 0.4768304228782654
Pedestrian 0.0 0 0.15785613656044006 732.6473388671875 162.29400634765625 758.9647827148438 213.43386840820312 0.8089415 1.750556 0.6427787 5.010392 1.0941923 25.028582 0.35543131828308105 0.46447932720184326
Pedestrian 0.0 0 0.5633869767189026 254.37571716308594 174.01239013671875 309.3392028808594 250.41392517089844 1.0562361 1.7374594 0.5096854 -7.442073 1.5683945 16.660809 0.1432962417602539 0.461134672164917
Pedestrian 0.0 0 1.4533538818359375 545.6024780273438 167.90066528320312 568.535400390625 217.34410095214844 1.7741308 1.7202883 0.6176743 -1.6360214 1.2481908 25.918545 1.3903158903121948 0.15666736662387848
Pedestrian 0.0 0 -1.3187501430511475 0.0 109.36473846435547 93.2361831665039 303.02386474609375 1.6976053 1.7525661 0.6048963 -5.8507376 1.1011393 7.3966866 -1.9879757165908813 0.1551951915025711
Cyclist 0.0 0 1.840648889541626 523.2305297851562 167.62351989746094 564.8170166015625 245.0755615234375 1.7339514 1.7810385 0.56705934 -1.4038079 1.4631526 17.420626 1.760239601135254 0.9238380193710327
Cyclist 0.0 0 1.8216220140457153 583.13037109375 169.59844970703125 614.8842163085938 225.91856384277344 1.8722132 1.786818 0.60806704 -0.08707832 1.41033 23.769402 1.8179585933685303 0.8762239813804626
Cyclist 0.0 0 1.4595009088516235 545.56591796875 165.94349670410156 568.7973022460938 215.39466857910156 1.8145785 1.7191745 0.6343026 -1.6324933 1.1794168 25.918894 1.396599292755127 0.70377117395401
Cyclist 0.0 0 -1.3683276176452637 0.0 115.75102233886719 96.92817687988281 309.5708312988281 1.7620326 1.7632418 0.6256124 -5.82945 1.1664805 7.460528 -2.031606674194336 0.4015621542930603
Cyclist 0.0 0 -1.2417689561843872 416.192138671875 183.95938110351562 435.63995361328125 221.61866760253906 1.565105 1.5994196 0.3408816 -7.6775203 1.710609 31.403555 -1.4815449714660645 0.3894985318183899
Car 0.0 0 1.677234172821045 551.6067504882812 169.91839599609375 582.6343383789062 197.23387145996094 4.0732856 1.7492578 1.6526898 -2.2438571 1.0082906 48.081287 1.6305999755859375 0.6217432022094727
Car 0.0 0 0.8991164565086365 412.76617431640625 180.6837921142578 504.9638977050781 221.21229553222656 3.83294 1.5387336 1.6311744 -5.838716 1.5087713 29.129843 0.7013001441955566 0.3208666145801544
