Pedestrian 0.0 0 1.051750659942627 649.6002197265625 138.4078826904297 688.6572875976562 214.62013244628906 0.79999906 1.8268056 0.6469897 1.4032251 1.001491 17.792225 1.1304550170898438 0.3849489092826843
Pedestrian 0.0 0 2.9680442810058594 171.49298095703125 191.94732666015625 202.5274658203125 244.51947021484375 0.7850887 1.6932603 0.7046883 -14.198239 2.3462958 24.139221 2.4363603591918945 0.3342313766479492
Cyclist 0.0 0 1.051750659942627 649.6002197265625 138.4078826904297 688.6572875976562 214.62013244628906 0.79999906 1.8268056 0.6469897 1.4032251 1.001491 17.792225 1.1304550170898438 0.13745790719985962
Car 0.0 0 -1.8421416282653809 634.88330078125 180.69076538085938 753.695068359375 263.308349609375 3.3650086 1.4850521 1.5919651 1.587673 1.6688756 15.09791 -1.7373682260513306 0.9611870646476746
Car 0.0 0 -0.9723212718963623 717.9268798828125 175.3628692626953 815.4739990234375 217.25746154785156 3.916093 1.4158055 1.5721897 5.770593 1.5150794 26.527933 -0.7581291794776917 0.9097703695297241
Car 0.0 0 2.4206316471099854 559.0018310546875 175.97694396972656 650.9049072265625 213.2997283935547 3.8029926 1.4685636 1.56832 -0.21158944 1.6091615 30.548235 2.413705348968506 0.9025489687919617
Car 0.0 0 -1.0533498525619507 866.574462890625 168.310302734375 937.077392578125 203.62127685546875 3.3315501 1.5020859 1.4725144 13.047699 1.3091612 32.30167 -0.6694578528404236 0.7944909930229187
Car 0.0 0 -1.0802977085113525 793.2625122070312 168.72178649902344 882.332763671875 209.8865966796875 4.2556133 1.5675063 1.6720217 9.345708 1.4105146 29.557785 -0.7740598917007446 0.752951443195343
Car 0.0 0 -1.214063048362732 918.2589111328125 164.52671813964844 987.926513671875 198.78273010253906 4.275842 1.5648606 1.6685158 16.669943 1.1848166 35.045345 -0.7700700163841248 0.6273167729377747
Car 0.0 0 2.1082870960235596 669.9639892578125 173.26454162597656 745.6721801757812 205.8937530517578 4.312957 1.4742404 1.6478376 4.748299 1.495682 34.85278 2.24369215965271 0.578253448009491
Car 0.0 0 -1.5557748079299927 1071.9222412109375 170.95570373535156 1123.7781982421875 209.90762329101562 3.848102 1.4091331 1.5806942 18.99493 1.3408175 28.130053 -0.961850643157959 0.3644893169403076
Car 0.0 0 -2.0160794258117676 49.15604782104492 159.2593536376953 146.7602996826172 202.6820526123047 3.9259484 1.6244792 1.6244963 -20.394924 1.11625 28.653696 -2.6346631050109863 0.3270793855190277
Car 0.0 0 -1.174910068511963 266.39105224609375 167.75282287597656 311.1607666015625 192.25729370117188 3.303265 1.7084644 1.8137871 -23.116386 1.3531647 51.97495 -1.5933979749679565 0.3110632300376892
