Cyclist 0.0 0 2.015782356262207 122.6769027709961 155.25314331054688 288.8863525390625 375.0 1.8203728 1.753231 0.559664 -3.5617623 1.6188645 6.4455023 1.5109477043151855 0.8715589642524719
Cyclist 0.0 0 1.8749396800994873 291.43914794921875 161.7107391357422 389.8747863769531 321.2801818847656 1.8573022 1.7040476 0.57511264 -3.2183964 1.5854063 8.6449795 1.5185513496398926 0.8105144500732422
Car 0.0 0 -2.069617509841919 794.205322265625 175.03152465820312 1209.25 375.0 3.3161435 1.4136758 1.5333376 2.7861307 1.437545 6.0807343 -1.6399738788604736 0.9745652079582214
Car 0.0 0 -1.4894964694976807 405.1061706542969 180.7991180419922 452.3586730957031 219.10960388183594 3.829833 1.469071 1.63311 -7.6448174 1.8278766 30.527155 -1.7348767518997192 0.95183265209198
Car 0.0 0 -1.7236796617507935 589.8001098632812 174.76486206054688 650.11962890625 222.5260467529297 3.420117 1.5296825 1.576467 0.23532625 1.601185 25.056118 -1.7142879962921143 0.9359498620033264
Car 0.0 0 -1.8750975131988525 660.3060302734375 166.96522521972656 810.91748046875 263.58941650390625 3.7323434 1.4945903 1.5996612 2.052893 1.40386 13.122345 -1.7199128866195679 0.9351916313171387
Car 0.0 0 -1.1791908740997314 58.43423843383789 199.357666015625 314.9468994140625 347.7606201171875 3.5339682 1.3677582 1.514423 -5.095588 1.7719686 9.148699 -1.6873726844787598 0.9248961210250854
Car 0.0 0 1.829132318496704 224.6741485595703 186.00335693359375 376.4025573730469 278.2316589355469 4.3961296 1.4643232 1.6758 -5.986415 1.7688725 14.397772 1.43509042263031 0.8765041828155518
Car 0.0 0 -1.438663363456726 422.045166015625 174.3575439453125 461.7881164550781 205.6924285888672 3.8743274 1.6116962 1.6131461 -9.137966 1.698148 39.30742 -1.6670805215835571 0.7145826816558838
Car 0.0 0 -1.6913467645645142 563.4501953125 174.7838592529297 602.6364135742188 206.6084747314453 3.273941 1.47 1.5231656 -1.3968223 1.5693572 35.273746 -1.7309255599975586 0.6389310956001282
