Pedestrian 0.0 0 -2.0370187759399414 456.9393310546875 157.3520965576172 474.9632873535156 198.6590576171875 0.6261703 1.9051156 0.6089483 -6.7703424 1.1905111 33.709473 -2.2352256774902344 0.24466049671173096
Pedestrian 0.0 0 1.248353123664856 843.9375610351562 146.8384246826172 865.3975219726562 188.43507385253906 0.99455166 1.8593725 0.6387337 11.058369 0.69683224 32.748337 1.5740081071853638 0.22880853712558746
Pedestrian 0.0 0 0.22478854656219482 924.5689086914062 147.6296844482422 970.310546875 232.76893615722656 0.7709491 1.8158618 0.73482186 7.394808 1.2782319 15.912888 0.659804105758667 0.20997034013271332
Pedestrian 0.0 0 1.8865481615066528 412.55035400390625 165.58050537109375 435.4565124511719 213.1153106689453 0.81225234 1.8672724 0.6662625 -7.4523625 1.5819119 28.766928 1.6330606937408447 0.1941281259059906
Pedestrian 0.0 0 1.5926507711410522 910.0817260742188 163.09060668945312 938.4982299804688 232.7545928955078 1.1568642 1.9193518 0.7193033 8.913639 1.6507128 20.552542 2.0018672943115234 0.18839018046855927
Car 0.0 0 1.209709644317627 763.6704711914062 152.3616943359375 1014.4458618164062 303.31378173828125 4.045807 1.5934732 1.6957499 3.336063 1.3775113 9.660213 1.5422273874282837 0.9392858743667603
Car 0.0 0 -1.7185922861099243 680.7286987304688 167.28257751464844 747.847900390625 220.24046325683594 4.0382624 1.711671 1.735697 3.5258744 1.5319532 25.345682 -1.580367922782898 0.9363991022109985
Car 0.0 0 1.7024827003479004 505.06805419921875 179.5616912841797 556.201416015625 216.98513793945312 3.896623 1.4700888 1.6870095 -3.3841956 1.7770733 31.013493 1.5937926769256592 0.9342278242111206
Car 0.0 0 -1.3875749111175537 566.7026977539062 175.8242950439453 610.0252075195312 204.5455780029297 4.5068736 1.5532616 1.7200855 -1.2268306 1.7356818 41.864876 -1.4168710708618164 0.9291135668754578
Car 0.0 0 -2.4656524658203125 1006.8738403320312 0.0 1242.0 375.0 3.982902 1.6755499 1.6460419 3.0674794 1.5254697 2.289626 -1.5360615253448486 0.5165867209434509
Car 0.0 0 -1.431201696395874 672.1387329101562 175.62176513671875 712.28857421875 206.02548217773438 3.79768 1.508132 1.6002953 4.361734 1.6628457 38.198048 -1.3175067901611328 0.3437470495700836
