Pedestrian 0.0 0 -3.6102681159973145 929.8527221679688 145.26031494140625 1038.7174072265625 310.80548095703125 0.8488169 1.7326369 0.6398351 4.0694194 1.3655007 7.721979 -3.125261068344116 0.6696103811264038
Pedestrian 0.0 0 -2.0124011039733887 835.2929077148438 173.60231018066406 872.8822631835938 240.6228790283203 0.8791329 1.650643 0.57364994 6.251312 1.4823574 17.876122 -1.6759920120239258 0.3804556429386139
Pedestrian 0.0 0 0.6078600883483887 400.41180419921875 153.69337463378906 454.635009765625 240.3686065673828 0.86094946 1.7928821 0.7330366 -3.8287401 1.2400088 15.114982 0.3597707748413086 0.14856761693954468
Pedestrian 0.0 0 3.4390010833740234 211.3915557861328 146.9166717529297 262.6620178222656 236.565673828125 0.77346486 1.73056 0.5520553 -7.3112335 1.0839089 13.985923 2.9573144912719727 0.12314052134752274
Pedestrian 0.0 0 -3.334261894226074 814.986083984375 177.63970947265625 865.4600219726562 268.1098327636719 0.8510295 1.7489951 0.58255434 4.6067405 1.6953315 14.006 -3.016495943069458 0.10934252291917801
Pedestrian 0.0 0 1.1655138731002808 836.6388549804688 134.22467041015625 891.3228759765625 236.76255798339844 0.76783437 1.7613224 0.6592569 4.537748 0.96808463 12.54263 1.512649655342102 0.10645315051078796
Pedestrian 0.0 0 -0.6339445114135742 970.5722045898438 134.01527404785156 1026.2598876953125 240.39309692382812 0.57460284 1.7059274 0.5714766 6.432321 0.96212953 11.654084 -0.1296153962612152 0.10475881397724152
Cyclist 0.0 0 -0.905489444732666 1107.81640625 137.54385375976562 1195.6634521484375 246.8895263671875 1.0001255 1.7227392 0.6634435 8.90045 1.0476218 11.579766 -0.25017717480659485 0.1258225440979004
Cyclist 0.0 0 -2.0057172775268555 834.8560791015625 173.77371215820312 871.9956665039062 240.5628204345703 0.8653553 1.6501143 0.5751664 6.2512574 1.4855291 17.922684 -1.6701205968856812 0.10411954671144485
Cyclist 0.0 0 -1.6390109062194824 855.8253173828125 166.55545043945312 888.5206298828125 282.0718078613281 1.7036482 1.7690051 0.380718 4.3551073 1.5571189 11.693488 -1.2824877500534058 0.10073405504226685
Car 0.0 0 -1.829567551612854 628.60400390625 143.729248046875 696.8107299804688 195.3963623046875 4.4751763 2.0399375 1.8059062 2.3519087 0.5896421 30.27467 -1.752037525177002 0.1463429033756256
