Pedestrian 0.0 0 2.5597662925720215 989.9146118164062 124.38107299804688 1063.8961181640625 252.12466430664062 0.8000388 1.7255738 0.37969872 5.767025 0.96918434 9.754701 3.093693494796753 0.6220044493675232
Pedestrian 0.0 0 -2.576915740966797 983.95751953125 153.71890258789062 1034.1175537109375 225.59593200683594 0.9641065 1.7897695 0.5674941 10.332825 1.1245041 18.159702 -2.0596041679382324 0.3668150305747986
Pedestrian 0.0 0 -0.12269286811351776 775.2839965820312 156.21182250976562 794.72998046875 188.4453582763672 1.0254308 1.8338802 0.5061931 10.309477 0.45342416 40.537254 0.12634849548339844 0.3233794569969177
Pedestrian 0.0 0 -1.6750316619873047 119.2864990234375 151.70523071289062 138.69166564941406 192.26210021972656 0.7980373 1.9624518 0.7114458 -23.409136 0.5705813 34.741764 -2.2679591178894043 0.3203042149543762
Pedestrian 0.0 0 0.23099945485591888 723.2808837890625 162.15391540527344 737.6781005859375 186.51904296875 1.045687 1.9108303 0.44557598 9.925819 0.47328445 55.856705 0.40686511993408203 0.189634308218956
Pedestrian 0.0 0 0.6329661011695862 117.78193664550781 119.73226165771484 207.5416259765625 254.74966430664062 0.91703576 1.821649 0.5411283 -6.189905 1.0034444 9.837047 0.0713205337524414 0.18459846079349518
Pedestrian 0.0 0 -2.548572063446045 1103.52294921875 164.4299774169922 1143.7506103515625 231.9320526123047 0.627986 1.6185259 0.4902751 12.669285 1.2348096 17.326813 -1.91721510887146 0.1603918820619583
Pedestrian 0.0 0 -0.30852991342544556 508.8149719238281 165.40708923339844 521.2400512695312 186.5853729248047 0.9510858 1.81153 0.5125568 -7.7326636 0.5217215 60.906727 -0.43481341004371643 0.14996196329593658
Cyclist 0.0 0 1.0502781867980957 876.6665649414062 158.135498046875 906.0091552734375 195.38876342773438 1.6733469 1.7206883 0.523749 13.542379 0.68915117 33.517387 1.4342628717422485 0.24354320764541626
Cyclist 0.0 0 -2.566042900085449 972.42041015625 149.86331176757812 1038.9228515625 220.15174865722656 1.4266735 1.7491508 0.5574565 10.341981 0.9883424 18.351442 -2.0528550148010254 0.17359158396720886
Car 0.0 0 -0.8208336234092712 0.0 204.56884765625 298.6473388671875 370.0 4.0143285 1.4482225 1.6117758 -3.1833153 1.6334932 3.3752203 -1.5769797563552856 0.8483973145484924
Car 0.0 0 -1.5074772834777832 452.29669189453125 174.57064819335938 478.0174255371094 194.359130859375 4.2396593 1.462159 1.6804163 -10.7198 1.0253153 54.449974 -1.701865553855896 0.26734402775764465
Car 0.0 0 1.8661959171295166 88.4835433959961 182.6490478515625 135.3809356689453 206.66732788085938 4.0217023 1.5673726 1.5456055 -33.869926 1.7231421 48.670094 1.2582212686538696 0.19295449554920197
Car 0.0 0 -1.4456379413604736 0.0 185.18431091308594 20.275531768798828 216.10836791992188 3.8804247 1.5409273 1.6129684 -32.671024 1.8071932 37.91331 -2.156902313232422 0.14958150684833527
