Pedestrian 0.0 0 -0.18038293719291687 376.03558349609375 173.41493225097656 386.60797119140625 197.2701873779297 0.6424795 1.799261 0.75048655 -17.435436 1.8426938 54.923294 -0.4877716600894928 0.2716093957424164
Pedestrian 0.0 0 2.610361099243164 31.619861602783203 204.72450256347656 68.60035705566406 264.11077880859375 0.6313908 1.777624 0.72202307 -17.487894 2.7898996 22.479992 1.949222207069397 0.19306980073451996
Pedestrian 0.0 0 2.267867088317871 867.86376953125 200.01026916503906 921.906494140625 259.7785339355469 1.6454296 1.7093894 0.6144263 8.606098 2.5590744 21.900112 2.642298936843872 0.14997778832912445
Pedestrian 0.0 0 0.9535199999809265 704.1341552734375 191.11480712890625 733.100341796875 227.4267578125 1.738515 1.7973359 0.59071064 5.600861 2.7706897 37.534283 1.101646900177002 0.10845682770013809
Cyclist 0.0 0 1.0444823503494263 912.5748901367188 209.8441619873047 1016.6864013671875 349.08770751953125 1.7868226 1.8210365 0.57100254 5.2091074 2.423627 10.831578 1.4927486181259155 0.215496227145195
Cyclist 0.0 0 0.921140193939209 704.4856567382812 191.8274688720703 733.5416259765625 227.3675537109375 1.6828661 1.758134 0.5950425 5.61908 2.7681532 37.512524 1.0698268413543701 0.1909083127975464
Cyclist 0.0 0 2.297729253768921 867.1649169921875 199.48239135742188 920.3724365234375 259.3236083984375 1.5800825 1.7184147 0.60875833 8.573519 2.5505931 21.907097 2.6707634925842285 0.1599789559841156
Car 0.0 0 1.5498448610305786 482.2626647949219 179.4092559814453 506.7114562988281 203.19656372070312 3.8925693 1.569345 1.6118767 -8.191099 2.0499156 50.79465 1.3899621963500977 0.6300489902496338
Car 0.0 0 2.363067150115967 139.46694946289062 196.21876525878906 239.35565185546875 234.4774169921875 3.769225 1.4887822 1.7341877 -18.946167 2.6118076 32.620556 1.8368816375732422 0.20179720222949982
Car 0.0 0 2.6938083171844482 233.3811798095703 192.13140869140625 310.5448913574219 222.3401641845703 3.5111094 1.4955738 1.6382086 -18.728428 2.61468 39.993366 2.255850315093994 0.20036573708057404
Car 0.0 0 0.02545630931854248 32.828758239746094 202.49301147460938 176.26934814453125 254.52919006347656 3.773148 1.456028 1.5689777 -16.597176 2.5041394 23.810104 -0.5832967162132263 0.1385711431503296
Car 0.0 0 0.8546304702758789 791.6412353515625 200.74229431152344 906.2194213867188 255.15493774414062 3.5077147 1.4648683 1.5944856 7.5749016 2.4412096 23.322332 1.1686739921569824 0.13849836587905884
