Pedestrian 0.0 0 2.7332770824432373 876.9929809570312 157.19046020507812 917.4838256835938 222.32650756835938 0.86110365 1.7847592 0.6475501 7.9484887 1.3559285 20.105045 3.109766721725464 0.5648929476737976
Pedestrian 0.0 0 0.910873293876648 863.1463623046875 165.18350219726562 898.1795043945312 218.3188934326172 1.0455405 1.7658384 0.6006222 9.160892 1.5112842 24.564548 1.267829179763794 0.22260665893554688
Cyclist 0.0 0 2.7318897247314453 875.791748046875 156.16665649414062 920.914794921875 222.99435424804688 1.0043517 1.8324516 0.6171384 7.9797444 1.3752337 20.106632 3.1096959114074707 0.11674871295690536
Cyclist 0.0 0 0.9214302897453308 863.980224609375 165.29644775390625 897.4889526367188 218.12965393066406 0.9804594 1.7569387 0.59428024 9.157627 1.5059745 24.546646 1.278508186340332 0.10837960243225098
Car 0.0 0 1.8176735639572144 390.079833984375 183.11331176757812 443.669921875 218.40170288085938 3.451228 1.4214213 1.4837601 -8.489816 1.8987386 31.805994 1.5568299293518066 0.913413405418396
Car 0.0 0 1.924215316772461 324.06243896484375 184.49281311035156 390.3957824707031 220.12867736816406 4.066447 1.5064442 1.6313404 -11.817626 2.0864398 33.883884 1.588638186454773 0.9080958366394043
Car 0.0 0 -1.4743880033493042 596.434326171875 173.13446044921875 628.74560546875 199.10755920410156 4.041795 1.5637313 1.6611683 0.1747599 1.5826207 45.57714 -1.4705536365509033 0.7821894288063049
Car 0.0 0 1.9346376657485962 256.33636474609375 180.04115295410156 396.08642578125 255.66876220703125 4.2683463 1.5423434 1.6772311 -6.63006 1.7358869 17.255033 1.5677915811538696 0.39425376057624817
Car 0.0 0 1.5723319053649902 482.99542236328125 177.18936157226562 505.1600036621094 198.07810974121094 3.8426278 1.5384995 1.6413895 -9.021263 1.8875722 56.007797 1.4126319885253906 0.1982627660036087
Car 0.0 0 1.881656527519226 359.5020446777344 166.9021453857422 453.72198486328125 221.463134765625 4.46162 1.6522615 1.7380116 -6.6990952 1.4723803 24.111126 1.610649585723877 0.17662809789180756
Car 0.0 0 1.9565258026123047 337.82501220703125 179.05096435546875 378.2730407714844 199.44512939453125 4.4693413 1.513498 1.4526988 -19.934698 2.0245507 57.19114 1.6211320161819458 0.1757921725511551
