Pedestrian 0.0 0 -0.07141929864883423 837.627197265625 130.1468963623047 934.8722534179688 310.1213073730469 0.90289354 1.7769274 0.5963821 2.802515 1.3556285 7.5341406 0.2846970558166504 0.45748579502105713
Car 0.0 0 -1.550140142440796 546.0481567382812 183.51866149902344 733.6264038085938 349.0395202636719 3.6106324 1.3656514 1.6205893 0.30052462 1.5121877 8.037965 -1.5127694606781006 0.9319733381271362
Car 0.0 0 -1.3653573989868164 395.8186340332031 181.50296020507812 505.525146484375 254.68614196777344 4.1838126 1.4542257 1.6747078 -3.6285427 1.6826525 16.927202 -1.5765233039855957 0.9205204248428345
Car 0.0 0 -1.4288146495819092 458.7812194824219 166.5952911376953 527.3912353515625 226.4650421142578 3.9015377 1.788671 1.6677259 -3.763309 1.6020435 23.518356 -1.5874853134155273 0.9189144968986511
Car 0.0 0 -1.7435945272445679 695.9093017578125 177.8319091796875 760.6018676757812 221.13360595703125 4.4114294 1.4156014 1.5692644 4.170896 1.6128123 26.313026 -1.5863916873931885 0.9154226183891296
Car 0.0 0 -1.9003081321716309 762.70166015625 192.2923126220703 961.2406616210938 316.5203552246094 3.4654195 1.3498795 1.5204132 3.2489445 1.6703126 10.13127 -1.5899841785430908 0.6474066972732544
Car 0.0 0 -0.7274418473243713 0.0 201.21888732910156 227.1620635986328 375.0 3.5857732 1.5040495 1.581542 -3.1078024 1.6768949 2.563503 -1.6085212230682373 0.5755343437194824
Car 0.0 0 -1.6087417602539062 602.293212890625 176.3365020751953 641.4793090820312 211.49981689453125 3.6026726 1.5382262 1.6856489 0.46832037 1.7102469 33.742878 -1.5948635339736938 0.47917598485946655
Car 0.0 0 1.8040242195129395 158.46755981445312 188.9113311767578 210.33010864257812 218.1596221923828 4.1149154 1.4516088 1.5945317 -23.802639 2.4006457 40.425266 1.271876335144043 0.35451841354370117
Car 0.0 0 3.0144412517547607 629.1371459960938 168.2647247314453 675.0336303710938 184.92538452148438 4.0273776 1.5067844 1.643104 3.8211262 1.0920894 66.21231 3.072087526321411 0.318111389875412
