Pedestrian 0.0 0 -0.5023154020309448 763.3126831054688 165.5133514404297 776.4985961914062 190.1504669189453 0.75247467 1.7949167 0.5859959 12.378983 0.63082266 52.714287 -0.27166301012039185 0.21788528561592102
Pedestrian 0.0 0 -0.42293721437454224 812.0528564453125 104.31611633300781 929.978759765625 286.017822265625 1.0032315 1.7828736 0.51820695 2.6883218 1.0269082 7.3402042 -0.07186312228441238 0.17875614762306213
Car 0.0 0 -1.530585527420044 540.660888671875 172.17669677734375 572.7412109375 200.74517822265625 3.615292 1.4735852 1.5906843 -2.383435 0.9935423 38.873653 -1.5918211936950684 0.9307752251625061
Car 0.0 0 -0.26972243189811707 219.03350830078125 175.40480041503906 381.5826416015625 231.31695556640625 4.264442 1.5445122 1.6707537 -9.098912 1.3772914 21.813568 -0.6649011969566345 0.7967982292175293
Car 0.0 0 1.6334354877471924 582.1063842773438 178.71591186523438 610.8178100585938 203.68186950683594 4.266799 1.6243151 1.6927933 -0.28556216 1.4438746 48.91115 1.6275972127914429 0.3502359092235565
Car 0.0 0 -1.200453758239746 0.0 167.50442504882812 42.017452239990234 212.2469024658203 3.8226044 1.8444467 1.8319768 -26.601662 1.2684852 31.714144 -1.8984066247940063 0.2688615918159485
Car 0.0 0 -1.2811490297317505 578.064697265625 169.02401733398438 606.1663208007812 186.51925659179688 3.6310089 1.5420434 1.5838132 -0.7817136 0.44281524 65.27496 -1.2931241989135742 0.22496117651462555
Car 0.0 0 -0.0487823486328125 3.9970431327819824 154.3384552001953 127.51349639892578 195.1856231689453 4.106038 1.6164836 1.6924528 -22.613937 0.54260033 30.382772 -0.6886262893676758 0.2169293612241745
Car 0.0 0 0.5863847732543945 296.4799499511719 178.94691467285156 369.24249267578125 207.99961853027344 3.251684 1.4671551 1.51726 -13.963676 1.3390979 37.38087 0.22888469696044922 0.2055632770061493
Car 0.0 0 -1.2839903831481934 597.3927001953125 168.7209930419922 629.3450927734375 188.1480712890625 3.6386585 1.4973497 1.5869918 1.0096285 0.5129513 57.336876 -1.2663835287094116 0.15707045793533325
