Pedestrian 0.0 0 0.7961103916168213 0.7422314286231995 171.90904235839844 72.70657348632812 274.5813903808594 0.7454473 1.6998013 0.6139895 -9.808648 1.6845148 12.293028 0.1226491928100586 0.4683133065700531
Pedestrian 0.0 0 -0.15782508254051208 736.4241943359375 178.7688751220703 770.8517456054688 234.75555419921875 0.96090275 1.7254881 0.7059284 4.46131 1.9148506 22.683191 0.03637528419494629 0.3696363866329193
Pedestrian 0.0 0 2.8561034202575684 678.017822265625 179.6627655029297 697.0667114257812 213.08734130859375 0.8727614 1.6953772 0.47715554 3.9411244 2.0481951 37.035446 2.9621193408966064 0.34797224402427673
Cyclist 0.0 0 -0.138965904712677 736.495849609375 178.57284545898438 769.92138671875 235.14260864257812 0.94102275 1.7423881 0.6971413 4.4454474 1.9254143 22.670443 0.05466723442077637 0.15075109899044037
Car 0.0 0 -1.238538384437561 233.30291748046875 191.96649169921875 466.84698486328125 346.7896423339844 3.752502 1.4944861 1.6333536 -3.1073554 1.791492 9.311888 -1.5606168508529663 0.9722612500190735
Car 0.0 0 1.5159659385681152 633.9712524414062 183.7602996826172 686.9891967773438 229.46998596191406 3.9806867 1.479663 1.6933035 1.7234714 1.9079247 26.307272 1.581385612487793 0.9587990641593933
Car 0.0 0 1.6677584648132324 531.4910888671875 174.70736694335938 564.7390747070312 203.9005889892578 4.131078 1.7192166 1.6673374 -3.830155 1.8400581 44.827972 1.582524299621582 0.738882839679718
Car 0.0 0 -1.5769926309585571 626.5717163085938 174.99398803710938 653.0323486328125 201.8760528564453 3.9307172 1.5700378 1.5566989 1.7871652 1.7081285 44.446033 -1.5368045568466187 0.5421105623245239
Car 0.0 0 2.5638206005096436 0.0 0.0 1242.0 375.0 4.051219 1.595856 1.6705459 -3.0498655 1.5702702 1.6615804 1.4918698072433472 0.5126928091049194
Car 0.0 0 -1.5702526569366455 490.1349792480469 180.2928466796875 519.85693359375 208.3876953125 3.9575279 1.5001385 1.6201712 -6.102291 1.9518093 41.697845 -1.715566635131836 0.4643641412258148
Car 0.0 0 1.7497682571411133 552.996826171875 180.19810485839844 583.6740112304688 202.35989379882812 3.9560926 1.537459 1.592687 -3.0757442 2.1031404 53.47875 1.6923182010650635 0.45147278904914856
