Pedestrian 0.0 0 -2.0398290157318115 495.7671813964844 157.4364013671875 556.0791015625 265.7839050292969 0.67826736 1.6464065 0.7200629 -1.3900423 1.4124845 11.44356 -2.1607062816619873 0.313279390335083
Pedestrian 0.0 0 0.30073851346969604 623.75927734375 143.87307739257812 704.812744140625 267.3797607421875 1.0643386 1.7534771 0.63094664 0.7597371 1.3423804 10.728348 0.37143635749816895 0.26213863492012024
Pedestrian 0.0 0 -2.7482380867004395 338.8102111816406 123.28941345214844 433.44659423828125 272.7443542480469 1.0353382 1.8419241 0.51093036 -2.8927336 1.2314341 9.189855 -3.0531938076019287 0.2606143355369568
Pedestrian 0.0 0 1.4805455207824707 556.2271118164062 146.1310272216797 588.7578735351562 236.611328125 0.7889336 1.7636204 0.5805632 -0.812413 1.2431005 14.4938545 1.4245518445968628 0.18852633237838745
Pedestrian 0.0 0 -1.824808955192566 1209.469482421875 124.21346282958984 1242.0 194.62741088867188 0.49530083 1.9620676 0.63155967 17.432234 0.60706884 20.463352 -1.1192269325256348 0.1507491171360016
Pedestrian 0.0 0 -0.49398374557495117 762.2088012695312 146.05831909179688 813.1182250976562 241.62042236328125 0.66986054 1.6686914 0.63030875 3.1386697 1.2011468 12.986538 -0.25684481859207153 0.12050406634807587
Pedestrian 0.0 0 -2.2838048934936523 1055.2794189453125 158.55702209472656 1099.9566650390625 231.2157745361328 0.734358 1.8244184 0.6367413 11.947648 1.4657874 18.522688 -1.7109330892562866 0.11734673380851746
Pedestrian 0.0 0 0.0887039303779602 324.0941467285156 127.59549713134766 365.07940673828125 199.47332763671875 0.9522914 1.8294866 0.613552 -6.946762 0.67789274 18.78333 -0.2655321955680847 0.11531886458396912
Pedestrian 0.0 0 -0.16291877627372742 563.2557373046875 137.54957580566406 611.6266479492188 233.71629333496094 0.77236515 1.675768 0.64035106 -0.46519598 1.060923 12.960658 -0.19879630208015442 0.10691693425178528
Pedestrian 0.0 0 0.0291125550866127 648.740966796875 135.4904022216797 735.3893432617188 269.87371826171875 1.1440071 1.7707509 0.55973464 1.0698414 1.2787735 9.860325 0.13718938827514648 0.10597096383571625
Pedestrian 0.0 0 1.1757816076278687 311.30010986328125 125.13777923583984 379.1676330566406 238.11502075195312 1.549915 1.6799762 0.44058862 -4.272325 0.9707919 11.442876 0.818448543548584 0.10127824544906616
Cyclist 0.0 0 1.1013752222061157 306.3027038574219 132.71815490722656 379.5028076171875 250.90625 1.6523845 1.7561674 0.37070283 -4.300134 1.1601431 11.413126 0.7410528659820557 0.18869861960411072
Cyclist 0.0 0 -1.4059388637542725 564.0985107421875 136.1319580078125 609.3630981445312 237.0133819580078 1.5076084 1.7035184 0.5776487 -0.447908 1.0837754 12.966334 -1.4404690265655518 0.1326146274805069
Cyclist 0.0 0 2.3000688552856445 1059.9150390625 116.28963470458984 1170.94921875 226.7604217529297 1.7305812 1.8185959 0.54349685 8.588721 0.88777786 12.33995 2.908111572265625 0.1191643550992012
Cyclist 0.0 0 -2.425473690032959 993.2379760742188 145.89453125 1066.729736328125 215.7207794189453 1.7797173 1.7644281 0.5187606 11.064699 1.0835519 19.15553 -1.9016695022583008 0.11439618468284607
Car 0.0 0 -0.8604816198348999 833.3311157226562 175.9332733154297 1163.9207763671875 320.2507019042969 3.3922741 1.3988295 1.5662138 4.444119 1.4407871 8.396703 -0.3736935257911682 0.9315968751907349
Car 0.0 0 2.0085816383361816 1105.0040283203125 174.8562774658203 1242.0 301.84149169921875 3.4599307 1.4798871 1.4597362 8.537361 1.5112934 9.817523 2.7243475914001465 0.8126316666603088
