Pedestrian 0.0 0 0.23095445334911346 694.8660278320312 152.79251098632812 722.2446899414062 200.66958618164062 1.0040038 1.9368477 0.60275006 4.0101624 1.1256262 29.64762 0.3653993606567383 0.2280331552028656
Cyclist 0.0 0 -3.304100275039673 781.8792114257812 175.5917510986328 839.9491577148438 227.43771362304688 1.7662172 1.6858076 0.6932739 6.60504 1.7786903 23.943565 -3.03493595123291 0.4850958287715912
Car 0.0 0 2.6750171184539795 871.8109741210938 171.90159606933594 1011.587890625 222.22515869140625 3.4364302 1.4253613 1.4930011 9.657058 1.3987434 21.248655 3.1015892028808594 0.8914058804512024
Car 0.0 0 2.4668703079223633 1020.517822265625 158.85218811035156 1208.712890625 216.071044921875 4.497359 1.6185907 1.7166294 14.842947 1.2228693 21.41859 3.07287859916687 0.8218966126441956
Car 0.0 0 1.3037922382354736 213.9678955078125 191.50836181640625 288.9900207519531 232.767578125 4.2282686 1.4574671 1.685809 -14.780966 2.2772353 29.554554 0.8400447368621826 0.5539538860321045
Car 0.0 0 -2.5518198013305664 31.711214065551758 183.82432556152344 234.2498779296875 256.9515686035156 4.46531 1.9203749 1.8193257 -13.246952 2.2412748 20.151836 -3.1333494186401367 0.4636109471321106
Car 0.0 0 3.370655059814453 248.2079315185547 163.6464080810547 327.9292297363281 192.5025634765625 3.6250696 1.4982508 1.6059046 -17.193508 1.0205379 38.5914 2.9515271186828613 0.35381701588630676
Car 0.0 0 -0.029591217637062073 619.1544189453125 175.48960876464844 688.6473999023438 201.72691345214844 3.8774552 1.4577446 1.5651646 2.4381168 1.6112885 41.094353 0.02966904640197754 0.24243102967739105
Car 0.0 0 -3.137525796890259 591.6553344726562 169.42764282226562 655.6649780273438 197.03311157226562 3.7596824 1.6201458 1.6514874 0.785038 1.4194127 43.21113 -3.1193602085113525 0.2407853752374649
Car 0.0 0 -3.6293439865112305 954.0765380859375 146.98268127441406 1072.6138916015625 184.56103515625 4.163097 1.5704997 1.6444756 17.227118 0.48962596 31.014431 -3.1223223209381104 0.2189619243144989
Car 0.0 0 1.6749552488327026 0.0 201.3203125 60.1934814453125 244.19180297851562 3.9420867 1.4270924 1.595875 -23.24016 2.6492589 28.877888 0.9973104000091553 0.2141072303056717
