Pedestrian 0.0 0 -0.11783796548843384 1022.1972045898438 176.34703063964844 1046.1466064453125 220.7161407470703 0.80182374 1.8537114 0.6881372 17.996458 2.0049767 30.693483 0.41246819496154785 0.16504287719726562
Pedestrian 0.0 0 -1.7906346321105957 1123.4241943359375 139.3013916015625 1150.340576171875 193.50877380371094 0.6825311 1.8978466 0.63977623 18.715849 0.7234994 25.699337 -1.1611915826797485 0.14327311515808105
Pedestrian 0.0 0 -0.005752086639404297 790.8220825195312 161.10272216796875 805.3974609375 190.6396484375 0.88097584 1.8407586 0.6705689 11.8004265 1.10877 45.397232 0.24855709075927734 0.12084495276212692
Pedestrian 0.0 0 -1.5659176111221313 733.8590087890625 156.67404174804688 747.37744140625 191.4261474609375 0.5054368 1.9041104 0.7299927 7.1784987 1.0179485 39.84614 -1.38767409324646 0.11937851458787918
Pedestrian 0.0 0 2.0302677154541016 986.745361328125 178.05941772460938 1021.801025390625 238.05238342285156 0.663358 1.7849047 0.720408 11.992753 1.9477458 22.034046 2.5287110805511475 0.10667071491479874
Pedestrian 0.0 0 -0.7156273126602173 769.062744140625 155.0484619140625 784.2669067382812 184.3758544921875 0.79713213 1.9177483 0.5733138 10.968646 0.75378406 47.619694 -0.489237517118454 0.10155316442251205
Cyclist 0.0 0 -1.82706618309021 949.807861328125 177.95175170898438 971.0504150390625 221.67318725585938 1.6280329 1.6568629 0.34677666 13.723462 1.8635345 28.3668 -1.3764736652374268 0.26131337881088257
Cyclist 0.0 0 -0.32946550846099854 1100.068359375 170.41639709472656 1133.4736328125 197.7876434326172 1.7684138 1.8751175 0.68172294 35.077618 1.7084836 50.001205 0.2822902202606201 0.21429656445980072
Car 0.0 0 -1.960902452468872 972.1728515625 197.11683654785156 1242.0 375.0 3.7982213 1.4321358 1.6467307 3.8810902 1.674891 5.160456 -1.3160697221755981 0.9648301601409912
Car 0.0 0 -1.6776424646377563 849.3185424804688 185.0771026611328 909.4537353515625 231.2102813720703 4.092202 1.520235 1.6716708 9.992485 2.017159 27.121796 -1.3246440887451172 0.9299808740615845
Car 0.0 0 1.1730982065200806 1019.1558837890625 176.22413635253906 1070.9652099609375 201.39236450195312 4.1700244 1.7346658 1.7425956 31.552006 1.9904811 52.501877 1.714229941368103 0.15896035730838776
Car 0.0 0 2.3023664951324463 184.58135986328125 183.27670288085938 419.6896667480469 285.7707214355469 4.2098947 1.5500551 1.6782544 -5.593025 1.7801136 13.634378 1.9130853414535522 0.10407934337854385
