Pedestrian 0.0 0 1.4952679872512817 286.9351501464844 170.65118408203125 313.8822021484375 229.4851837158203 1.1051868 1.8425211 0.7142912 -10.028394 1.7738929 23.24909 1.0880348682403564 0.4495997428894043
Pedestrian 0.0 0 -3.5087404251098633 883.1322631835938 122.99327087402344 928.3345336914062 206.97406005859375 0.7463334 1.7781434 0.5703757 6.3218546 0.72278905 15.566618 -3.1229727268218994 0.157094806432724
Pedestrian 0.0 0 -1.96342933177948 756.793701171875 173.7849884033203 777.4075927734375 213.8557586669922 0.7638215 1.6792177 0.6097412 6.63584 1.719726 30.684467 -1.7504485845565796 0.1570127010345459
Pedestrian 0.0 0 -1.1161718368530273 203.3811798095703 181.54026794433594 248.15565490722656 244.80859375 0.90422624 1.6508454 0.7432854 -10.374989 1.8905915 19.417145 -1.6068978309631348 0.12336675822734833
Pedestrian 0.0 0 -3.715700149536133 1175.2935791015625 139.80491638183594 1242.0 302.0650939941406 0.6726399 1.7873226 0.5752092 6.983152 1.4236395 8.272982 -3.014646291732788 0.11599826067686081
Pedestrian 0.0 0 -0.4213181138038635 856.677978515625 166.5269317626953 895.323974609375 233.66566467285156 0.75955 1.7085124 0.5992185 6.833404 1.5478624 18.684267 -0.07069893181324005 0.10667573660612106
Pedestrian 0.0 0 -3.034802198410034 789.0103149414062 159.0896453857422 815.6686401367188 216.0849151611328 0.78278005 1.8255126 0.58618236 6.2277355 1.3850094 23.521183 -2.775970220565796 0.10603196918964386
Pedestrian 0.0 0 0.4646519720554352 99.25975799560547 151.58607482910156 131.22608947753906 193.26931762695312 0.94156563 1.7849276 0.67457587 -21.491259 0.87456715 31.292875 -0.13714495301246643 0.10313159972429276
Cyclist 0.0 0 1.4952679872512817 286.9351501464844 170.65118408203125 313.8822021484375 229.4851837158203 1.1051868 1.8425211 0.7142912 -10.028394 1.7738929 23.24909 1.0880348682403564 0.18180716037750244
Car 0.0 0 1.687020182609558 542.967041015625 175.26268005371094 580.8314208984375 203.09024047851562 4.3142724 1.4640094 1.6337622 -2.6819105 1.6070144 40.53282 1.6209501028060913 0.8864253163337708
Car 0.0 0 1.7328850030899048 606.28271484375 178.8230438232422 636.5452270507812 201.12118530273438 4.027239 1.5075967 1.5542363 0.8337931 1.9559821 52.03526 1.748907208442688 0.2575511634349823
Car 0.0 0 1.883841633796692 207.93087768554688 180.76219177246094 246.5391845703125 201.3485107421875 3.9501228 1.5377733 1.5831743 -30.51447 2.1920457 57.577576 1.396505355834961 0.15321902930736542
