Pedestrian 0.0 0 -1.5525827407836914 786.6287841796875 180.2136993408203 803.4616088867188 225.93093872070312 0.85824406 1.5995284 0.57116985 6.600084 1.8689736 25.888966 -1.302961826324463 0.24528391659259796
Pedestrian 0.0 0 -0.42176342010498047 910.2386474609375 158.0552215576172 933.5604248046875 194.91287231445312 0.8613532 1.776679 0.6226866 15.128728 1.0636793 35.0958 -0.014763128012418747 0.24334995448589325
Cyclist 0.0 0 -1.5690544843673706 786.4586181640625 180.03489685058594 803.326171875 226.33412170410156 0.95806485 1.618176 0.5763727 6.596808 1.8818233 25.917015 -1.319811463356018 0.25279101729393005
Cyclist 0.0 0 -0.42176342010498047 910.2386474609375 158.0552215576172 933.5604248046875 194.91287231445312 0.8613532 1.776679 0.6226866 15.128728 1.0636793 35.0958 -0.014763128012418747 0.1192183569073677
Car 0.0 0 1.958518385887146 203.54566955566406 181.14735412597656 343.9253234863281 256.94866943359375 4.567969 1.724386 1.773194 -8.789002 1.9725307 19.236904 1.5299558639526367 0.9472087025642395
Car 0.0 0 1.6548140048980713 448.8564758300781 184.12533569335938 478.58941650390625 208.2569580078125 3.9300792 1.5241704 1.6782322 -10.029699 2.33034 49.53278 1.4550291299819946 0.7873001098632812
Car 0.0 0 1.7429242134094238 395.6290588378906 186.48658752441406 443.55609130859375 220.25830078125 4.2386127 1.5369881 1.6600283 -9.671307 2.2735224 36.77906 1.4857884645462036 0.7212059497833252
Car 0.0 0 -2.2772648334503174 993.8374633789062 30.57588768005371 1242.0 375.0 3.8798444 2.0031097 1.538587 4.804871 1.258007 5.7238364 -1.578927993774414 0.41903257369995117
Car 0.0 0 1.4511914253234863 1048.166748046875 163.0530548095703 1183.074951171875 259.544921875 3.6091561 1.4529545 1.4982201 8.743665 1.3057318 12.808701 2.0501675605773926 0.3447798788547516
Car 0.0 0 1.5069342851638794 511.3818054199219 176.34230041503906 534.1652221679688 195.73582458496094 3.7079399 1.5118932 1.6088772 -7.17423 1.8066714 58.926476 1.3857816457748413 0.21330134570598602
Car 0.0 0 -2.4370973110198975 291.21722412109375 166.9284210205078 358.0305480957031 191.37509155273438 4.341593 1.680399 1.6843871 -20.231577 1.2734482 51.08946 -2.8141531944274902 0.18952089548110962
Car 0.0 0 1.8182259798049927 408.27911376953125 179.783203125 447.4290466308594 203.97610473632812 4.1872725 1.5761738 1.6723807 -12.670685 2.0797148 50.299404 1.5714548826217651 0.18022069334983826
