Pedestrian 0.0 0 -1.2039587497711182 900.7979125976562 155.50648498535156 922.2899780273438 200.82186889648438 0.5177793 1.9669893 0.7363299 13.232051 1.2143497 31.75822 -0.8091821074485779 0.2774199843406677
Pedestrian 0.0 0 1.9530699253082275 253.9529266357422 148.02081298828125 299.94342041015625 216.32383728027344 1.3161386 1.7950597 0.69773674 -9.090833 1.1427811 19.634958 1.519464373588562 0.1303171068429947
Pedestrian 0.0 0 -2.3066935539245605 525.9007568359375 163.46969604492188 547.0533447265625 204.9950714111328 0.64574695 1.8283001 0.6837217 -3.3246017 1.4154816 32.235565 -2.4094648361206055 0.11812945455312729
Cyclist 0.0 0 -2.8472988605499268 549.8348999023438 164.64013671875 583.7901611328125 203.32522583007812 1.458589 1.7856299 0.6622581 -2.058431 1.4068516 33.79293 -2.9081368446350098 0.12939763069152832
Car 0.0 0 -1.3311512470245361 362.2132568359375 173.68296813964844 550.5919799804688 312.856689453125 4.369859 1.6633083 1.7153904 -2.088883 1.6787162 10.872015 -1.5209718942642212 0.9612859487533569
Car 0.0 0 -1.693390965461731 890.24169921875 187.22421264648438 1132.1212158203125 375.0 3.5615025 1.4362303 1.6057781 3.7246797 1.6224616 7.3827705 -1.2261420488357544 0.9537678956985474
Car 0.0 0 1.9685795307159424 137.74850463867188 185.26234436035156 375.5968017578125 306.4317932128906 4.455475 1.4551935 1.7018772 -5.2553735 1.69011 11.380685 1.5359725952148438 0.9534522294998169
Car 0.0 0 -1.30023193359375 901.68994140625 175.89378356933594 1084.6546630859375 287.7734680175781 4.1753035 1.5451037 1.6523627 6.5227146 1.6054419 12.154774 -0.807705283164978 0.7796002626419067
Car 0.0 0 1.5369644165039062 488.7826232910156 194.71160888671875 536.2110595703125 241.6240997314453 4.0007324 1.4585534 1.5743926 -3.6851501 2.3254921 26.498219 1.3987791538238525 0.14207866787910461
Car 0.0 0 1.5534615516662598 390.2633361816406 185.82046508789062 469.0492248535156 258.9593505859375 4.1531425 1.4955595 1.6704454 -4.525452 1.855133 17.763035 1.3040004968643188 0.12369303405284882
