Pedestrian 0.0 0 2.23831844329834 171.06008911132812 149.8524627685547 243.37054443359375 281.3979797363281 0.6850977 1.8308289 0.6229637 -5.8606625 1.5110551 10.426135 1.7262232303619385 0.398903489112854
Pedestrian 0.0 0 1.940674066543579 508.1064758300781 180.69558715820312 528.0751342773438 220.465576171875 0.7802651 1.8363496 0.69835865 -4.3610053 2.2108214 33.95858 1.8129518032073975 0.2763027548789978
Pedestrian 0.0 0 -2.1035099029541016 1001.446533203125 139.74729919433594 1133.258544921875 361.9498291015625 0.63326234 1.723991 0.6847483 3.6680324 1.4674858 5.919507 -1.548765778541565 0.2648373246192932
Pedestrian 0.0 0 2.2090578079223633 888.4038696289062 170.79342651367188 988.3743286132812 339.82666015625 0.6021127 1.8086703 0.84620315 3.6786585 1.7869799 8.234131 2.629211902618408 0.18545566499233246
Pedestrian 0.0 0 1.248610258102417 847.4239501953125 122.40493774414062 929.4501953125 268.7199401855469 1.1070493 1.8608729 0.7126252 3.673852 1.2196062 9.740785 1.6092748641967773 0.15613488852977753
Pedestrian 0.0 0 -2.6132872104644775 666.32275390625 169.19802856445312 682.315673828125 198.03184509277344 0.8334105 1.8433195 0.61404765 4.124405 1.6099547 46.61593 -2.525040626525879 0.15224780142307281
Pedestrian 0.0 0 -3.457611560821533 910.1520385742188 160.33631896972656 1024.5244140625 360.19671630859375 0.8194959 1.8183326 0.654607 3.3531687 1.7048044 6.940932 -3.0075745582580566 0.1494871973991394
Pedestrian 0.0 0 -2.2590742111206055 1068.804443359375 138.92367553710938 1242.0 375.0 0.78175825 1.7165843 0.6134512 3.6940093 1.5004588 5.0073223 -1.6234776973724365 0.11462698131799698
Pedestrian 0.0 0 0.15667980909347534 527.1806030273438 188.61679077148438 546.2687377929688 221.36500549316406 0.9665046 1.7670074 0.5527661 -4.046416 2.6374528 39.522953 0.05465388298034668 0.11244114488363266
Cyclist 0.0 0 2.436569929122925 429.4915466308594 138.78677368164062 483.6435546875 196.39276123046875 1.7837589 1.7823856 0.5333845 -4.957533 0.72867024 23.192041 2.2259790897369385 0.11824192106723785
Car 0.0 0 1.8274341821670532 339.0540771484375 178.37954711914062 473.56365966796875 280.41485595703125 3.5073874 1.6514982 1.5866541 -3.7354789 1.7697418 13.628824 1.5599173307418823 0.9701420664787292
Car 0.0 0 1.6574956178665161 634.990478515625 190.92112731933594 657.7962036132812 212.06222534179688 3.8477087 1.5550902 1.521745 2.956017 3.0710926 58.516945 1.7079682350158691 0.554277241230011
Car 0.0 0 -1.5899525880813599 654.3077392578125 183.45947265625 691.344482421875 224.7966766357422 3.6934514 1.7174879 1.5856738 2.7775655 2.2284644 32.842438 -1.5055809020996094 0.23310205340385437
Car 0.0 0 1.4671374559402466 656.0892944335938 173.61814880371094 681.6131591796875 195.63565063476562 3.7129793 1.5821369 1.5165209 4.3329034 1.6415107 53.849342 1.5474278926849365 0.12522061169147491
