Pedestrian 0.0 0 -2.8237197399139404 485.0181884765625 173.68157958984375 527.0131225585938 248.2544403076172 0.7106479 1.5884234 0.7602655 -2.3200994 1.607419 15.811273 -2.969417095184326 0.6729229688644409
Pedestrian 0.0 0 2.70900297164917 338.64404296875 183.68753051757812 368.9029846191406 214.89309692382812 1.4720627 1.7014773 0.6402778 -14.447138 2.3226113 40.59879 2.3671247959136963 0.17547261714935303
Pedestrian 0.0 0 1.5641430616378784 426.74072265625 148.3800506591797 485.28564453125 296.39190673828125 0.87557364 1.7699689 0.69088566 -2.0059528 1.4776603 9.128943 1.3478450775146484 0.14395098388195038
Pedestrian 0.0 0 2.1253862380981445 436.5050048828125 156.8885498046875 448.9441223144531 191.85768127441406 0.4317196 1.9459414 0.53175795 -9.40971 1.0578632 40.438587 1.8967633247375488 0.1398112177848816
Cyclist 0.0 0 2.8297863006591797 336.8619384765625 183.1953125 370.062744140625 214.83163452148438 1.6449645 1.7248288 0.6323137 -14.457655 2.3175764 40.578373 2.4875192642211914 0.3333742320537567
Cyclist 0.0 0 1.1444514989852905 916.1134643554688 164.84146118164062 952.483154296875 216.781494140625 1.5300035 1.6734216 0.5138608 10.728464 1.4156288 24.010561 1.5646600723266602 0.1358231157064438
Car 0.0 0 2.5475125312805176 566.6866455078125 174.2707061767578 695.4242553710938 217.31185913085938 4.7100015 1.5014304 1.7226654 0.80067015 1.5592717 27.285936 2.576847791671753 0.8958842158317566
Car 0.0 0 2.212494373321533 340.0462341308594 181.67059326171875 472.0906982421875 240.88156127929688 4.0980034 1.5313385 1.6611559 -5.9845176 1.8217858 21.52703 1.9413410425186157 0.8957251310348511
Car 0.0 0 -0.2594287693500519 686.6458129882812 166.1626434326172 865.0847778320312 236.4644775390625 4.1898885 1.725747 1.7242161 4.1448736 1.5618477 18.656193 -0.04080820083618164 0.7745129466056824
Car 0.0 0 1.3983120918273926 917.4815673828125 173.75479125976562 989.3038330078125 221.00674438476562 3.6888554 1.4117945 1.4922373 11.092333 1.444094 23.606585 1.8375771045684814 0.15110547840595245
Car 0.0 0 -0.6094082593917847 1166.4412841796875 114.04241943359375 1242.0 348.2664489746094 4.0428643 1.4907403 1.6038798 7.254037 1.1167866 5.9143667 0.2773747444152832 0.1382829248905182
