Pedestrian 0.0 0 -2.105268716812134 789.3372192382812 152.8885040283203 835.5286254882812 232.33810424804688 0.7506651 1.7429198 0.7162033 4.7167015 1.1164789 16.208397 -1.8220857381820679 0.6834787130355835
Pedestrian 0.0 0 2.2465269565582275 593.37841796875 159.25851440429688 612.919921875 196.457275390625 0.9227654 1.8994094 0.5584817 0.08572437 0.7646012 37.210854 2.248830795288086 0.47543686628341675
Pedestrian 0.0 0 2.1138863563537598 582.7112426757812 160.10736083984375 599.8731079101562 195.6396484375 0.8833184 1.8559983 0.52901417 -0.53849584 0.73942417 38.03377 2.099729061126709 0.4418189525604248
Pedestrian 0.0 0 1.7791231870651245 510.7014465332031 167.73898315429688 528.1067504882812 210.239013671875 0.6730727 1.7657343 0.602128 -3.461674 1.1949927 30.205185 1.665015697479248 0.38881731033325195
Pedestrian 0.0 0 0.9405662417411804 659.705078125 158.82254028320312 675.0150146484375 188.8125 0.93683195 1.9131564 0.5337308 4.2599506 0.4671991 46.361298 1.0321948528289795 0.36306825280189514
Pedestrian 0.0 0 -3.4630539417266846 968.3504638671875 155.9301300048828 1048.6395263671875 318.0144348144531 0.6027745 1.749309 0.68445945 4.545785 1.4747019 8.142537 -2.953878879547119 0.2889459729194641
Pedestrian 0.0 0 0.5820077657699585 374.1018371582031 158.94158935546875 410.5345764160156 231.31092834472656 0.61999375 1.7443213 0.62784183 -5.1828375 1.2017903 17.702385 0.2971913814544678 0.2787344753742218
Pedestrian 0.0 0 -0.9878334999084473 920.423095703125 164.1177520751953 981.25048828125 248.2494354248047 1.2221755 1.789199 0.6427041 7.6818123 1.4207666 15.862639 -0.536848247051239 0.2662704288959503
Pedestrian 0.0 0 1.7401963472366333 527.0391845703125 168.5517120361328 546.3530883789062 214.57861328125 0.7884283 1.7658052 0.62662184 -2.5354106 1.2700708 27.973763 1.6498080492019653 0.2481265813112259
Pedestrian 0.0 0 -2.9226009845733643 523.6242065429688 152.5861358642578 555.033203125 210.81808471679688 0.8890336 1.8111422 0.5569794 -1.9825532 0.9129671 22.673668 -3.0098178386688232 0.24030934274196625
Pedestrian 0.0 0 -2.1165220737457275 1132.6181640625 142.5480194091797 1238.0 312.3524475097656 0.7560782 1.786262 0.6028743 6.402237 1.3778667 7.9681354 -1.4396628141403198 0.2126239836215973
Pedestrian 0.0 0 1.359426736831665 462.8353576660156 191.72018432617188 494.40423583984375 261.2082824707031 0.7130744 1.6480998 0.6256009 -3.0507202 1.9062886 17.613735 1.1879268884658813 0.1965465545654297
Pedestrian 0.0 0 0.021579764783382416 542.7161865234375 171.69830322265625 555.4347534179688 207.13613891601562 0.65214944 1.8424344 0.6962624 -2.750397 1.3336934 37.708427 -0.05122982710599899 0.18109597265720367
Pedestrian 0.0 0 -0.7957499623298645 138.9416046142578 135.72607421875 200.88034057617188 249.55313110351562 0.49791485 1.7166736 0.6663524 -6.7358785 1.0276432 11.149682 -1.3392020463943481 0.1755533516407013
Car 0.0 0 1.6955187320709229 609.9990234375 166.812744140625 658.219970703125 202.32272338867188 4.1497335 1.4264024 1.5764397 1.4611342 0.83742857 31.031296 1.7425698041915894 0.8533546924591064
Car 0.0 0 -1.5624278783798218 563.05419921875 173.24942016601562 589.3335571289062 197.12344360351562 3.562877 1.4158583 1.5584142 -1.5419192 0.92732024 44.399906 -1.5971418619155884 0.23084281384944916
Car 0.0 0 -1.3864730596542358 780.463623046875 158.9159393310547 1117.6405029296875 374.0 3.6938047 1.4230402 1.5423137 2.7893536 1.3155781 5.3918943 -0.9090628623962402 0.21808063983917236
Car 0.0 0 -2.1206564903259277 310.7049865722656 175.63888549804688 415.92950439453125 227.615234375 3.3282044 1.5211347 1.6598729 -7.592649 1.3507364 22.725811 -2.4430952072143555 0.18408626317977905
