Pedestrian 0.0 0 -2.5617666244506836 434.9953308105469 161.29302978515625 456.0641174316406 198.98846435546875 0.71345395 1.7714883 0.69683427 -7.8678665 1.2285414 34.35639 -2.7868919372558594 0.29434970021247864
Pedestrian 0.0 0 2.1986794471740723 1131.3328857421875 180.8387451171875 1171.7679443359375 245.03436279296875 0.7067412 1.7392138 0.5968166 14.984466 1.965595 20.032063 2.840914726257324 0.19293220341205597
Car 0.0 0 1.951331377029419 212.46270751953125 190.7806854248047 311.2929992675781 245.83197021484375 3.3400924 1.4463191 1.5544528 -10.443485 2.0308127 21.790411 1.5044050216674805 0.93113774061203
Car 0.0 0 2.216965913772583 0.0 206.72149658203125 60.87129211425781 362.58447265625 3.9503555 1.4952726 1.6150717 -9.688594 2.0562782 9.878768 1.4412864446640015 0.5716657638549805
Car 0.0 0 1.5825526714324951 453.64056396484375 177.20367431640625 481.1199645996094 203.02711486816406 3.7592556 1.5017397 1.5985385 -8.82963 1.7831392 44.623318 1.387205719947815 0.33390381932258606
Car 0.0 0 0.4467673599720001 119.42337036132812 165.6599578857422 228.29049682617188 199.26190185546875 4.3547044 1.6292392 1.6817197 -21.738214 1.2807837 36.028027 -0.09612604230642319 0.2574765682220459
Car 0.0 0 3.360783576965332 370.9300537109375 159.068603515625 462.4139099121094 194.75357055664062 3.996594 1.6773647 1.6874484 -9.315534 1.029743 34.840027 3.099515199661255 0.20776453614234924
Car 0.0 0 -2.798156976699829 335.83465576171875 179.2510223388672 420.92327880859375 209.72671508789062 3.934615 1.5527183 1.6887801 -12.205874 1.8984995 38.04961 -3.108574867248535 0.20362110435962677
Car 0.0 0 1.7203844785690308 867.4222412109375 172.40614318847656 906.0621337890625 199.63931274414062 3.8869777 1.508258 1.5408816 16.121939 1.4838119 42.028885 2.0866663455963135 0.16794730722904205
Car 0.0 0 1.0562301874160767 806.5068969726562 180.1728057861328 901.1976318359375 223.7005157470703 4.170159 1.4700762 1.5204718 9.058104 1.7695742 27.2959 1.3766437768936157 0.16419441998004913
