Pedestrian 0.0 0 2.504700183868408 966.7557983398438 131.13966369628906 1082.68408203125 300.1772155761719 0.9201484 1.7629491 0.58494544 4.5091314 1.2498449 7.709285 3.033939838409424 0.5185109972953796
Pedestrian 0.0 0 -1.8677383661270142 836.239013671875 172.1666259765625 870.546875 238.62969970703125 0.8898896 1.6366493 0.5802594 6.2284803 1.4330376 17.86187 -1.5322198867797852 0.4137110114097595
Pedestrian 0.0 0 2.263759136199951 1015.2471313476562 161.40582275390625 1076.3492431640625 268.4405212402344 0.6493641 1.7102401 0.5734815 7.2244782 1.4068009 11.66758 2.818171501159668 0.21873025596141815
Pedestrian 0.0 0 0.8950336575508118 442.49761962890625 151.61280822753906 500.15399169921875 242.59719848632812 0.9817917 1.8462962 0.7470751 -2.868934 1.2617302 14.945438 0.7053802013397217 0.20561136305332184
Pedestrian 0.0 0 1.2481422424316406 768.3471069335938 143.60430908203125 822.390869140625 247.5494384765625 0.74839133 1.7598398 0.7091055 3.271876 1.1368268 12.361773 1.5068860054016113 0.14832736551761627
Pedestrian 0.0 0 1.0000407695770264 834.64013671875 129.63919067382812 893.5159912109375 233.10662841796875 0.7148785 1.7778196 0.7077255 4.5526443 0.90555507 12.570753 1.3475086688995361 0.1237124428153038
Pedestrian 0.0 0 3.3024282455444336 262.8537902832031 168.20901489257812 298.3293151855469 259.3880615234375 0.53216416 1.7138846 0.6228179 -6.301658 1.484488 13.656717 2.870107412338257 0.1059580147266388
Pedestrian 0.0 0 2.8612353801727295 634.1997680664062 167.6279754638672 697.3002319335938 271.0445556640625 1.0280123 1.8433708 0.6010412 1.0646826 1.6155732 12.993998 2.9429893493652344 0.10144563764333725
Cyclist 0.0 0 2.1140799522399902 95.96968841552734 170.51287841796875 179.59654235839844 265.3038635253906 1.6853969 1.6950467 0.53984964 -8.910838 1.5180993 13.491349 1.5303689241409302 0.1569059193134308
Cyclist 0.0 0 -1.8722069263458252 835.5153198242188 172.1859588623047 869.7731323242188 238.523681640625 0.8707572 1.6394517 0.5846399 6.228053 1.4355773 17.913675 -1.5376089811325073 0.1414063423871994
Cyclist 0.0 0 2.281442642211914 1008.8511962890625 158.23716735839844 1084.4742431640625 270.2948303222656 0.9596605 1.7822726 0.57084405 7.2324862 1.4298382 11.656885 2.836761474609375 0.13882283866405487
Car 0.0 0 0.9065821766853333 0.0 136.4558868408203 140.88827514648438 273.9914245605469 4.531893 1.8423423 1.7847817 -9.80052 1.2540257 10.720761 0.16599726676940918 0.19050359725952148
