Pedestrian 0.0 0 -1.7722382545471191 760.2142333984375 153.8961944580078 787.9885864257812 223.56829833984375 0.8577303 1.8015851 0.55363333 4.2855396 1.3117311 19.088972 -1.5513964891433716 0.791959822177887
Pedestrian 0.0 0 -2.552795648574829 661.0936279296875 170.08399963378906 674.8016357421875 196.9325408935547 0.61895925 1.7644488 0.706529 3.8161175 1.5827658 47.884754 -2.4732699394226074 0.25917568802833557
Pedestrian 0.0 0 0.5050554275512695 209.45130920410156 139.49830627441406 267.3729248046875 219.57794189453125 0.9563567 1.8340884 0.7678447 -8.749721 1.0704908 16.919918 0.027801513671875 0.2366778701543808
Cyclist 0.0 0 1.9292595386505127 337.65203857421875 168.27886962890625 424.0391845703125 308.9631042480469 1.856395 1.8081478 0.55031544 -3.2430265 1.7497038 10.211845 1.6217578649520874 0.9530577063560486
Cyclist 0.0 0 1.7555818557739258 215.00799560546875 139.03074645996094 260.4686279296875 219.50025939941406 1.0835463 1.8188452 0.76434296 -8.768433 1.0546991 16.935162 1.2778234481811523 0.14050546288490295
Car 0.0 0 1.8078747987747192 461.7749328613281 181.0801544189453 527.0360717773438 222.0018310546875 4.2196383 1.4991573 1.684923 -4.672041 1.8603133 29.473503 1.6506662368774414 0.9480773210525513
Car 0.0 0 2.000532388687134 111.01828002929688 188.68202209472656 375.5111999511719 323.3520202636719 4.520652 1.4924648 1.7144982 -5.1272416 1.779616 10.799328 1.5572682619094849 0.9351860880851746
Car 0.0 0 -1.5226441621780396 661.6968994140625 174.96717834472656 704.6931762695312 212.80421447753906 3.8155231 1.5300725 1.6814312 3.1985826 1.6283263 31.411644 -1.4211660623550415 0.7810326218605042
Car 0.0 0 -1.3536827564239502 678.9608154296875 171.54989624023438 722.0625 201.4637451171875 4.144461 1.6332365 1.6124185 5.2363567 1.562393 41.614395 -1.2285102605819702 0.31084129214286804
Car 0.0 0 -0.4568573236465454 733.7527465820312 173.72438049316406 811.6741333007812 201.9403076171875 3.7435815 1.4688733 1.670892 8.71373 1.5176519 38.88706 -0.23642073571681976 0.2281043827533722
