Pedestrian 0.0 0 -1.4559595584869385 766.2141723632812 162.3271942138672 777.332275390625 188.0050048828125 0.9726388 1.8661225 0.6885761 12.535212 0.4733509 52.776638 -1.2227661609649658 0.24145109951496124
Pedestrian 0.0 0 -0.2821962237358093 925.2721557617188 130.70101928710938 1056.355224609375 337.7140808105469 0.96342134 1.8155843 0.4922477 3.5177805 1.3714402 6.6365776 0.20520877838134766 0.23615337908267975
Pedestrian 0.0 0 2.6818923950195312 821.5118408203125 112.46598052978516 929.8742065429688 285.41400146484375 0.9245979 1.700545 0.4629554 2.739762 1.0231241 7.3380594 3.0392274856567383 0.1924828588962555
Cyclist 0.0 0 -1.4595098495483398 766.2405395507812 162.56729125976562 777.003662109375 188.11700439453125 0.9432681 1.8603688 0.6707336 12.543627 0.48240954 52.85916 -1.2265167236328125 0.10308163613080978
Car 0.0 0 -1.389106273651123 559.8540649414062 169.21788024902344 597.57958984375 195.85304260253906 3.726086 1.5098135 1.5946182 -1.3022397 0.8143996 42.678062 -1.4196099042892456 0.9001561403274536
Car 0.0 0 0.11099180579185486 10.167839050292969 183.0301055908203 216.48876953125 243.339599609375 4.457632 1.4769982 1.6993983 -12.999899 1.5233718 19.458906 -0.47798123955726624 0.7833183407783508
Car 0.0 0 -0.7073670029640198 382.424072265625 173.64047241210938 500.30877685546875 219.9895477294922 3.8599682 1.4632144 1.5711449 -5.438245 1.216198 24.688486 -0.9241791367530823 0.6849070191383362
Car 0.0 0 2.1458122730255127 325.8529052734375 179.64938354492188 397.5426940917969 208.5349884033203 4.1718554 1.4494617 1.6129293 -12.684863 1.3574754 38.26486 1.8257112503051758 0.529938280582428
Car 0.0 0 3.17513108253479 133.88409423828125 169.26148986816406 238.93731689453125 204.19154357910156 4.026565 1.498396 1.6374476 -18.677612 0.9743661 32.479416 2.6532516479492188 0.2593468129634857
Car 0.0 0 0.047459185123443604 0.0 152.79443359375 118.32108306884766 192.12818908691406 3.9222543 1.5501972 1.6440119 -22.62282 0.41987985 30.090488 -0.5972097516059875 0.17013348639011383
Car 0.0 0 1.7709354162216187 372.29510498046875 166.79757690429688 425.517333984375 202.3294219970703 3.6342027 1.4404398 1.5176085 -8.682422 0.8454075 30.985903 1.4977360963821411 0.1679554134607315
