Pedestrian 0.0 0 -1.552146315574646 431.49456787109375 172.48312377929688 454.8070373535156 235.11448669433594 0.9236588 1.9386675 0.70454407 -5.3234286 1.9275454 22.856619 -1.7809723615646362 0.5640918612480164
Pedestrian 0.0 0 -0.5233837366104126 993.1869506835938 156.32823181152344 1125.99755859375 338.68316650390625 0.9613182 1.793258 0.65615416 4.546635 1.6311034 7.433038 0.025579214096069336 0.2862098217010498
Pedestrian 0.0 0 -0.9972965717315674 242.26585388183594 174.35940551757812 283.90863037109375 241.8466033935547 1.0408695 1.7743119 0.53954273 -9.430813 1.8165941 19.541578 -1.4469294548034668 0.2506283223628998
Pedestrian 0.0 0 0.2459322214126587 257.0090026855469 174.93890380859375 306.8140869140625 292.51080322265625 0.6045867 1.8533695 0.63203317 -5.384225 1.8887454 11.750272 -0.18373748660087585 0.21979577839374542
Car 0.0 0 -1.3762534856796265 426.39996337890625 184.66981506347656 530.8419799804688 262.25665283203125 3.9145064 1.4904666 1.5973682 -2.9017422 1.7922571 16.431696 -1.551045536994934 0.9612394571304321
Car 0.0 0 1.925434947013855 161.5025634765625 173.33905029296875 466.0936279296875 361.0574645996094 4.439119 1.6354443 1.752126 -3.0864785 1.643028 8.520681 1.5779032707214355 0.9406846165657043
Car 0.0 0 1.4969747066497803 637.7619018554688 178.4194793701172 680.8670654296875 212.824462890625 4.2416697 1.4571288 1.6657952 2.1784728 1.7313352 33.372414 1.5621598958969116 0.8762322664260864
Car 0.0 0 1.6790835857391357 554.0799560546875 172.2873992919922 584.5974731445312 195.4004364013672 4.4188976 1.5938395 1.7299734 -2.9132123 1.5551246 52.005047 1.6231242418289185 0.7471306324005127
Car 0.0 0 -1.512424349784851 635.0097045898438 165.74537658691406 662.0081787109375 190.3897247314453 4.315628 1.6859266 1.6807436 2.7638881 1.1999816 51.59601 -1.4589076042175293 0.2555643916130066
Car 0.0 0 0.7259404063224792 1078.8868408203125 59.960411071777344 1242.0 375.0 4.247716 1.5328315 1.6030848 5.386791 1.0900364 4.968338 1.5517268180847168 0.2395409196615219
Car 0.0 0 1.8007749319076538 569.1236572265625 172.6908721923828 601.013671875 195.17625427246094 4.478448 1.8199745 1.709164 -2.0774615 1.8071287 60.761486 1.766597867012024 0.22459663450717926
