Pedestrian 0.0 0 -1.8113031387329102 692.2156372070312 157.82476806640625 712.408203125 198.84776306152344 0.9316986 1.9316801 0.75557536 4.3668313 1.2243451 34.478806 -1.68532133102417 0.6594539880752563
Pedestrian 0.0 0 1.2288954257965088 723.218505859375 132.89529418945312 759.3639526367188 216.85218811035156 0.61460066 1.7154369 0.56901544 2.6892216 0.8993443 15.089951 1.4052566289901733 0.2749815285205841
Pedestrian 0.0 0 -2.8040544986724854 625.3198852539062 170.66006469726562 635.6348266601562 193.31884765625 0.6011041 1.7624422 0.72985655 1.581861 1.5921522 56.56807 -2.7760980129241943 0.20233385264873505
Pedestrian 0.0 0 3.1141583919525146 435.0472106933594 159.0561981201172 448.97576904296875 197.86087036132812 0.63887864 1.8516874 0.5161001 -8.133374 1.1936398 34.758556 2.8842978477478027 0.19939643144607544
Pedestrian 0.0 0 1.4793598651885986 527.1853637695312 170.01048278808594 549.0855102539062 217.2746124267578 1.8392485 1.7126497 0.6489037 -2.7561984 1.6099707 27.10744 1.3780312538146973 0.19682838022708893
Pedestrian 0.0 0 1.7008204460144043 540.1962890625 171.08558654785156 552.8209838867188 202.46743774414062 1.7126328 1.7510571 0.5011071 -3.6462593 1.65274 41.123913 1.6123864650726318 0.1393832266330719
Cyclist 0.0 0 1.7438011169433594 503.8656921386719 171.3193817138672 529.827392578125 219.19122314453125 1.8157377 1.6978022 0.645933 -3.450249 1.6437337 26.508078 1.614370346069336 0.6701651811599731
Cyclist 0.0 0 1.5223572254180908 527.5486450195312 170.77891540527344 547.6049194335938 218.02745056152344 1.8672026 1.7068666 0.65334946 -2.7693589 1.6322615 27.03504 1.4202773571014404 0.5707162022590637
Cyclist 0.0 0 1.7247694730758667 540.0447387695312 171.09002685546875 553.4552001953125 202.52859497070312 1.7351519 1.7558017 0.5043848 -3.6365798 1.657644 41.176456 1.636681079864502 0.46144700050354004
Car 0.0 0 1.9073123931884766 257.9692077636719 179.8512420654297 419.9048767089844 279.6842041015625 3.9910033 1.5842386 1.626002 -4.9867344 1.7372473 13.733261 1.5590031147003174 0.9730232954025269
Car 0.0 0 -1.8337162733078003 721.3191528320312 173.1853485107422 904.0984497070312 304.0999755859375 3.435584 1.5202397 1.5539452 2.5721211 1.5260369 10.113229 -1.5846643447875977 0.9668029546737671
Car 0.0 0 1.832607626914978 447.8163757324219 180.16798400878906 517.3283081054688 218.98233032226562 4.633146 1.4239655 1.6743582 -5.1882 1.750037 29.747576 1.6599369049072266 0.8458967804908752
Car 0.0 0 -1.425744652748108 636.5439453125 174.20872497558594 668.0265502929688 198.37344360351562 3.8428082 1.6063902 1.6519139 2.9527547 1.7049298 50.241203 -1.3670406341552734 0.3610520660877228
Car 0.0 0 -3.624504804611206 882.1943969726562 179.23605346679688 1189.48193359375 278.9493408203125 3.941539 1.4528266 1.5529056 6.534358 1.562081 11.463549 -3.1064274311065674 0.24671581387519836
