Pedestrian 0.0 0 2.553727865219116 989.4174194335938 119.24708557128906 1062.885498046875 247.15762329101562 0.78732044 1.7282947 0.39154544 5.762949 0.9023318 9.765504 3.0868608951568604 0.6071241497993469
Pedestrian 0.0 0 0.03142651915550232 508.9431457519531 164.5495147705078 519.1046752929688 186.77403259277344 0.85116047 1.9032733 0.5587084 -7.811177 0.5384927 60.864574 -0.09621277451515198 0.4784366488456726
Pedestrian 0.0 0 -2.942049026489258 988.1414794921875 148.6717987060547 1027.218505859375 223.2412567138672 0.76781625 1.8638875 0.6043563 10.300917 1.0699261 18.147892 -2.4257867336273193 0.4723828136920929
Pedestrian 0.0 0 -0.014566779136657715 777.80615234375 156.09323120117188 798.2128295898438 187.98440551757812 1.1240567 1.8109043 0.49932137 10.475908 0.42637825 40.519344 0.2384340763092041 0.22723980247974396
Pedestrian 0.0 0 2.5474343299865723 119.66989135742188 191.7748565673828 167.8056640625 274.5993347167969 0.61368304 1.6535565 0.58082354 -9.572557 1.894594 14.613731 1.9675253629684448 0.21293938159942627
Pedestrian 0.0 0 -1.3073179721832275 0.8280631899833679 163.50108337402344 18.65812110900879 196.480224609375 0.56883264 1.929049 0.6818012 -35.157833 0.9361053 41.754322 -2.0071589946746826 0.20469623804092407
Cyclist 0.0 0 1.038185715675354 875.7513427734375 156.09095764160156 907.068115234375 194.56167602539062 1.8131566 1.7732933 0.5252051 13.544984 0.6496232 33.521652 1.422192931175232 0.5729355216026306
Cyclist 0.0 0 -2.832354784011841 982.9893798828125 147.70684814453125 1029.883056640625 220.12904357910156 0.91214883 1.8118067 0.5997672 10.307408 0.99300563 18.221886 -2.3175673484802246 0.11167769134044647
Car 0.0 0 0.8650795817375183 525.7640380859375 172.62229919433594 617.6925659179688 210.59622192382812 3.8067749 1.4086411 1.5485195 -1.4038401 1.1179323 28.139336 0.8152320384979248 0.8370234370231628
Car 0.0 0 -0.8273210525512695 0.0 205.49668884277344 297.3226318359375 370.0 3.9502134 1.4452804 1.6065167 -3.1624177 1.6361489 3.3613336 -1.5822376012802124 0.8288379907608032
Car 0.0 0 2.185018539428711 0.0 190.81915283203125 68.11295318603516 288.4848327636719 3.931985 1.4989041 1.635312 -12.286898 1.7252265 13.335943 1.4405393600463867 0.64290452003479
Car 0.0 0 1.7922272682189941 88.91371154785156 181.23117065429688 131.54244995117188 204.16810607910156 4.053254 1.4994063 1.5460014 -33.888935 1.5531166 48.520798 1.1825480461120605 0.33937734365463257
