Pedestrian 0.0 0 2.882861614227295 161.65029907226562 186.05929565429688 191.08419799804688 231.86630249023438 0.80608666 1.6776737 0.6769375 -16.421242 2.1864285 27.251112 2.3405401706695557 0.3070491850376129
Pedestrian 0.0 0 -0.30900895595550537 56.630393981933594 172.6854248046875 115.3275146484375 275.2318115234375 0.655848 1.7039589 0.63508666 -9.08483 1.7015156 12.438777 -0.9398238658905029 0.17151276767253876
Pedestrian 0.0 0 -0.5704302787780762 634.0352172851562 171.835205078125 646.8019409179688 199.14334106445312 0.5781234 1.699268 0.58127624 1.8764322 1.6362305 45.292248 -0.5290245413780212 0.15724289417266846
Pedestrian 0.0 0 3.3284213542938232 438.7872009277344 166.81179809570312 450.8248291015625 194.6387481689453 0.6785067 1.8256702 0.5854381 -10.936229 1.4296113 47.64157 3.102778196334839 0.14845387637615204
Cyclist 0.0 0 2.8423008918762207 160.44886779785156 185.58355712890625 191.6666717529297 231.8168182373047 0.84493375 1.69166 0.68635494 -16.426193 2.1822546 27.241182 2.299685001373291 0.11734272539615631
Car 0.0 0 1.9060306549072266 287.1624755859375 176.92410278320312 352.5870056152344 210.4481658935547 4.123664 1.465357 1.6027495 -13.673075 1.6701424 34.14139 1.5251072645187378 0.5319017767906189
Car 0.0 0 -1.5988415479660034 580.9035034179688 167.03305053710938 603.7532348632812 187.70941162109375 3.8655937 1.5149363 1.6221727 -1.3993429 1.0887994 54.83708 -1.6243542432785034 0.36063164472579956
Car 0.0 0 -1.5091472864151 558.4774169921875 166.67637634277344 579.9085693359375 184.05471801757812 4.2160764 1.53801 1.7016344 -3.7192736 0.991638 65.96701 -1.565468430519104 0.2593047618865967
Car 0.0 0 0.2554251551628113 668.9275512695312 182.15597534179688 768.4320678710938 217.03184509277344 4.2501793 1.487024 1.6494894 4.9569874 1.9360275 33.204815 0.40361595153808594 0.1971331238746643
Car 0.0 0 1.302715539932251 656.3505249023438 175.3319549560547 704.101806640625 205.180908203125 3.7082708 1.4811232 1.5733126 3.6148117 1.6190337 38.08823 1.3973383903503418 0.11878381669521332
Car 0.0 0 -1.7755873203277588 689.4483032226562 178.4366912841797 772.4420166015625 235.11605834960938 4.0026817 1.5044849 1.641527 3.4595485 1.6876528 21.587727 -1.6166831254959106 0.11020292341709137
