Car 0.0 0 3.5211548805236816 111.12630462646484 190.23333740234375 386.8640441894531 276.67401123046875 4.245962 1.4324002 1.6806176 -6.543894 1.7785614 13.354766 3.0655357837677 0.9709986448287964
Car 0.0 0 -0.25060516595840454 704.7764282226562 185.31248474121094 805.7053833007812 223.78485107421875 3.9073203 1.5505769 1.6574992 6.072161 2.0957818 30.61769 -0.054823584854602814 0.9436542391777039
Car 0.0 0 -0.44502976536750793 795.9983520507812 190.22789001464844 963.5773315429688 253.14161682128906 3.7059898 1.4876431 1.6188725 6.824827 1.9589204 18.576609 -0.09294909238815308 0.9327535629272461
Car 0.0 0 -3.6410293579101562 845.797607421875 190.47238159179688 1208.259521484375 304.5831604003906 4.561954 1.5727156 1.7502911 6.143539 1.8659897 11.104692 -3.1357035636901855 0.926133394241333
Car 0.0 0 -0.34264490008354187 772.6458129882812 184.89419555664062 913.3732299804688 241.11129760742188 3.534486 1.527528 1.5918659 6.608489 1.8898091 20.828356 -0.03540826588869095 0.9220934510231018
Car 0.0 0 0.3457491397857666 221.20071411132812 189.94664001464844 446.9244689941406 264.63037109375 4.34821 1.5141261 1.5764159 -5.973878 1.9088336 15.8228 -0.01525413803756237 0.9055584669113159
Car 0.0 0 -0.6978908777236938 1069.830078125 200.6555633544922 1242.0 375.0 3.9603424 1.4860971 1.6000614 6.6797595 1.7789376 6.6077733 0.09292483329772949 0.8944497108459473
Car 0.0 0 0.3143414556980133 332.43310546875 184.24444580078125 491.3760070800781 242.28524780273438 4.0663843 1.549678 1.575323 -5.598275 1.8875327 20.492636 0.04766368865966797 0.8645951151847839
Car 0.0 0 -1.5328563451766968 643.6586303710938 186.57467651367188 672.9606323242188 212.16326904296875 4.299667 1.4393027 1.6710978 3.0355096 2.341445 45.19444 -1.4657914638519287 0.8244186639785767
Car 0.0 0 3.3109686374664307 372.58941650390625 178.5800018310547 492.0787048339844 225.07003784179688 3.8713653 1.5614295 1.5792685 -6.2187114 1.7705873 25.383589 3.070711374282837 0.7612656950950623
