Pedestrian 0.0 0 -1.7615431547164917 606.5536499023438 166.1411895751953 634.8668212890625 226.0785369873047 0.9259955 1.8239311 0.71667105 0.56536984 1.357671 22.372475 -1.73627769947052 0.8349410891532898
Pedestrian 0.0 0 -1.3885632753372192 708.1991577148438 168.10504150390625 738.6571044921875 240.28256225585938 0.67949045 1.7744465 0.6451673 3.04309 1.446328 18.086836 -1.221875548362732 0.7974265217781067
Pedestrian 0.0 0 -1.8802342414855957 652.7593383789062 177.15452575683594 682.151123046875 249.26351928710938 0.73146385 1.6539129 0.48615167 1.5105449 1.5554537 16.883322 -1.7910021543502808 0.7444751262664795
Pedestrian 0.0 0 0.6588335633277893 619.8518676757812 165.3891143798828 664.2700805664062 253.64076232910156 0.63933045 1.6672268 0.5866102 0.7528855 1.3641231 13.99891 0.7125635147094727 0.7248743772506714
Pedestrian 0.0 0 -0.8708447813987732 0.0 111.1849365234375 242.6702423095703 374.0 0.7430739 1.6619126 0.6378463 -2.069791 1.4099315 2.986167 -1.4769426584243774 0.6968021988868713
Pedestrian 0.0 0 1.6485306024551392 669.973388671875 166.88340759277344 697.91259765625 250.50851440429688 0.64250857 1.5730131 0.48991197 1.5592116 1.2993306 13.871156 1.760467529296875 0.6589414477348328
Pedestrian 0.0 0 -0.7846400141716003 433.06378173828125 171.01348876953125 471.45831298828125 236.7567901611328 0.9322321 1.8046354 0.568575 -4.2321134 1.5179381 20.261164 -0.9905574321746826 0.6210537552833557
Pedestrian 0.0 0 2.234344959259033 417.1314697265625 171.04759216308594 448.7471008300781 233.5445098876953 0.7862195 1.7824306 0.5263442 -4.938959 1.4854666 20.951696 2.002840518951416 0.6072608828544617
Pedestrian 0.0 0 3.550922393798828 211.1375732421875 168.5947265625 253.32139587402344 266.5185546875 0.46520492 1.7600121 0.67239994 -6.8464303 1.5293323 13.259303 3.0742812156677246 0.5357924699783325
Pedestrian 0.0 0 0.7499531507492065 689.1681518554688 172.33126831054688 725.232666015625 244.6348114013672 0.6803689 1.6326443 0.4810721 2.411036 1.4268246 16.63354 0.8939008712768555 0.47760507464408875
Pedestrian 0.0 0 -3.0800609588623047 734.2929077148438 161.84266662597656 767.8953857421875 223.5618438720703 0.9349354 1.78343 0.61230695 4.3867636 1.2165512 21.172516 -2.875760316848755 0.40895065665245056
Pedestrian 0.0 0 2.7575790882110596 669.8887329101562 178.86676025390625 711.6805419921875 262.8509216308594 0.7204631 1.7462393 0.5723979 1.861028 1.6927235 15.303366 2.878593921661377 0.34903058409690857
Pedestrian 0.0 0 2.5082716941833496 1044.766845703125 143.65159606933594 1101.5555419921875 241.86831665039062 0.6883792 1.7275388 0.50236505 8.4241705 1.0630962 12.901901 3.0867109298706055 0.3464548885822296
Pedestrian 0.0 0 -1.7685396671295166 471.18756103515625 155.0585174560547 486.8758850097656 194.9591522216797 0.59337294 1.8759977 0.6306162 -5.833277 0.6337213 34.161186 -1.9376659393310547 0.3155694603919983
Pedestrian 0.0 0 1.139500617980957 972.1228637695312 141.98379516601562 1050.2716064453125 271.36456298828125 0.9073735 1.7117586 0.61610764 5.622408 1.1902716 9.978584 1.6526095867156982 0.30314385890960693
Pedestrian 0.0 0 -2.075481414794922 187.0459442138672 210.4479522705078 313.9186706542969 374.0 0.70097023 1.5667027 0.62601185 -2.7829938 1.8122153 5.598536 -2.5368008613586426 0.2885477542877197
Cyclist 0.0 0 1.5915642976760864 922.9107055664062 138.15237426757812 964.8101196289062 258.255126953125 1.7393719 1.7359412 0.552951 5.349028 1.1107163 11.2815895 2.034308910369873 0.802991509437561
Cyclist 0.0 0 3.419614791870117 221.5008087158203 193.307373046875 322.2891540527344 272.8945007324219 1.8527389 1.6596435 0.7956862 -7.1888347 1.9272213 15.668748 2.9894661903381348 0.3041097819805145
Cyclist 0.0 0 1.139500617980957 972.1228637695312 141.98379516601562 1050.2716064453125 271.36456298828125 0.9073735 1.7117586 0.61610764 5.622408 1.1902716 9.978584 1.6526095867156982 0.12976838648319244
Cyclist 0.0 0 1.92860746383667 669.9165649414062 177.48562622070312 710.3306884765625 261.65887451171875 0.8819012 1.7316784 0.58464175 1.8592548 1.6503295 15.301573 2.0495221614837646 0.1151319295167923
Cyclist 0.0 0 2.3158504962921143 0.0 110.22758483886719 244.2284698486328 374.0 0.7735305 1.6694356 0.61536336 -2.0618048 1.417934 2.972339 1.7093894481658936 0.11206664890050888
Car 0.0 0 1.6133012771606445 537.7786254882812 177.03118896484375 569.967041015625 205.11712646484375 3.8955364 1.4748335 1.612069 -2.5856428 1.2410192 39.68367 1.5482368469238281 0.6910363435745239
Car 0.0 0 1.3022489547729492 748.697509765625 191.75222778320312 938.1848754882812 322.4263000488281 3.379424 1.3618804 1.4427909 2.9172797 1.5226926 9.462913 1.6012897491455078 0.3692958950996399
