Pedestrian 0.0 0 0.8577057123184204 281.1075439453125 151.5782470703125 359.65167236328125 285.7657470703125 0.7761232 1.8349521 0.7121002 -4.204412 1.5443736 10.357528 0.47209930419921875 0.17396220564842224
Pedestrian 0.0 0 0.2638854384422302 655.37451171875 177.2809600830078 668.352294921875 201.3740692138672 0.864363 1.805429 0.55901384 3.900939 2.1434216 54.621376 0.33518218994140625 0.13786491751670837
Pedestrian 0.0 0 -1.754779577255249 467.1915283203125 158.61500549316406 490.2459411621094 215.22911071777344 0.65861195 1.9216015 0.6729904 -4.5814333 1.4386579 24.91564 -1.9366260766983032 0.13599805533885956
Pedestrian 0.0 0 1.0861008167266846 476.480712890625 168.66290283203125 498.2749938964844 216.85403442382812 0.5414762 1.8745452 0.673273 -4.883703 1.711877 28.483452 0.9162943363189697 0.12374768406152725
Pedestrian 0.0 0 -1.5347621440887451 711.4664306640625 161.33616638183594 729.6154174804688 215.12095642089844 0.82813436 1.788942 0.5804085 3.7068222 1.4062034 24.457085 -1.3843426704406738 0.11083623021841049
Cyclist 0.0 0 2.1819355487823486 314.6679992675781 195.6817626953125 427.70391845703125 340.0824890136719 1.7954683 1.8077196 0.60918576 -3.3954756 2.163278 10.276984 1.8628308773040771 0.251000314950943
Cyclist 0.0 0 -1.7817835807800293 665.80029296875 160.54893493652344 680.3328857421875 193.39666748046875 1.476643 1.7673934 0.49369946 3.4173172 1.1056693 39.583378 -1.6956650018692017 0.10281257331371307
Car 0.0 0 -1.6820073127746582 649.7019653320312 190.86985778808594 703.009765625 230.58058166503906 4.311965 1.375736 1.656481 2.5593863 2.1581202 29.142551 -1.5944091081619263 0.9179900884628296
Car 0.0 0 0.5793168544769287 1039.24658203125 0.0 1242.0 375.0 3.9648726 1.5740006 1.6333402 3.2016063 1.1290056 2.1110637 1.5671746730804443 0.5026896595954895
Car 0.0 0 -0.058450207114219666 655.223876953125 178.02418518066406 701.123779296875 199.21490478515625 3.4012127 1.5821815 1.7148838 5.163663 1.9848969 55.23311 0.03476738929748535 0.13094943761825562
Car 0.0 0 1.296602725982666 546.429931640625 190.95101928710938 581.2724609375 214.7100830078125 4.003354 1.6211684 1.6044579 -3.5622187 3.046751 54.667145 1.2315326929092407 0.11972929537296295
