Pedestrian 0.0 0 1.3369195461273193 675.00732421875 170.6857147216797 695.358642578125 214.6368408203125 1.024436 1.8509763 0.64623904 3.1761 1.7600187 30.934586 1.4392324686050415 0.5532140135765076
Car 0.0 0 2.1813647747039795 0.0 191.6110076904297 240.65359497070312 375.0 3.815258 1.4798418 1.599735 -5.9139476 1.7394588 8.044545 1.5474355220794678 0.9467403292655945
Car 0.0 0 1.2935333251953125 461.3263244628906 178.78036499023438 516.2808837890625 213.16036987304688 3.6553364 1.4724873 1.5718588 -5.729041 1.7649541 33.57376 1.1245207786560059 0.9098001718521118
Car 0.0 0 -2.2227942943573 847.6132202148438 187.52487182617188 1242.0 375.0 3.7757418 1.4411376 1.6006178 2.997339 1.5745066 4.5969596 -1.6449958086013794 0.8817166090011597
Car 0.0 0 0.7029279470443726 330.60211181640625 181.38137817382812 416.62457275390625 210.47947692871094 4.5353694 1.5216773 1.715897 -13.256562 2.0183282 40.34314 0.38544774055480957 0.8803234100341797
Car 0.0 0 1.8841371536254883 134.3004913330078 181.47315979003906 223.24192810058594 226.4280548095703 3.6840913 1.4069451 1.6171283 -15.051964 1.7332954 25.311832 1.3476524353027344 0.8779816627502441
Car 0.0 0 2.464634895324707 538.3035278320312 174.79066467285156 599.7285766601562 198.15264892578125 4.1941805 1.5567069 1.6232452 -2.8587778 1.6977794 50.416046 2.407991886138916 0.6412342190742493
Car 0.0 0 2.742788076400757 644.3494873046875 171.7987518310547 711.03515625 192.76596069335938 4.658307 1.5268214 1.7608532 5.040679 1.4503359 54.080147 2.8357272148132324 0.5679107308387756
Car 0.0 0 -0.98373943567276 169.4262237548828 188.2252655029297 285.3655090332031 238.82933044433594 3.6328468 1.4249551 1.5587975 -12.288755 1.9629548 23.347826 -1.4682316780090332 0.4901706576347351
Car 0.0 0 2.0130157470703125 63.50313186645508 179.47813415527344 157.3715057373047 221.18380737304688 3.2870226 1.3570577 1.4911479 -17.775288 1.6100241 25.77075 1.4092044830322266 0.45255738496780396
