Car 0.0 0 2.0741286277770996 24.984031677246094 208.0611114501953 302.7496337890625 344.8506774902344 3.9706478 1.3697746 1.580068 -6.013551 1.968808 10.260804 1.544014573097229 0.9767100214958191
Car 0.0 0 -1.7451378107070923 675.0844116210938 174.9506378173828 749.4982299804688 226.8787384033203 4.1756725 1.4861362 1.6152843 3.1003199 1.5593066 22.936543 -1.6107826232910156 0.9609205722808838
Car 0.0 0 1.9470638036727905 240.7317352294922 198.62925720214844 388.5400085449219 285.04736328125 3.7855902 1.4403119 1.5493333 -6.0183396 2.0461228 15.049964 1.566651701927185 0.9487771987915039
Car 0.0 0 1.8405890464782715 349.92724609375 192.21664428710938 445.46343994140625 251.37762451171875 4.0498347 1.4419508 1.6302468 -6.0776196 2.059206 20.950583 1.5582457780838013 0.9404032826423645
Car 0.0 0 1.7858655452728271 429.95367431640625 189.338134765625 491.41693115234375 230.3525390625 4.019546 1.4139383 1.554034 -5.858514 2.11192 28.5141 1.5832252502441406 0.9283127188682556
Car 0.0 0 -3.6075947284698486 892.3067016601562 148.5809326171875 1115.290771484375 214.01364135742188 4.351757 1.4580427 1.569857 9.0542145 0.9175221 16.915403 -3.1161351203918457 0.9096181988716125
Car 0.0 0 2.6488685607910156 877.9902954101562 148.88986206054688 1047.6204833984375 206.01568603515625 3.8723943 1.4804196 1.5153836 9.426874 0.85974556 19.53646 3.098440408706665 0.8744823336601257
Car 0.0 0 2.681180000305176 832.3233642578125 157.97572326660156 984.7978515625 209.5802459716797 4.0312214 1.5052131 1.5209876 8.971465 1.071598 21.947487 3.069223403930664 0.8317894339561462
Car 0.0 0 -1.7262272834777832 662.1165161132812 174.9742431640625 718.900390625 218.7255401611328 3.8246171 1.5849723 1.6226015 3.0389543 1.6741517 28.274534 -1.6191580295562744 0.7464379668235779
Car 0.0 0 2.6811161041259766 784.168212890625 158.85809326171875 923.9456787109375 208.3536834716797 4.2735677 1.6236585 1.6121626 8.281676 1.1648932 24.758362 3.0039165019989014 0.7430515289306641
Car 0.0 0 1.8008891344070435 461.1810607910156 186.7608184814453 510.075927734375 220.0758819580078 3.5700023 1.434795 1.5254706 -5.9143567 2.1339366 34.425262 1.6307473182678223 0.7311077117919922
