Pedestrian 0.0 0 -3.2377243041992188 823.9600219726562 137.0836639404297 859.9885864257812 203.67620849609375 0.9307705 1.8749472 0.5810759 6.5974674 0.8681727 20.694668 -2.929109811782837 0.23815786838531494
Pedestrian 0.0 0 1.2602651119232178 304.20758056640625 173.81356811523438 329.3277282714844 224.85623168945312 0.73268247 1.7162668 0.60235214 -10.105913 1.7501748 24.750422 0.8726131916046143 0.19026607275009155
Pedestrian 0.0 0 -3.2430477142333984 906.6956176757812 147.25416564941406 948.8950805664062 217.78880310058594 0.94485587 1.7863461 0.5810935 8.1731415 1.1383679 18.691862 -2.830841541290283 0.18575870990753174
Pedestrian 0.0 0 -1.4227421283721924 356.71746826171875 172.8066864013672 375.9096984863281 217.89462280273438 0.77434486 1.7586296 0.613994 -9.688572 1.7571423 28.576036 -1.7496247291564941 0.18161854147911072
Pedestrian 0.0 0 1.0055493116378784 1023.0077514648438 111.6338119506836 1095.1844482421875 240.67059326171875 0.75744045 1.8228828 0.580814 6.510284 0.9583925 10.572864 1.5574722290039062 0.1695331335067749
Pedestrian 0.0 0 -0.1275031715631485 692.1463012695312 183.43569946289062 718.9724731445312 245.3277587890625 0.65815 1.641728 0.50036806 2.5267148 1.9313827 19.472933 0.0015311241149902344 0.11745289713144302
Car 0.0 0 1.6152344942092896 571.3743896484375 174.56053161621094 597.4103393554688 197.46934509277344 4.0861306 1.5111353 1.6232685 -1.7653837 1.6344818 49.94791 1.5799046754837036 0.8690710067749023
Car 0.0 0 1.9736542701721191 242.203369140625 170.41683959960938 302.51287841796875 200.24729919433594 3.7227325 1.6008469 1.7552725 -18.960028 1.4704155 40.608578 1.5368379354476929 0.19918927550315857
Car 0.0 0 -1.4435611963272095 552.6238403320312 180.57199096679688 576.0949096679688 198.38807678222656 3.6026 1.4942462 1.6345164 -4.038709 2.19864 63.96594 -1.5066158771514893 0.12219692766666412
Car 0.0 0 1.9350018501281738 710.1697387695312 167.5889129638672 742.1904907226562 184.2222137451172 4.2450347 1.5297451 1.5993441 11.059221 1.0458786 68.59404 2.094853401184082 0.10513419657945633
