Pedestrian 0.0 0 1.3322803974151611 1000.5783081054688 168.81103515625 1021.4673461914062 211.2946319580078 0.7046329 1.8912823 0.6753248 18.045015 1.7116559 32.547714 1.8385086059570312 0.49265187978744507
Car 0.0 0 -1.3286348581314087 660.768310546875 181.28323364257812 780.0541381835938 266.5830383300781 3.7688327 1.483972 1.5808963 2.3628678 1.6834382 14.9973 -1.1723664999008179 0.9774322509765625
Car 0.0 0 2.00642991065979 428.9347229003906 177.57777404785156 683.14794921875 345.4386901855469 3.6451 1.501871 1.5533776 -0.44728193 1.5711582 8.545183 1.954134464263916 0.9583756923675537
Car 0.0 0 -1.7661434412002563 1000.2586669921875 201.77757263183594 1242.0 375.0 3.02751 1.4177805 1.4624637 4.434187 1.7452263 6.4774957 -1.1658601760864258 0.9372527599334717
Car 0.0 0 -0.7239345908164978 0.0 175.9185333251953 505.5726623535156 375.0 3.383973 1.4533805 1.5451864 -2.2544527 1.4809829 4.5534754 -1.183659315109253 0.8595424294471741
Car 0.0 0 -1.6599119901657104 943.2236938476562 184.12107849121094 1017.7003173828125 245.06495666503906 3.0401478 1.4980522 1.56104 10.167257 1.8383148 20.063406 -1.1908739805221558 0.8231242299079895
Car 0.0 0 1.65076744556427 799.8114013671875 169.63633728027344 846.4400634765625 211.9558563232422 4.2605433 1.8232036 1.7344807 9.875814 1.6849385 33.382065 1.938405156135559 0.8207407593727112
Car 0.0 0 -1.5813204050064087 944.2522583007812 181.9968719482422 1002.6444091796875 233.207763671875 3.7218783 1.5416198 1.6482095 12.242972 1.8779559 24.478104 -1.1175446510314941 0.76026850938797
Car 0.0 0 -1.5074939727783203 930.593505859375 179.4080810546875 956.3500366210938 201.35369873046875 3.348544 1.5435836 1.5323534 24.804241 2.0482764 53.68232 -1.0746595859527588 0.565263032913208
Car 0.0 0 -1.4823341369628906 828.84814453125 175.92483520507812 864.3650512695312 205.1825714111328 3.8065507 1.5388025 1.5628119 13.260772 1.720019 40.435356 -1.1654365062713623 0.472032368183136
Car 0.0 0 -2.9222512245178223 648.1403198242188 169.2519073486328 760.33740234375 207.60702514648438 4.2036643 1.4575936 1.6287447 3.736516 1.3210624 28.899733 -2.7936720848083496 0.42949968576431274
