Pedestrian 0.0 0 -0.27519840002059937 594.7400512695312 167.8955841064453 608.9556274414062 192.27008056640625 0.9534379 1.820035 0.5579515 -0.22987533 0.8801342 53.189823 -0.2795201539993286 0.4845161437988281
Pedestrian 0.0 0 3.2876579761505127 460.85638427734375 169.93748474121094 473.31195068359375 195.6895751953125 0.8166103 1.8720812 0.5980171 -10.078398 1.1055053 51.71251 3.0951778888702393 0.363831102848053
Pedestrian 0.0 0 -2.218268394470215 899.1172485351562 136.22305297851562 927.2376708984375 190.45208740234375 0.76891214 1.9111774 0.57646674 11.01983 0.35226566 25.354816 -1.8082739114761353 0.3203217089176178
Pedestrian 0.0 0 2.5687198638916016 966.4037475585938 158.6858673095703 1054.322998046875 291.74627685546875 0.8249116 1.5978338 0.46109143 4.951323 1.3375633 8.739333 3.0841851234436035 0.22540423274040222
Cyclist 0.0 0 3.085364580154419 607.9845581054688 166.3581085205078 631.9380493164062 190.75852966308594 1.736967 1.78989 0.58238024 1.1072098 0.75378966 52.181988 3.106579542160034 0.5056478381156921
Cyclist 0.0 0 1.9847654104232788 406.4647216796875 174.8848114013672 427.55194091796875 205.83038330078125 1.6587083 1.724451 0.5408132 -10.701382 1.412935 40.2566 1.7249449491500854 0.22495879232883453
Cyclist 0.0 0 -3.0255281925201416 739.8245239257812 160.45947265625 762.0448608398438 184.78231811523438 1.5662752 1.7941439 0.56380004 10.879041 0.31715256 52.663437 -2.821816921234131 0.1928151696920395
Car 0.0 0 -1.5105469226837158 535.1874389648438 170.7631072998047 562.78369140625 193.57962036132812 3.9254775 1.4550952 1.5998582 -3.6895945 0.83547544 47.063034 -1.5887837409973145 0.8844937086105347
Car 0.0 0 2.6200742721557617 851.408935546875 144.1849822998047 952.510498046875 178.75634765625 4.0684114 1.5518278 1.6262236 13.763342 -0.08232321 32.901203 3.0162761211395264 0.7663893103599548
Car 0.0 0 -1.1130889654159546 77.346435546875 184.20616149902344 160.4026641845703 220.17849731445312 3.6872241 1.4662392 1.5439798 -21.32467 1.6411217 31.147064 -1.7134348154067993 0.30576640367507935
Car 0.0 0 2.7075212001800537 783.827392578125 157.8257293701172 852.86865234375 182.63580322265625 3.8410597 1.5209827 1.5801421 13.369349 0.13229097 44.39383 3.0000357627868652 0.27961963415145874
Car 0.0 0 -1.60325288772583 740.5170288085938 162.52027893066406 763.9014892578125 183.28445434570312 3.8390896 1.5393497 1.6326071 11.31292 0.20769598 54.443188 -1.3983752727508545 0.19902731478214264
Car 0.0 0 1.879450798034668 7.205055236816406 195.10061645507812 56.95213317871094 220.43894958496094 3.7535024 1.5570204 1.5481619 -38.671757 2.587622 47.810474 1.1993335485458374 0.19822312891483307
