Pedestrian 0.0 0 -1.2477957010269165 190.78955078125 136.69039916992188 237.44346618652344 222.34535217285156 0.812699 1.8285837 0.67787313 -8.739416 1.0569118 15.8614435 -1.7513947486877441 0.44744911789894104
Pedestrian 0.0 0 -0.40838876366615295 938.615966796875 139.93511962890625 1048.858642578125 300.1958923339844 1.027214 1.8882905 0.6294558 4.627079 1.500778 8.85037 0.07334136962890625 0.37748149037361145
Pedestrian 0.0 0 -0.8409810066223145 800.1060180664062 149.89207458496094 839.679931640625 216.74880981445312 0.668847 1.757248 0.7772531 5.612136 1.1540799 19.468925 -0.5603282451629639 0.35497555136680603
Pedestrian 0.0 0 2.7715885639190674 694.614990234375 158.37832641601562 723.327880859375 212.77366638183594 0.8147708 1.8023864 0.5433705 3.280304 1.3230937 24.264648 2.9059624671936035 0.26074984669685364
Pedestrian 0.0 0 -2.29103684425354 456.48260498046875 174.1219482421875 476.8529357910156 209.60877990722656 0.7054598 1.7125939 0.6829354 -7.058022 1.7759106 35.3389 -2.4881668090820312 0.1750536412000656
Pedestrian 0.0 0 -0.5592861771583557 0.0 105.13900756835938 69.35572814941406 252.52716064453125 0.62082267 1.7768203 0.63379943 -7.412214 0.9608482 9.091521 -1.2432801723480225 0.17158065736293793
Car 0.0 0 -1.5801626443862915 612.451171875 176.48162841796875 661.3089599609375 222.85800170898438 3.442591 1.4798847 1.5778469 0.86572874 1.614873 25.034685 -1.5455952882766724 0.9560781717300415
Car 0.0 0 1.810118317604065 377.5855407714844 188.1925048828125 487.3436584472656 260.071044921875 4.141488 1.456974 1.6441001 -4.2185507 1.875232 17.58178 1.5746312141418457 0.949837327003479
Car 0.0 0 2.110490322113037 0.0 198.51087951660156 324.53936767578125 375.0 4.312395 1.4801741 1.6492938 -3.9625213 1.7679863 5.884391 1.5178437232971191 0.9496352672576904
Car 0.0 0 1.6852363348007202 486.2245178222656 177.80747985839844 533.3720703125 214.57293701171875 4.0315523 1.5405705 1.6740187 -4.530696 1.7801871 32.81407 1.5480320453643799 0.8587900400161743
Car 0.0 0 -0.5554133057594299 955.9415893554688 122.57637786865234 1242.0 375.0 3.7616296 1.5229853 1.5743432 4.452867 1.2727001 4.7377086 0.19900202751159668 0.16429142653942108
