Car 0.0 0 -1.9027212858200073 765.8515625 176.56138610839844 1007.8419799804688 332.5611267089844 3.7121491 1.5728294 1.6640196 3.1720004 1.6300969 9.21668 -1.5712597370147705 0.9774436354637146
Car 0.0 0 -1.741204857826233 682.6939086914062 180.63723754882812 749.4818115234375 231.04051208496094 3.3434954 1.4288822 1.5131543 3.2110734 1.6920638 22.668602 -1.6004881858825684 0.9502859115600586
Car 0.0 0 3.5285239219665527 104.4744644165039 181.1007537841797 374.5128479003906 272.9953918457031 4.0296865 1.5184901 1.6602541 -6.5874786 1.6797172 13.084812 3.062124490737915 0.9408037662506104
Car 0.0 0 3.7910232543945312 0.0 184.48291015625 240.89573669433594 341.6622314453125 4.2996645 1.418912 1.6199611 -6.5141597 1.5567027 7.587042 3.0815632343292236 0.9371349811553955
Car 0.0 0 -2.2362308502197266 882.911865234375 193.27867126464844 1242.0 375.0 3.9685571 1.5327307 1.6348537 3.122588 1.7076075 4.160935 -1.5924395322799683 0.9056842923164368
Car 0.0 0 -0.19832929968833923 736.7725219726562 182.01217651367188 846.8223266601562 221.67601013183594 4.164927 1.5691069 1.7331314 7.4305058 1.9617357 29.943525 0.04490804672241211 0.887793779373169
Car 0.0 0 3.1529018878936768 499.0801086425781 173.59320068359375 560.0629272460938 199.21107482910156 4.2400613 1.7822263 1.7913731 -5.735466 1.8363353 51.360695 3.0416922569274902 0.849534273147583
Car 0.0 0 -2.7714579105377197 267.1566467285156 178.09461975097656 441.18084716796875 244.48045349121094 3.7223551 1.5410026 1.5335616 -6.2406397 1.6759315 17.700773 -3.1104142665863037 0.8271086812019348
Car 0.0 0 0.24253611266613007 360.92352294921875 171.27223205566406 492.98974609375 224.38482666015625 3.7379606 1.6017026 1.5434653 -5.6926994 1.5543596 22.537313 -0.0048786792904138565 0.8067560195922852
Car 0.0 0 0.20865705609321594 440.0730895996094 165.82371520996094 526.596923828125 199.89840698242188 4.078718 1.692049 1.692851 -6.4418507 1.3433036 36.744164 0.03510451316833496 0.7464510798454285
Car 0.0 0 3.372171401977539 315.3061218261719 185.96165466308594 474.8257141113281 244.8208465576172 3.9881701 1.5269701 1.5565752 -5.9084067 1.906911 20.00223 3.084951639175415 0.6476061344146729
