Pedestrian 0.0 0 -1.592801570892334 285.23431396484375 192.88571166992188 317.6502380371094 277.9382019042969 0.62643814 1.6556357 0.5891515 -6.3172407 2.0738811 14.642063 -2.0001182556152344 0.37490367889404297
Pedestrian 0.0 0 -1.7333762645721436 804.9166870117188 152.3055419921875 842.3424072265625 227.6608123779297 1.1350769 1.9640738 0.7887403 5.685257 1.4288529 19.414953 -1.4485114812850952 0.36742061376571655
Pedestrian 0.0 0 0.5102654695510864 465.028076171875 190.2576446533203 489.180908203125 232.29153442382812 0.72356313 1.6214234 0.6356748 -5.306081 2.3215678 28.59256 0.32677721977233887 0.3561987578868866
Car 0.0 0 -1.8071627616882324 700.4744873046875 174.52218627929688 855.3679809570312 290.088623046875 4.2549086 1.7212517 1.6816653 2.7382276 1.7565417 12.956175 -1.5988823175430298 0.9620214700698853
Car 0.0 0 -1.8433098793029785 768.5200805664062 191.06773376464844 1029.0709228515625 375.0 3.4973588 1.526887 1.579775 2.711408 1.7675296 7.7196712 -1.505536437034607 0.961175799369812
Car 0.0 0 1.6859395503997803 510.9577331542969 184.3069610595703 568.41162109375 230.983154296875 4.152249 1.5641364 1.6945782 -2.6214235 2.0310023 27.295128 1.590193271636963 0.9361004829406738
Car 0.0 0 -2.3002400398254395 886.1614379882812 159.8112030029297 1242.0 375.0 3.8417563 1.6352191 1.6195793 2.6023045 1.6176598 2.9095442 -1.570525884628296 0.8000094890594482
Car 0.0 0 2.3805556297302246 0.0 206.50289916992188 313.14691162109375 375.0 3.6172888 1.5776396 1.5814718 -2.6583376 1.7823511 2.5654292 1.577373743057251 0.7590746283531189
Car 0.0 0 -1.7177995443344116 668.2379150390625 174.2710418701172 731.677734375 226.53195190429688 4.425226 1.813868 1.7379566 3.2768698 1.8724295 27.39764 -1.598760962486267 0.4758962392807007
Car 0.0 0 -1.685999870300293 654.35693359375 182.81259155273438 696.8645629882812 218.54232788085938 3.927897 1.5797126 1.5997277 3.086288 2.0904336 34.98999 -1.598022699356079 0.28838032484054565
