Car 0.0 0 -1.9112324714660645 730.1231079101562 153.59375 1012.9395141601562 335.64697265625 4.451522 1.6597633 1.690255 2.7198446 1.4845272 8.834568 -1.6125768423080444 0.9776173830032349
Car 0.0 0 -1.7275944948196411 677.0248413085938 175.86679077148438 758.6688842773438 236.2036590576172 3.7803302 1.4753702 1.6093295 2.7959213 1.5660814 19.733315 -1.5868459939956665 0.9520851373672485
Car 0.0 0 0.4756571054458618 142.2425537109375 177.7188720703125 380.87579345703125 268.5962829589844 3.6313024 1.5555537 1.6031054 -6.3500676 1.6513417 13.295267 0.030074357986450195 0.9511961936950684
Car 0.0 0 -1.801867961883545 698.6591186523438 181.03472900390625 823.6985473632812 264.0985412597656 3.7498605 1.3997118 1.5841918 2.8143182 1.5853517 14.435015 -1.609318733215332 0.941364049911499
Car 0.0 0 3.6788697242736816 24.450063705444336 188.45631408691406 319.99627685546875 296.818115234375 3.586015 1.5029016 1.4996809 -6.558673 1.7568774 10.973554 3.14015793800354 0.8856973648071289
Car 0.0 0 -1.6926448345184326 648.4669799804688 174.4002685546875 694.0335083007812 209.89988708496094 3.6935534 1.4645051 1.5512133 2.6022844 1.5370457 31.803577 -1.611003041267395 0.8801000714302063
Car 0.0 0 -2.431272268295288 0.0 188.5135040283203 255.6959991455078 326.5155944824219 3.7835765 1.408842 1.4440293 -6.402324 1.6092076 8.3823805 -3.0835366249084473 0.8763291239738464
Car 0.0 0 -2.8002219200134277 395.11688232421875 177.0340118408203 505.06353759765625 213.00843811035156 4.205141 1.4439641 1.616545 -6.7081947 1.6258193 30.265924 -3.0183377265930176 0.8028874397277832
Car 0.0 0 -2.3170599937438965 0.0 199.01577758789062 180.68603515625 375.0 4.133015 1.4790212 1.6235653 -6.204437 1.7310051 6.0677423 -3.113596200942993 0.7722042798995972
Car 0.0 0 0.40644726157188416 195.5786590576172 161.95204162597656 428.9560852050781 245.82421875 4.348329 1.7054912 1.6552477 -6.3362446 1.484164 15.538634 0.019257545471191406 0.7409323453903198
Car 0.0 0 3.304028034210205 427.7165832519531 166.58648681640625 522.0782470703125 204.2707061767578 4.2802873 1.7821771 1.7340497 -6.53916 1.4861295 35.034595 3.119502544403076 0.7369371056556702
Car 0.0 0 -2.659836769104004 294.7110900878906 179.44459533691406 457.0177917480469 236.07742309570312 4.089003 1.4738126 1.4530542 -6.5216 1.667253 20.078293 -2.973895311355591 0.6890648007392883
Car 0.0 0 -2.8359079360961914 332.786376953125 167.17601013183594 473.1523132324219 219.95669555664062 3.9046469 1.5820556 1.5953639 -6.4233985 1.4122205 22.475414 -3.114283800125122 0.6827371120452881
