Pedestrian 0.0 0 -1.4847661256790161 981.0302734375 118.97989654541016 1040.3067626953125 250.74412536621094 0.5811426 1.7910684 0.6901674 5.635362 1.0591166 10.23844 -0.9816064834594727 0.518064022064209
Pedestrian 0.0 0 -3.3975210189819336 896.9270629882812 126.95221710205078 962.4171752929688 246.1732635498047 0.76469034 1.7301724 0.6200167 4.7313285 1.0643895 10.834019 -2.9857735633850098 0.4975895285606384
Pedestrian 0.0 0 -1.474076747894287 593.6721801757812 147.0274658203125 606.4002685546875 186.6811981201172 0.5307421 1.9990699 0.5989926 -0.54163677 0.69743 36.66125 -1.4888497591018677 0.32397744059562683
Pedestrian 0.0 0 2.027583122253418 334.7511291503906 152.4168701171875 417.47210693359375 292.5210876464844 1.0049856 1.6556972 0.61055136 -2.9673727 1.4145368 9.064378 1.711212396621704 0.3159324824810028
Pedestrian 0.0 0 1.621081829071045 1181.716064453125 98.58988952636719 1242.0 277.0034484863281 0.64122564 1.7703636 0.5554267 6.338277 1.033813 7.5808725 2.317443609237671 0.22021812200546265
Pedestrian 0.0 0 -2.279353618621826 1016.2469482421875 142.29234313964844 1078.265625 261.3285827636719 0.5713798 1.7569851 0.57261014 6.5904274 1.3062502 10.976716 -1.7386395931243896 0.1654825657606125
Pedestrian 0.0 0 -2.1144425868988037 1045.1014404296875 124.99040222167969 1117.2974853515625 256.4578552246094 0.58737993 1.7833046 0.6314274 6.5207167 1.1344115 10.087719 -1.5406012535095215 0.13428518176078796
Pedestrian 0.0 0 -1.9230844974517822 956.990234375 151.73326110839844 990.16748046875 215.1385040283203 0.77043265 1.743328 0.6012372 10.14941 1.162971 20.252415 -1.458520770072937 0.12104826420545578
Cyclist 0.0 0 2.162480354309082 219.63259887695312 136.6767120361328 405.2312927246094 375.0 1.630039 1.6286588 0.54210246 -2.3268166 1.3841558 5.734133 1.7769980430603027 0.39194247126579285
Cyclist 0.0 0 1.9623364210128784 335.4544372558594 152.07626342773438 416.6307678222656 293.4773864746094 1.0730565 1.6680535 0.60988873 -2.9663286 1.4233047 9.0669155 1.6461524963378906 0.21647712588310242
Cyclist 0.0 0 -3.449575424194336 1009.6812744140625 138.468017578125 1088.1646728515625 263.705810546875 0.89219207 1.8420944 0.55830044 6.610539 1.3366766 10.985073 -2.9078519344329834 0.11449158936738968
