Pedestrian 0.0 0 -0.5124940872192383 1066.9254150390625 113.22869873046875 1224.0 368.03662109375 0.83348274 1.7748159 0.564917 3.9782577 1.3079647 5.2559676 0.13541030883789062 0.6999126076698303
Pedestrian 0.0 0 -1.9663112163543701 1027.396240234375 98.86859893798828 1194.0123291015625 370.0 0.6932817 1.5855112 0.61244965 3.0290167 1.1283005 4.3729897 -1.360525131225586 0.603489100933075
Pedestrian 0.0 0 1.4688448905944824 768.9915771484375 152.28683471679688 784.218017578125 191.22854614257812 0.71831983 1.8750173 0.6497485 8.339672 0.5180144 34.438763 1.7064306735992432 0.44298601150512695
Pedestrian 0.0 0 1.3887003660202026 836.2926025390625 132.13902282714844 872.2298583984375 206.38836669921875 0.98844427 1.9147204 0.7299391 6.5699306 0.669191 18.772715 1.7253504991531372 0.4135953187942505
Pedestrian 0.0 0 0.19946643710136414 737.2939453125 160.98338317871094 750.2377319335938 184.69793701171875 0.92860574 1.8584174 0.4656138 10.964047 0.33021948 55.796745 0.3934941291809082 0.3653603792190552
Pedestrian 0.0 0 -1.8104137182235718 1029.6513671875 82.00050354003906 1120.721923828125 247.18112182617188 0.69142956 1.7873024 0.7207059 5.305638 0.7231979 8.091763 -1.230053186416626 0.25789758563041687
Pedestrian 0.0 0 0.5114986896514893 153.70375061035156 139.07691955566406 280.0533142089844 314.20196533203125 1.0193492 1.7946517 0.6018331 -4.1685443 1.3718475 7.5450907 0.0067501068115234375 0.21149331331253052
Pedestrian 0.0 0 -2.058539390563965 348.82135009765625 144.0402374267578 397.41119384765625 232.46865844726562 0.7582372 1.7965263 0.6965109 -4.920966 1.0574299 14.873279 -2.3780620098114014 0.19702045619487762
Pedestrian 0.0 0 2.290957450866699 215.55101013183594 213.8010711669922 352.3855285644531 370.0 0.7705627 1.4562516 0.41696057 -2.1358182 1.6971734 4.645178 1.859989881515503 0.19059309363365173
Pedestrian 0.0 0 0.05898787081241608 606.7119140625 169.505615234375 628.2212524414062 200.36456298828125 1.2184647 1.7805325 0.6086856 0.72238487 1.1475464 41.141144 0.07654476165771484 0.18261201679706573
Pedestrian 0.0 0 1.6615710258483887 672.5955810546875 163.2071533203125 690.724609375 207.18148803710938 1.6786038 1.7287512 0.58392125 3.0957775 1.0504224 28.671444 1.7691285610198975 0.17532378435134888
Pedestrian 0.0 0 1.8271082639694214 210.90420532226562 130.2684326171875 286.98541259765625 284.20172119140625 0.7833384 1.76634 0.64825726 -4.3379407 1.1916316 8.559485 1.3580360412597656 0.17018526792526245
Pedestrian 0.0 0 -2.173823118209839 1129.0751953125 100.58187866210938 1212.1844482421875 239.01107788085938 0.6251072 1.7215903 0.5846899 7.2316494 0.72935754 9.119852 -1.5033916234970093 0.1641916036605835
Cyclist 0.0 0 2.0859944820404053 677.372802734375 162.97860717773438 711.9323120117188 208.22381591796875 1.7810973 1.7896572 0.6017933 3.649572 1.0981038 28.85579 2.2118027210235596 0.40521809458732605
Car 0.0 0 -1.6523919105529785 709.9278564453125 162.7804412841797 743.424072265625 192.40200805664062 4.010067 1.684967 1.6429354 7.2228603 0.6784079 42.283382 -1.4832046031951904 0.4172738492488861
