Pedestrian 0.0 0 2.1360511779785156 68.7892074584961 132.31588745117188 132.8632354736328 227.56576538085938 0.8792755 1.879155 0.7057938 -10.398394 1.0797492 14.68922 1.520047664642334 0.22823332250118256
Pedestrian 0.0 0 2.7574920654296875 732.4861450195312 155.1210479736328 756.91015625 197.07666015625 0.9123622 1.8709005 0.6338761 6.0378056 1.0805042 32.573895 2.9407691955566406 0.19631445407867432
Cyclist 0.0 0 1.2636992931365967 715.3524780273438 157.95970153808594 734.3788452148438 189.8311309814453 1.5664285 1.6973141 0.57285297 6.201756 0.90447515 39.240044 1.4204493761062622 0.3887188732624054
Car 0.0 0 -1.724062204360962 682.921142578125 183.1697998046875 759.6218872070312 245.05783081054688 3.6361084 1.5959867 1.6502422 3.1011758 1.9232106 21.03615 -1.5776952505111694 0.9761754870414734
Car 0.0 0 -1.7069543600082397 665.9124755859375 185.1914825439453 726.506591796875 234.34205627441406 3.817034 1.602678 1.6820501 3.033738 2.0877469 26.418343 -1.592620611190796 0.9482862949371338
Car 0.0 0 1.5731415748596191 534.47216796875 178.0811309814453 565.71435546875 208.8422393798828 3.7355142 1.533628 1.583371 -3.2342253 1.8272357 38.550724 1.489442229270935 0.7670725584030151
Car 0.0 0 -0.916541576385498 0.0 197.94143676757812 333.4357604980469 375.0 3.9646082 1.4585111 1.6198231 -2.9378543 1.6529673 3.5708673 -1.6049885749816895 0.7077637314796448
Car 0.0 0 -1.6498265266418457 645.559326171875 180.62615966796875 676.9281616210938 206.1819305419922 3.91626 1.4663644 1.6196959 3.0898426 1.9679148 44.560135 -1.5805963277816772 0.3795585334300995
Car 0.0 0 -1.132636547088623 638.7696533203125 179.99522399902344 676.7095336914062 198.62429809570312 3.909085 1.446504 1.6312984 3.9642231 2.0590096 59.74234 -1.0663783550262451 0.23457923531532288
Car 0.0 0 0.6613079309463501 0.0 0.0 1242.0 375.0 3.8141956 1.5655215 1.618886 2.4609663 1.795475 1.1004372 1.8116174936294556 0.21945413947105408
