Pedestrian 0.0 0 1.8180081844329834 342.4976501464844 181.09002685546875 370.8139953613281 243.79763793945312 0.6181412 1.5732571 0.55277544 -6.545851 1.7888546 18.52058 1.4782750606536865 0.4949520528316498
Pedestrian 0.0 0 -1.6957436800003052 431.06585693359375 151.3307647705078 447.5085754394531 193.82029724121094 0.55648535 1.9903163 0.6933563 -8.127587 0.9824716 34.178043 -1.929208755493164 0.4566729962825775
Car 0.0 0 -1.4433053731918335 410.0923156738281 185.9153289794922 522.63134765625 279.1236267089844 4.101662 1.4923937 1.6431723 -2.721987 1.7884574 14.235304 -1.6322386264801025 0.9729022979736328
Car 0.0 0 -1.7383586168289185 683.0812377929688 170.3905487060547 798.5889892578125 266.3858947753906 3.6535764 1.6591878 1.619191 2.3955965 1.6169674 14.296377 -1.5723344087600708 0.9603803157806396
Car 0.0 0 1.6543140411376953 504.79132080078125 186.75210571289062 550.9617919921875 226.587646484375 3.6546502 1.3593986 1.4654315 -3.143348 1.9300606 27.757353 1.541550636291504 0.9274190068244934
Car 0.0 0 1.7297064065933228 545.0703735351562 180.0174560546875 578.1148681640625 204.09185791015625 4.07281 1.5403664 1.6402953 -3.3072639 2.0532587 49.51882 1.6630173921585083 0.6680005788803101
Car 0.0 0 -1.770540475845337 646.919677734375 186.35662841796875 715.4414672851562 232.96377563476562 3.7341783 1.3979286 1.6068426 2.3087082 1.8970222 24.706133 -1.6773643493652344 0.6209716200828552
Car 0.0 0 -1.7410697937011719 674.0936889648438 183.48651123046875 756.6361694335938 245.5135498046875 3.5995464 1.4647217 1.5925602 2.6966155 1.7791606 19.48635 -1.6035583019256592 0.5776410698890686
Car 0.0 0 -1.7121862173080444 622.6945190429688 175.6417236328125 652.4010620117188 200.7930145263672 4.2481303 1.8263794 1.6769056 2.0351226 2.0480528 55.079826 -1.675254464149475 0.29321983456611633
Car 0.0 0 1.617337942123413 564.0208129882812 178.44715881347656 582.942626953125 194.87074279785156 4.127143 1.4614358 1.584298 -3.4167895 2.0024467 67.67681 1.5668939352035522 0.26317301392555237
