Pedestrian 0.0 0 -1.8173779249191284 400.283447265625 148.2193145751953 421.356689453125 195.29486083984375 0.56449836 1.8683258 0.70077646 -8.063729 0.89098656 29.05212 -2.088123321533203 0.21546974778175354
Pedestrian 0.0 0 -0.178305983543396 992.140625 151.68869018554688 1059.7808837890625 267.89300537109375 0.847847 1.7801212 0.52272314 6.5245786 1.4562498 11.438207 0.34007930755615234 0.1790117472410202
Pedestrian 0.0 0 -0.8907173275947571 856.958984375 127.03541564941406 903.028564453125 206.36935424804688 0.7890317 1.8771033 0.7143608 6.526026 0.7933577 17.57785 -0.5352259278297424 0.16785788536071777
Pedestrian 0.0 0 1.2668150663375854 821.2689208984375 141.9493865966797 849.2783203125 199.93377685546875 0.82528013 1.8136659 0.6318215 7.1215954 0.8473736 22.979609 1.567337989807129 0.14777201414108276
Pedestrian 0.0 0 1.385408639907837 748.3618774414062 152.57830810546875 766.9717407226562 193.8743896484375 0.8857842 1.9126352 0.7030448 6.885992 0.9739212 33.863583 1.5860185623168945 0.13494277000427246
Pedestrian 0.0 0 2.2730307579040527 1041.884033203125 110.1258316040039 1121.483154296875 255.12539672851562 0.7762197 1.8904432 0.5264008 6.326211 1.0729777 9.768697 2.847717046737671 0.10995148867368698
Pedestrian 0.0 0 2.8189306259155273 720.1333618164062 159.3488006591797 738.6964721679688 192.20309448242188 0.9444341 1.8872446 0.5182368 6.877629 1.1118252 41.77528 2.9821009635925293 0.10757730156183243
Cyclist 0.0 0 -1.8537945747375488 815.2105712890625 147.48899841308594 844.1931762695312 205.19357299804688 0.9733694 1.8045603 0.6372066 6.964185 1.0116938 23.051434 -1.5603984594345093 0.10309270769357681
Car 0.0 0 1.7634797096252441 397.724853515625 189.6152801513672 514.6596069335938 272.24896240234375 4.2902236 1.4923737 1.7297052 -3.2986317 1.9157938 16.055586 1.560848593711853 0.960647463798523
Car 0.0 0 1.8896009922027588 638.9028930664062 181.35121154785156 690.3243408203125 212.53720092773438 4.1053505 1.5986947 1.6693093 3.0796852 2.1010559 40.40889 1.9656670093536377 0.12134122103452682
