Pedestrian 0.0 0 -3.7537872791290283 1151.2674560546875 97.54341125488281 1242.0 267.8592529296875 0.906404 1.7707325 0.74641216 6.607914 0.9881046 7.90875 -3.057760238647461 0.6141917705535889
Pedestrian 0.0 0 0.7701988220214844 138.43711853027344 134.01751708984375 230.54469299316406 289.4674377441406 0.79748875 1.820113 0.5699324 -5.24274 1.365747 8.81505 0.23364949226379395 0.2799345552921295
Cyclist 0.0 0 -1.9193603992462158 721.5073852539062 153.46609497070312 745.3966674804688 195.62338256835938 1.6105431 1.7469605 0.47856396 5.205157 0.94390094 30.7323 -1.7515817880630493 0.27173274755477905
Cyclist 0.0 0 1.126410961151123 957.5527954101562 132.16958618164062 1040.4552001953125 248.09312438964844 1.679358 1.7773823 0.52451295 6.3213544 1.1539516 11.910437 1.6143476963043213 0.2283511608839035
Car 0.0 0 -1.8898382186889648 748.9635009765625 163.35552978515625 1022.2525634765625 356.9320983886719 3.7720392 1.6535019 1.6073519 2.6625817 1.5727254 8.046942 -1.570296287536621 0.9366258978843689
Car 0.0 0 1.6645209789276123 456.11212158203125 181.47174072265625 541.7715454101562 256.65533447265625 4.158705 1.502352 1.6005261 -2.5439303 1.7313576 17.021282 1.5161632299423218 0.9351755380630493
Car 0.0 0 1.9386134147644043 180.65455627441406 143.4071807861328 476.16729736328125 354.9284973144531 4.173009 1.8438367 1.6983607 -2.913308 1.5875059 8.401095 1.6048126220703125 0.9109856486320496
Car 0.0 0 1.7541459798812866 523.133544921875 170.76173400878906 585.3281860351562 216.22805786132812 4.184174 1.6423622 1.6886075 -2.139182 1.5671422 28.23182 1.6785184144973755 0.8590734004974365
Car 0.0 0 -0.6619022488594055 617.5106201171875 173.5941162109375 680.6895751953125 200.98146057128906 3.382808 1.5115336 1.5659233 2.2295694 1.556129 41.515606 -0.6082494258880615 0.44537538290023804
Car 0.0 0 1.6913886070251465 494.5653381347656 170.45758056640625 561.7164916992188 227.21807861328125 4.0879393 1.6456747 1.6387926 -2.5572298 1.5765529 22.96885 1.5805104970932007 0.38658082485198975
