Pedestrian 0.0 0 -0.537744402885437 953.2644653320312 157.72764587402344 1013.3050537109375 242.01832580566406 0.9910097 1.7694678 0.5689282 7.9383497 1.4522864 15.459365 -0.06335696578025818 0.37662798166275024
Pedestrian 0.0 0 1.434363842010498 881.3605346679688 172.3827362060547 909.607666015625 235.6778106689453 0.6635738 1.5865155 0.5858706 7.254423 1.5750612 18.474323 1.8085405826568604 0.2272389531135559
Pedestrian 0.0 0 0.051282793283462524 782.9177856445312 149.9779815673828 814.7500610351562 223.05955505371094 0.7828535 1.8860197 0.627619 4.938141 1.2960153 19.034914 0.3051126003265381 0.20932772755622864
Car 0.0 0 -1.7857022285461426 672.136962890625 181.32717895507812 797.5648803710938 269.72991943359375 3.7884307 1.5059313 1.6831865 2.3156753 1.7005477 14.599898 -1.6284035444259644 0.9667693972587585
Car 0.0 0 -1.4412040710449219 432.8125915527344 183.94198608398438 497.9130859375 234.63360595703125 3.9132884 1.4895523 1.6346387 -4.7829213 1.8908873 24.083761 -1.6372485160827637 0.9616027474403381
Car 0.0 0 -1.7461068630218506 643.8587646484375 178.49098205566406 717.5278930664062 238.7314910888672 3.307202 1.5763743 1.5522155 1.9212263 1.7535056 20.91168 -1.6544907093048096 0.9287196397781372
Car 0.0 0 -1.7667279243469238 615.072021484375 181.63099670410156 683.43115234375 229.64767456054688 3.9175313 1.5203874 1.6769329 1.2657373 1.8579429 25.65728 -1.717435359954834 0.9156740307807922
Car 0.0 0 -1.645140528678894 597.1802368164062 178.80551147460938 630.7772216796875 207.85031127929688 3.4245222 1.450511 1.5349555 0.13757463 1.7831182 38.51564 -1.641568660736084 0.84885573387146
Car 0.0 0 1.9929660558700562 0.0 97.74944305419922 361.787353515625 375.0 4.487361 1.968461 1.7141131 -3.2341096 1.6632674 5.267701 1.4423516988754272 0.4237231910228729
Car 0.0 0 -0.9454917311668396 0.0 142.1508026123047 134.9569091796875 282.7846374511719 4.361737 2.0634294 1.8213717 -10.723657 1.613299 12.823991 -1.6419302225112915 0.18449832499027252
