Pedestrian 0.0 0 -2.4575326442718506 955.2310180664062 147.10789489746094 1035.156494140625 268.4270935058594 0.75642765 1.6265554 0.6309435 5.478825 1.1667782 10.09797 -1.960414171218872 0.734710156917572
Pedestrian 0.0 0 1.842933177947998 1050.44091796875 112.34259796142578 1238.0 374.0 0.6549155 1.6187344 0.63218606 2.5559938 1.3360155 3.3990004 2.4877028465270996 0.590462327003479
Pedestrian 0.0 0 -2.8296005725860596 520.6827392578125 183.1397247314453 550.9227294921875 233.49549865722656 0.855491 1.6856718 0.6981497 -2.2581534 1.7436731 24.505913 -2.9214882850646973 0.41884735226631165
Pedestrian 0.0 0 2.8872013092041016 466.04888916015625 173.82640075683594 492.2621154785156 225.3516387939453 0.7421132 1.7332672 0.66155577 -4.217331 1.4762125 24.615757 2.717522144317627 0.37908950448036194
Pedestrian 0.0 0 1.6145882606506348 466.01593017578125 176.6436309814453 485.2360534667969 227.0305938720703 0.7004076 1.7561918 0.64163584 -4.470615 1.587991 25.423204 1.4405200481414795 0.2607038915157318
Pedestrian 0.0 0 -0.0906374454498291 560.4712524414062 177.50157165527344 577.0986938476562 209.9911651611328 0.84045833 1.7301054 0.6075185 -1.7612962 1.5180252 38.607502 -0.13622640073299408 0.17661820352077484
Pedestrian 0.0 0 -2.133514404296875 534.2794799804688 174.58895874023438 555.5150756835938 218.5953826904297 0.5823701 1.6588804 0.590124 -2.1841052 1.3993887 27.485863 -2.212810516357422 0.15158136188983917
Pedestrian 0.0 0 -2.2035675048828125 913.2205810546875 155.6444549560547 928.1939086914062 184.95533752441406 0.66096175 1.8131355 0.5730996 19.923174 0.21447766 44.8166 -1.785256028175354 0.14282435178756714
Cyclist 0.0 0 1.739923357963562 282.9853820800781 143.25253295898438 331.9640197753906 244.42356872558594 1.8818457 1.8815161 0.60022557 -5.8747973 1.1714758 14.340244 1.351106882095337 0.19702167809009552
Cyclist 0.0 0 -2.8526480197906494 520.9143676757812 182.12879943847656 552.2930908203125 233.9022674560547 0.9061313 1.7358067 0.70021015 -2.2320614 1.7587197 24.523714 -2.9434144496917725 0.19398318231105804
Car 0.0 0 -1.7544187307357788 686.38720703125 169.63427734375 765.586181640625 233.92393493652344 3.6550038 1.7419223 1.6503838 3.5654142 1.4215804 21.302494 -1.5885851383209229 0.914277970790863
Car 0.0 0 -1.5768821239471436 654.8099975585938 178.91018676757812 684.0867309570312 205.80154418945312 3.7556348 1.4718623 1.5979637 3.8903294 1.3309345 41.255226 -1.482861042022705 0.27440017461776733
Car 0.0 0 -0.6007847189903259 626.9110107421875 181.23187255859375 682.5720825195312 202.80943298339844 3.855292 1.5508877 1.6631434 3.9841285 1.5322274 53.31497 -0.526195228099823 0.19685374200344086
Car 0.0 0 -1.6945700645446777 659.0989379882812 180.4337921142578 701.5914306640625 212.40452575683594 3.6312664 1.4123627 1.5251403 3.622551 1.3662119 33.558857 -1.5870401859283447 0.1625768095254898
Car 0.0 0 -1.5045231580734253 550.2305908203125 175.40133666992188 582.3255615234375 204.2895050048828 3.5604713 1.5497546 1.569332 -1.9354739 1.2234161 40.327988 -1.55247962474823 0.1396731287240982
