Pedestrian 0.0 0 2.5127339363098145 904.9740600585938 159.6388702392578 947.9950561523438 229.99192810058594 0.7408831 1.7754233 0.7101917 8.117569 1.4422853 18.63272 2.923600673675537 0.5766938924789429
Pedestrian 0.0 0 0.05564612150192261 845.6083984375 175.28460693359375 870.127685546875 221.11599731445312 0.8722542 1.7639054 0.7261448 9.690157 1.8613595 28.320393 0.38532114028930664 0.17360526323318481
Pedestrian 0.0 0 -1.08417809009552 897.7860107421875 153.4304962158203 924.0269165039062 201.8531494140625 0.81152457 1.8065975 0.6123522 11.390007 1.0822849 27.411514 -0.6903652548789978 0.16336607933044434
Pedestrian 0.0 0 -0.4239516854286194 818.8333740234375 149.0943603515625 856.289306640625 190.9434356689453 1.47801 1.882429 0.6817578 10.324335 0.8140455 32.879707 -0.11969789117574692 0.14250032603740692
Pedestrian 0.0 0 -0.8398319482803345 850.7015991210938 177.80001831054688 890.4710083007812 218.30899047851562 1.7584662 1.7425282 0.6465131 11.487922 1.9664372 31.907812 -0.49424558877944946 0.1210387647151947
Cyclist 0.0 0 -0.7815646529197693 848.6220703125 182.68634033203125 891.1947631835938 224.4324951171875 1.8453594 1.786194 0.6543999 11.44706 2.230377 31.880098 -0.4368361532688141 0.19717128574848175
Cyclist 0.0 0 -0.4239516854286194 818.8333740234375 149.0943603515625 856.289306640625 190.9434356689453 1.47801 1.882429 0.6817578 10.324335 0.8140455 32.879707 -0.11969789117574692 0.17748324573040009
Car 0.0 0 1.9615626335144043 300.8117370605469 187.1673126220703 375.0099792480469 224.83753967285156 4.020805 1.4446392 1.592585 -11.723642 2.1053073 31.24894 1.6026434898376465 0.9253057241439819
Car 0.0 0 1.860335111618042 364.5068359375 182.77236938476562 433.1737060546875 228.54461669921875 3.961899 1.6649146 1.5890323 -8.461872 2.092474 29.089127 1.5772526264190674 0.8954268097877502
Car 0.0 0 -1.6019682884216309 600.5221557617188 176.87820434570312 628.1348266601562 203.43893432617188 4.1930184 1.5826488 1.6119717 0.20287442 1.849989 45.749725 -1.5975338220596313 0.6830275654792786
Car 0.0 0 1.5845080614089966 478.5060119628906 180.68504333496094 501.1619567871094 202.63876342773438 3.7659898 1.5087007 1.5835655 -8.82389 2.1055558 52.976646 1.4194613695144653 0.30366167426109314
Car 0.0 0 1.863985300064087 431.4441223144531 171.1793975830078 491.804931640625 206.91171264648438 4.065011 1.5582353 1.643912 -6.859943 1.4855664 33.56164 1.6623642444610596 0.17610260844230652
