Pedestrian 0.0 0 -1.6924861669540405 1094.0086669921875 154.52426147460938 1121.0223388671875 210.38845825195312 0.64792615 1.8354335 0.669345 16.597387 1.2335631 24.145548 -1.0902740955352783 0.3218190371990204
Pedestrian 0.0 0 -1.793215274810791 1037.1903076171875 136.23098754882812 1063.9056396484375 189.6294403076172 0.6538272 1.8967513 0.6949788 15.853664 0.5962336 26.0474 -1.246462106704712 0.25303348898887634
Pedestrian 0.0 0 0.9165793061256409 80.29148864746094 149.89273071289062 148.1565399169922 275.7662658691406 0.57361716 1.8060954 0.60832274 -7.41681 1.4769936 10.727691 0.31166839599609375 0.15905478596687317
Pedestrian 0.0 0 -1.114262580871582 175.3256072998047 161.0369415283203 223.06578063964844 249.02914428710938 0.7123725 1.6993442 0.5680489 -8.184989 1.4714856 14.305316 -1.6339629888534546 0.11012794077396393
Pedestrian 0.0 0 -0.26108166575431824 783.1130981445312 157.73236083984375 798.7291259765625 194.89987182617188 0.61340225 1.8444941 0.63940424 9.018719 1.0944176 36.129375 -0.016457967460155487 0.1080527976155281
Pedestrian 0.0 0 3.210998773574829 287.10357666015625 158.3617706298828 351.78546142578125 287.4700927734375 0.8162616 1.7547128 0.45028594 -4.124653 1.5581064 10.144753 2.8248329162597656 0.10292509943246841
Pedestrian 0.0 0 2.258932590484619 123.9251480102539 157.1193084716797 184.41583251953125 271.397705078125 0.54777735 1.762527 0.5994926 -7.268072 1.520207 11.433908 1.692704677581787 0.10251211374998093
Pedestrian 0.0 0 1.211292028427124 791.7218627929688 147.19195556640625 818.97705078125 197.95803833007812 1.2415222 1.8387103 0.57380456 7.1955714 0.9096079 26.776442 1.4738175868988037 0.10108944773674011
Car 0.0 0 1.252380609512329 725.7616577148438 183.81553649902344 999.5822143554688 360.1842956542969 3.7735817 1.4417788 1.6424683 2.4084377 1.5933394 8.041515 1.5433790683746338 0.9634565711021423
Car 0.0 0 2.377547264099121 505.6972961425781 177.79234313964844 697.09912109375 255.49542236328125 4.3925285 1.4953232 1.6451901 -0.11909314 1.6215904 16.272963 2.3702290058135986 0.9364503622055054
Car 0.0 0 -2.29020094871521 862.7552490234375 202.69552612304688 1242.0 375.0 3.609802 1.5022824 1.5919293 2.5427783 1.7094784 3.1616082 -1.6128634214401245 0.8137916922569275
Car 0.0 0 -1.3612074851989746 322.44622802734375 158.50193786621094 355.8067321777344 187.0900115966797 4.4736276 2.3182034 1.7422377 -22.812654 1.1547546 60.848076 -1.7199007272720337 0.1863410323858261
