Car 0.0 0 -1.449279546737671 396.3819885253906 178.28466796875 481.2886962890625 247.1614227294922 3.6123953 1.5804968 1.6794529 -4.253317 1.4225838 18.376482 -1.6767287254333496 0.9659848809242249
Car 0.0 0 -1.1042423248291016 0.0 185.83595275878906 232.2265625 291.2852783203125 4.432497 1.4716669 1.6275524 -8.243587 1.4854448 12.354463 -1.6926525831222534 0.9600908160209656
Car 0.0 0 -1.3195075988769531 269.23577880859375 183.30740356445312 358.811767578125 232.37249755859375 4.468735 1.4597634 1.665301 -9.58552 1.40412 23.708324 -1.7037242650985718 0.9373833537101746
Car 0.0 0 -1.610088586807251 523.9993286132812 178.72894287109375 581.3322143554688 225.35580444335938 3.5715172 1.4032881 1.7119936 -1.9098597 1.2091936 23.506626 -1.6911582946777344 0.917481005191803
Car 0.0 0 -1.3963078260421753 344.3137512207031 181.13165283203125 397.6514587402344 216.10031127929688 4.135775 1.4917446 1.6186459 -10.766704 1.3186532 32.824085 -1.7132618427276611 0.9041988253593445
Car 0.0 0 0.0664554238319397 393.54119873046875 173.38992309570312 453.56243896484375 196.75091552734375 3.653798 1.4699708 1.538142 -11.848405 0.7269757 46.319923 -0.1839698851108551 0.475579172372818
Car 0.0 0 -1.445333480834961 368.6329345703125 176.4763946533203 406.8169250488281 206.19610595703125 3.6699858 1.5905572 1.6074332 -12.34771 1.1239733 40.413403 -1.7418605089187622 0.3597900867462158
Car 0.0 0 -0.5077841281890869 610.205078125 174.1092071533203 752.0985717773438 222.97471618652344 4.23819 1.4476283 1.6266812 2.303476 1.1197327 22.878613 -0.4074397385120392 0.303257018327713
Car 0.0 0 2.1409568786621094 0.0 189.20289611816406 102.38334655761719 275.6473693847656 4.020424 1.4145639 1.5174869 -11.882649 1.5052253 14.045112 1.4387694597244263 0.29102474451065063
Car 0.0 0 -1.2182284593582153 254.91241455078125 181.5009307861328 319.51373291015625 211.55384826660156 4.0135274 1.3945631 1.6187632 -15.7307 1.2233155 35.40913 -1.636294960975647 0.2768578827381134
