Car 0.0 0 -0.9761095643043518 69.99447631835938 203.42547607421875 157.016845703125 238.03268432617188 4.2504416 1.529944 1.655919 -25.913794 3.2218506 37.790134 -1.5771933794021606 0.9306696057319641
Car 0.0 0 1.8071528673171997 428.578369140625 186.15350341796875 487.55987548828125 226.531982421875 3.7794344 1.4997944 1.5543064 -6.276375 2.0878472 29.969337 1.6007099151611328 0.9289360046386719
Car 0.0 0 -1.0368688106536865 159.83404541015625 199.1754608154297 236.13389587402344 232.86549377441406 3.699609 1.4842783 1.7123734 -20.819447 2.8864603 36.561302 -1.5545141696929932 0.9266449213027954
Car 0.0 0 -1.6671857833862305 651.7511596679688 175.0670166015625 694.9116821289062 210.23245239257812 3.9960551 1.5261693 1.6099895 2.8481166 1.6356598 33.571785 -1.5825518369674683 0.9241208434104919
Car 0.0 0 2.2759931087493896 0.0 214.16844177246094 208.54039001464844 375.0 3.930912 1.5601274 1.6389064 -6.0510445 2.0918722 7.301597 1.583978295326233 0.8865400552749634
Car 0.0 0 -1.0206987857818604 116.90223693847656 197.5480499267578 197.38644409179688 232.1282501220703 3.9554539 1.5666347 1.7299589 -23.468395 2.9186897 37.507168 -1.5798044204711914 0.8694381713867188
Car 0.0 0 1.7352710962295532 460.47265625 186.90296936035156 504.7994079589844 219.92442321777344 3.7418427 1.4586227 1.5472058 -6.2201705 2.1838176 35.345646 1.5610735416412354 0.760590136051178
Car 0.0 0 -1.8197693824768066 817.56103515625 160.73196411132812 851.4443969726562 182.9901885986328 3.8378043 1.7498544 1.733384 18.189642 0.79722464 58.68276 -1.5191950798034668 0.7085362672805786
Car 0.0 0 -2.283125400543213 981.292236328125 184.53009033203125 1242.0 375.0 3.810523 1.5044533 1.6346053 2.8809505 1.5791429 2.5986352 -1.4462515115737915 0.687696099281311
Car 0.0 0 2.0840649604797363 214.57122802734375 193.21539306640625 292.8089599609375 225.8442840576172 4.1723976 1.4466258 1.7509063 -18.091225 2.5451393 36.780083 1.626937985420227 0.6203415989875793
Car 0.0 0 1.7686141729354858 488.9526672363281 179.8131103515625 529.7973022460938 209.680908203125 4.232319 1.6877655 1.664677 -6.1027756 2.1327922 43.939487 1.6306066513061523 0.5418688654899597
