Pedestrian 0.0 0 0.11182615160942078 372.97564697265625 170.90777587890625 399.95550537109375 217.7165069580078 0.94635165 1.8039664 0.6135741 -8.559786 1.435796 27.634102 -0.18855544924736023 0.6784307360649109
Pedestrian 0.0 0 -2.7152318954467773 361.53070068359375 160.70237731933594 394.269775390625 210.65838623046875 0.9835475 1.7965194 0.58373284 -8.299753 1.0860791 25.768202 -3.026832103729248 0.5733022093772888
Pedestrian 0.0 0 0.7325015664100647 521.4492797851562 158.86898803710938 551.291748046875 207.1681671142578 0.9485631 1.8077675 0.64140165 -2.646932 0.9996635 26.99831 0.6347732543945312 0.5651422739028931
Pedestrian 0.0 0 -1.5753477811813354 419.73797607421875 159.4991455078125 441.6327819824219 211.7086944580078 0.9836748 1.7656968 0.721836 -6.065428 1.0569967 24.472298 -1.818300724029541 0.5265713930130005
Pedestrian 0.0 0 -1.4637784957885742 445.96881103515625 154.26429748535156 467.1341247558594 203.244873046875 0.7017894 1.8105339 0.7074798 -5.5883155 0.8422646 26.515299 -1.6714967489242554 0.451255738735199
Cyclist 0.0 0 -0.7565087080001831 302.9630126953125 166.39157104492188 359.4737854003906 224.6605224609375 1.8469039 1.7930883 0.5109845 -8.792381 1.3604918 22.696325 -1.1260993480682373 0.9019463658332825
Cyclist 0.0 0 -0.5548803806304932 658.2259521484375 160.0027618408203 694.3895263671875 194.95492553710938 1.8336366 1.7789956 0.5829566 3.6871881 0.73715144 36.64687 -0.45460382103919983 0.7978202104568481
Cyclist 0.0 0 -0.05651107430458069 844.8135375976562 143.79542541503906 905.2962036132812 197.4639434814453 1.8324368 1.7307913 0.66232777 8.879919 0.548628 23.38917 0.3063383102416992 0.7967112064361572
Cyclist 0.0 0 -0.34605127573013306 784.4927978515625 150.43885803222656 833.8123168945312 195.99606323242188 1.790888 1.7884866 0.58513266 8.083893 0.6098456 28.103333 -0.06596393883228302 0.6122187376022339
Cyclist 0.0 0 -1.6164155006408691 808.9852294921875 154.9114990234375 820.203369140625 190.52523803710938 1.6309532 1.7256666 0.4571783 10.385273 0.48721346 35.101643 -1.3287584781646729 0.47351789474487305
Cyclist 0.0 0 -2.0923244953155518 1015.2286376953125 151.03477478027344 1045.161865234375 188.8725128173828 1.6538345 1.7808241 0.47386986 20.477894 0.3954996 34.103443 -1.5515638589859009 0.43842488527297974
Cyclist 0.0 0 -2.562713146209717 934.3899536132812 154.28558349609375 973.4615478515625 191.42002868652344 1.7115462 1.7450063 0.46481642 16.785187 0.51459956 34.075264 -2.1050097942352295 0.30957603454589844
Cyclist 0.0 0 -1.5484991073608398 420.21466064453125 159.82595825195312 441.68853759765625 212.1007080078125 1.0118562 1.7654564 0.70089245 -6.0384736 1.0687761 24.444134 -1.790682077407837 0.15686997771263123
Car 0.0 0 -1.400881290435791 440.2210998535156 170.02658081054688 521.19189453125 227.20834350585938 3.7821374 1.4459927 1.6060778 -3.402071 1.1827372 19.766132 -1.5713274478912354 0.9847264885902405
Car 0.0 0 -0.4310290515422821 942.8253173828125 154.05726623535156 1032.9505615234375 184.53123474121094 3.6549795 1.4946656 1.595723 19.201488 0.19915769 35.58659 0.06377196311950684 0.7024285197257996
Car 0.0 0 -0.6240538954734802 1028.505126953125 147.3350372314453 1135.228759765625 180.46202087402344 4.3059936 1.6415755 1.7227535 24.186022 -0.00056639314 35.964542 -0.0320262536406517 0.42697736620903015
