Car 0.0 0 3.57085919380188 0.0 160.86221313476562 234.83489990234375 276.6978759765625 3.6741698 1.8169186 1.6807009 -8.79754 1.6291814 12.47844 2.956772565841675 0.9366897940635681
Car 0.0 0 -1.7819945812225342 473.4166564941406 182.2945098876953 521.9560546875 217.43080139160156 3.8221896 1.6143814 1.6414635 -5.7454634 2.117496 36.344494 -1.9387805461883545 0.8887044191360474
Car 0.0 0 3.3804750442504883 129.8682098388672 182.18722534179688 303.5648193359375 249.27301025390625 3.6392488 1.5719692 1.5223993 -9.954277 1.8263148 18.435171 2.885371685028076 0.8401548862457275
Car 0.0 0 3.4985105991363525 51.80021667480469 182.23291015625 280.1568298339844 260.2598571777344 3.8335044 1.5073162 1.544094 -9.304577 1.7214155 15.322715 2.9527840614318848 0.8049005270004272
Car 0.0 0 0.17051520943641663 182.1175994873047 176.81674194335938 329.00396728515625 235.76063537597656 3.7246656 1.6449153 1.6335576 -10.531843 1.771148 21.612383 -0.28292569518089294 0.5190993547439575
Car 0.0 0 0.2806761860847473 233.665771484375 181.97903442382812 328.4223327636719 214.40768432617188 3.846804 1.484379 1.6436766 -15.803453 1.9378641 34.733574 -0.14632026851177216 0.4243451654911041
Car 0.0 0 3.2292585372924805 204.24160766601562 170.8785858154297 323.1225891113281 207.98971557617188 4.331376 1.4653873 1.6022437 -14.316179 1.3877429 29.996767 2.7839698791503906 0.3910682499408722
Car 0.0 0 0.0036100149154663086 287.46563720703125 165.6912078857422 350.2024230957031 187.771484375 4.233206 1.5822515 1.6239613 -21.476046 1.0693309 53.240795 -0.3798030912876129 0.34996652603149414
Car 0.0 0 -1.617730736732483 331.57354736328125 174.08538818359375 378.0882873535156 213.92498779296875 3.4345531 1.5167149 1.6226006 -10.509777 1.5706259 29.48054 -1.9601833820343018 0.3491666316986084
Car 0.0 0 -1.929596185684204 0.0 192.68572998046875 57.63027572631836 375.0 4.0711617 1.4898367 1.6014487 -7.48173 1.7201167 6.858797 -2.7584056854248047 0.33684825897216797
Car 0.0 0 1.040102481842041 0.0 168.43682861328125 96.7913589477539 211.07911682128906 3.3402755 1.4818549 1.4819933 -20.684454 1.3287126 26.372519 0.3749969005584717 0.2898518741130829
