Pedestrian 0.0 0 1.4795963764190674 735.7673950195312 189.33604431152344 764.1631469726562 254.82029724121094 0.6631331 1.7465755 0.70519197 3.784448 2.2073755 19.789713 1.6685482263565063 0.3334752321243286
Pedestrian 0.0 0 2.0571320056915283 313.7003173828125 181.73065185546875 359.31610107421875 260.2895202636719 0.86919254 1.7317625 0.644235 -6.284944 1.9406847 16.479828 1.6927868127822876 0.3172629773616791
Pedestrian 0.0 0 0.6488316059112549 1114.0491943359375 177.27110290527344 1145.5596923828125 227.34957885742188 0.6619796 1.9027662 0.76436096 20.066492 2.0766678 27.917027 1.2720576524734497 0.2604146897792816
Pedestrian 0.0 0 -3.0013439655303955 1076.3790283203125 187.59873962402344 1134.1768798828125 299.4395446777344 0.6491558 1.6208379 0.6215205 7.5139475 1.85562 11.020556 -2.4029293060302734 0.2149067521095276
Pedestrian 0.0 0 -3.052950143814087 919.8045654296875 132.44256591796875 994.4956665039062 286.5492248535156 0.8065692 1.8573856 0.60715467 4.3570986 1.3706809 9.159971 -2.608957529067993 0.21171031892299652
Pedestrian 0.0 0 -1.4181345701217651 500.46185302734375 156.44631958007812 515.5540771484375 197.27093505859375 0.4019415 1.9253428 0.656067 -4.875882 1.151893 34.230553 -1.5596251487731934 0.1941169947385788
Pedestrian 0.0 0 2.3525490760803223 773.6988525390625 168.94647216796875 836.3693237304688 268.5641174316406 0.95418215 1.8104439 0.66542095 3.6336908 1.7397867 13.638353 2.6129322052001953 0.17147067189216614
Pedestrian 0.0 0 1.7651607990264893 687.1651000976562 164.27723693847656 705.2206420898438 205.24501037597656 0.90427923 1.7840294 0.63232136 3.780283 1.4108933 31.94554 1.8829482793807983 0.15417572855949402
Pedestrian 0.0 0 2.0497140884399414 256.18603515625 177.99203491210938 304.484375 274.6519775390625 0.5460886 1.7971305 0.65951264 -6.3178897 1.8973424 13.7314205 1.6184889078140259 0.13947494328022003
Pedestrian 0.0 0 0.25655597448349 0.0 127.57113647460938 83.33497619628906 340.5957946777344 0.68613505 1.7378476 0.6650053 -5.1756434 1.3687896 6.3286004 -0.428955614566803 0.13371871411800385
Pedestrian 0.0 0 1.814663290977478 976.965087890625 179.0625457763672 1010.0326538085938 232.22274780273438 1.6208935 1.7780311 0.64722 13.328322 2.001791 25.14098 2.302133798599243 0.12609313428401947
Pedestrian 0.0 0 1.5391602516174316 365.77459716796875 194.37796020507812 393.99029541015625 268.2689514160156 1.1387694 1.8539422 0.6735548 -6.1579537 2.4443784 19.12868 1.2277143001556396 0.1250130981206894
Pedestrian 0.0 0 -2.0811047554016113 940.7855224609375 155.13284301757812 979.4993286132812 216.02734375 1.0509976 1.8793399 0.6716653 11.011144 1.3327835 22.810385 -1.6313724517822266 0.11778417974710464
Cyclist 0.0 0 2.0670981407165527 312.78070068359375 181.16751098632812 361.285400390625 260.5001220703125 0.9900798 1.7449912 0.64659256 -6.2829766 1.9417938 16.513401 1.7035340070724487 0.20725487172603607
Cyclist 0.0 0 1.2192684412002563 891.0961303710938 173.64503479003906 1007.68603515625 354.5824279785156 1.8469301 1.8133305 0.5744881 3.7174983 1.8236915 8.179057 1.6458700895309448 0.16441315412521362
Cyclist 0.0 0 1.8594748973846436 351.72418212890625 192.39984130859375 394.521728515625 266.53204345703125 1.7672646 1.7978297 0.5867669 -6.2137675 2.3332717 18.858019 1.5411759614944458 0.13301701843738556
Car 0.0 0 1.6971538066864014 475.5953369140625 191.85360717773438 537.3306884765625 246.83436584472656 3.6819403 1.680448 1.6802276 -3.5794387 2.3928413 25.1846 1.5559712648391724 0.9470931887626648
Car 0.0 0 1.5185880661010742 667.047119140625 160.9598846435547 695.5140991210938 186.18194580078125 3.651988 1.5890061 1.6622378 4.6069484 0.84002733 47.316032 1.615647554397583 0.17718729376792908
Car 0.0 0 1.4730819463729858 984.170166015625 209.5399627685547 1059.5064697265625 264.8467102050781 3.264358 1.3916031 1.7071904 12.661165 2.6259058 22.428478 1.9869991540908813 0.14857836067676544
Car 0.0 0 1.4318089485168457 971.7604370117188 182.88629150390625 1004.0775146484375 206.23182678222656 3.945758 1.6497042 1.643515 28.710058 2.4438453 54.953053 1.9132524728775024 0.1194237768650055
