Pedestrian 0.0 0 -1.5864567756652832 839.8670043945312 140.90321350097656 883.970703125 237.3975067138672 0.74121946 1.7715911 0.7714022 4.7268863 1.185347 13.716534 -1.2545896768569946 0.4931863844394684
Car 0.0 0 2.1240813732147217 0.0 202.35169982910156 250.22879028320312 366.5865478515625 3.5676546 1.4442177 1.5000622 -6.0208426 1.8791687 8.811231 1.5246416330337524 0.9538335204124451
Car 0.0 0 -1.916558861732483 774.6181030273438 180.36265563964844 1031.940185546875 332.22357177734375 3.7922516 1.3798715 1.5402111 3.119259 1.4898844 8.637739 -1.5700122117996216 0.9505104422569275
Car 0.0 0 -2.7312204837799072 279.498046875 179.4211883544922 393.3446960449219 218.5800323486328 4.537696 1.7171104 1.762057 -12.476609 2.0264812 32.958595 -3.0931034088134766 0.8772661685943604
Car 0.0 0 -2.4847259521484375 923.6906127929688 176.39669799804688 1242.0 375.0 3.728221 1.5330312 1.5877866 2.9825745 1.5572629 2.9154613 -1.687949299812317 0.8064209222793579
Car 0.0 0 0.5160480737686157 113.2684555053711 193.36622619628906 221.43812561035156 226.75900268554688 3.9634774 1.4419976 1.5789356 -20.260338 2.4066837 33.062614 -0.033720605075359344 0.5503909587860107
Car 0.0 0 -0.9753849506378174 1076.9356689453125 148.78897094726562 1192.9339599609375 195.25369262695312 3.4787817 1.5320047 1.5928975 18.22689 0.7389063 25.129013 -0.34785884618759155 0.383006751537323
Car 0.0 0 1.3818116188049316 367.3859558105469 178.47764587402344 408.011474609375 205.77000427246094 3.890006 1.509736 1.597309 -13.27871 1.8605098 42.86499 1.081406831741333 0.3229609727859497
Car 0.0 0 -3.349154472351074 795.4024658203125 167.09060668945312 886.0532836914062 198.77273559570312 3.7604258 1.4271922 1.5626968 10.601893 1.167925 33.46433 -3.042346239089966 0.30747660994529724
Car 0.0 0 3.350459098815918 69.77816009521484 198.3374786376953 207.00350952148438 246.27603149414062 3.7094593 1.4582442 1.5493683 -16.13225 2.3841112 24.81254 2.773967742919922 0.2744431495666504
