Pedestrian 0.0 0 1.5710899829864502 704.5978393554688 129.86245727539062 730.0614624023438 197.757080078125 0.7395614 1.7805303 0.66213113 2.8263361 0.6534389 19.333382 1.7162511348724365 0.5183683037757874
Pedestrian 0.0 0 2.4270212650299072 836.0474853515625 108.47598266601562 915.6296997070312 257.9589538574219 0.77182424 1.70687 0.46925268 3.1082067 0.972128 8.593745 2.7740654945373535 0.45130717754364014
Pedestrian 0.0 0 0.7886075973510742 322.21527099609375 181.82310485839844 360.5466003417969 253.7328338623047 0.6043696 1.6864012 0.62326956 -6.534935 1.9085423 17.429808 0.4298994541168213 0.35099801421165466
Pedestrian 0.0 0 0.5573117136955261 350.1453552246094 179.2483367919922 390.59613037109375 253.9547119140625 0.6258507 1.7606877 0.7604452 -5.8605523 1.9202628 17.520813 0.23451972007751465 0.3440099060535431
Car 0.0 0 -1.2572845220565796 272.0546875 200.04051208496094 435.3497314453125 305.689208984375 3.645376 1.3936518 1.54238 -4.2129893 1.9265242 12.295095 -1.5874019861221313 0.9863991737365723
Car 0.0 0 -2.040241241455078 804.7916870117188 179.10955810546875 1242.0 375.0 3.5616577 1.4758643 1.5906487 2.8547242 1.5432336 5.9296274 -1.591556429862976 0.9714106321334839
Car 0.0 0 -1.7218767404556274 686.7750244140625 181.26133728027344 783.8413696289062 255.6030731201172 3.49489 1.4521798 1.6116438 2.65366 1.662317 16.244932 -1.5599538087844849 0.958928644657135
Car 0.0 0 -1.3609384298324585 411.6522521972656 181.3787841796875 498.3096923828125 245.93992614746094 4.048824 1.6811848 1.6910095 -4.5121984 1.9577168 21.34692 -1.5692468881607056 0.942784309387207
Car 0.0 0 1.7098491191864014 488.55279541015625 182.2190399169922 531.44482421875 218.0889892578125 3.8535655 1.6105759 1.5618821 -4.877928 2.0945504 35.329693 1.5726478099822998 0.8801575303077698
Car 0.0 0 -1.6387696266174316 650.93408203125 178.124267578125 692.5567016601562 215.59426879882812 3.5272267 1.5368236 1.5838639 2.6355124 1.7829169 31.86522 -1.5562493801116943 0.8551634550094604
Car 0.0 0 1.6470003128051758 522.9837646484375 183.08482360839844 550.8839111328125 205.85108947753906 4.3586407 1.49028 1.6521915 -5.191646 2.2507257 51.40427 1.5463452339172363 0.5406796336174011
