Pedestrian 0.0 0 1.819616436958313 442.40020751953125 170.8990936279297 483.15277099609375 250.59034729003906 1.1081575 1.8565285 0.71318865 -3.5801136 1.811344 17.376335 1.61642587184906 0.6017860770225525
Pedestrian 0.0 0 -1.3444589376449585 714.2145385742188 164.35610961914062 729.2357177734375 209.65321350097656 0.33665538 1.8633404 0.5548999 4.595018 1.5141293 29.93737 -1.1921597719192505 0.4326403737068176
Pedestrian 0.0 0 -2.747058391571045 674.5245971679688 173.6809844970703 685.9026489257812 198.66383361816406 0.6247435 1.7967287 0.6379487 5.067308 1.8575772 52.346115 -2.65055513381958 0.2152293175458908
Pedestrian 0.0 0 -1.6543573141098022 522.7911987304688 165.71495056152344 535.447509765625 208.80972290039062 0.3956866 1.9060929 0.52878433 -3.6463647 1.5906886 32.1567 -1.7672686576843262 0.20862658321857452
Pedestrian 0.0 0 0.6374084949493408 214.90786743164062 109.28779602050781 314.1352844238281 273.2039794921875 0.7946014 1.7740918 0.63583696 -3.9625316 1.0864624 8.192786 0.18691730499267578 0.1296839416027069
Cyclist 0.0 0 1.7947542667388916 441.5314636230469 174.2759552001953 481.1138000488281 254.16172790527344 1.1468277 1.8498 0.69512784 -3.6001787 1.8854105 17.305372 1.5896416902542114 0.23259134590625763
Car 0.0 0 -1.7103381156921387 657.8526000976562 191.7683868408203 701.520263671875 225.32081604003906 3.7300048 1.4921473 1.6629848 3.3967206 2.4895284 36.130116 -1.6166000366210938 0.6609851121902466
Car 0.0 0 3.712083578109741 0.0 193.4983673095703 292.0489196777344 360.91876220703125 3.884736 1.4218112 1.5034509 -5.5272117 1.6557086 7.253954 3.0609729290008545 0.657187283039093
Car 0.0 0 2.144272565841675 564.6257934570312 183.57330322265625 620.439208984375 210.5554962158203 4.219646 1.6211902 1.6337923 -1.1240686 2.3580096 47.34414 2.1205344200134277 0.22572438418865204
Car 0.0 0 -1.7077773809432983 775.3726196289062 175.25242614746094 926.958740234375 314.99566650390625 3.63507 1.695571 1.5847585 3.3355927 1.7380308 10.74059 -1.4066612720489502 0.22516870498657227
Car 0.0 0 1.4061956405639648 663.8446655273438 175.62286376953125 686.8655395507812 193.67913818359375 3.7770991 1.5196878 1.405112 5.6792583 1.7702191 63.254356 1.4957400560379028 0.1940632462501526
