Pedestrian 0.0 0 1.7146363258361816 338.7111511230469 145.57838439941406 378.3521728515625 220.1497039794922 0.98964113 1.8874786 0.84576756 -6.59524 1.1974623 18.826912 1.3776861429214478 0.17066192626953125
Pedestrian 0.0 0 0.05841153860092163 428.7325439453125 146.94039916992188 445.0683898925781 195.05593872070312 0.5867888 1.8688468 0.708577 -6.85741 0.86269957 28.423075 -0.17832644283771515 0.15257775783538818
Pedestrian 0.0 0 1.3378647565841675 770.9281616210938 175.0131072998047 795.248046875 220.55381774902344 1.7618744 1.7519 0.54539686 6.8327575 1.8408394 28.718658 1.5714426040649414 0.11876346915960312
Cyclist 0.0 0 1.3378647565841675 770.9281616210938 175.0131072998047 795.248046875 220.55381774902344 1.7618744 1.7519 0.54539686 6.8327575 1.8408394 28.718658 1.5714426040649414 0.32436618208885193
Cyclist 0.0 0 -3.034404993057251 741.8790893554688 160.33758544921875 774.8399658203125 194.12892150878906 1.6090637 1.7196997 0.63821715 7.6273627 1.0830756 37.26626 -2.8325212001800537 0.22217236459255219
Car 0.0 0 1.7279839515686035 469.2774963378906 179.42613220214844 553.1751708984375 238.5076904296875 4.1278896 1.4516631 1.700054 -2.7044287 1.655693 20.273687 1.595370888710022 0.9561170935630798
Car 0.0 0 1.506006121635437 679.3707885742188 178.6534423828125 725.2791137695312 220.07135009765625 3.853302 1.5993867 1.6568377 3.784203 1.8598386 30.38458 1.6299116611480713 0.8980238437652588
Car 0.0 0 1.7182013988494873 550.547607421875 179.20375061035156 594.9609375 209.66419982910156 4.3634996 1.4409854 1.6712723 -1.899397 1.7896315 37.32198 1.6673530340194702 0.8840932250022888
Car 0.0 0 -1.8286430835723877 863.4244995117188 192.54510498046875 1201.4669189453125 375.0 3.552067 1.4806089 1.5909363 3.2945948 1.7098838 6.481605 -1.3583781719207764 0.4098583161830902
Car 0.0 0 -1.6817899942398071 667.0112915039062 182.152587890625 706.1334838867188 214.25926208496094 3.6901724 1.5330892 1.6061817 3.8796785 2.0389824 37.373894 -1.5783532857894897 0.3076426684856415
Car 0.0 0 -0.3599337339401245 739.3630981445312 156.8446502685547 826.5951538085938 186.51197814941406 4.1380467 1.5153581 1.6666754 9.025323 0.69798493 37.93972 -0.12638871371746063 0.17288392782211304
