Pedestrian 0.0 0 -1.390070915222168 794.2424926757812 177.1331787109375 826.7318115234375 252.49566650390625 0.80759585 1.7277465 0.6082455 4.705551 1.8324233 17.091223 -1.1214075088500977 0.1981739103794098
Pedestrian 0.0 0 1.8847253322601318 1075.8232421875 180.31033325195312 1117.396728515625 262.8953552246094 0.5835957 1.6078224 0.54026777 9.734401 1.7621942 14.508247 2.475691795349121 0.15712924301624298
Pedestrian 0.0 0 -0.7380185127258301 1203.260986328125 162.28953552246094 1242.0 265.10601806640625 0.6519638 1.6439713 0.50851107 10.183798 1.47541 11.796796 -0.025871846824884415 0.1272938996553421
Pedestrian 0.0 0 -1.848788857460022 798.2550048828125 160.45181274414062 816.6561889648438 198.33941650390625 0.8735335 1.8055111 0.6402139 9.486101 1.2148502 34.822296 -1.5828279256820679 0.10166388750076294
Pedestrian 0.0 0 -0.9986940026283264 197.51890563964844 176.9692840576172 215.2576904296875 206.20802307128906 0.58970857 1.782245 0.7534276 -24.85909 2.0375805 44.385345 -1.509238839149475 0.1008530706167221
Pedestrian 0.0 0 -0.9350057244300842 652.1371459960938 172.94757080078125 663.2953491210938 194.9290008544922 0.7294291 1.775014 0.5883803 3.8610775 1.7830498 58.73435 -0.8693621754646301 0.10075849294662476
Car 0.0 0 1.7732106447219849 429.188232421875 181.1414337158203 456.66741943359375 198.98475646972656 3.9902003 1.4989804 1.62566 -14.917306 2.2633228 64.49825 1.5459246635437012 0.40455174446105957
Car 0.0 0 1.4355155229568481 696.6848754882812 181.05209350585938 737.4884643554688 212.23770141601562 3.4772568 1.4451237 1.554872 5.270555 1.8754847 36.09701 1.5805017948150635 0.14060448110103607
Car 0.0 0 1.8996758460998535 430.0798034667969 181.4544677734375 463.6595153808594 200.68508911132812 4.014597 1.450873 1.4305089 -13.174587 2.1715922 58.359947 1.6776504516601562 0.1326242983341217
Car 0.0 0 3.107393980026245 585.1962890625 169.80430603027344 623.918701171875 185.13392639160156 3.6137044 1.4334553 1.5769511 -0.5526405 1.1486412 68.3316 3.099306583404541 0.1300041228532791
