Pedestrian 0.0 0 1.2844219207763672 971.0703735351562 154.8891143798828 1010.8975219726562 225.3806610107422 1.0579311 1.8166322 0.6614511 10.062137 1.3540184 19.175388 1.7676668167114258 0.7320427298545837
Pedestrian 0.0 0 -1.4483888149261475 545.6207275390625 178.86404418945312 561.3089599609375 219.21923828125 0.7057374 1.68827 0.58396643 -2.4397185 1.9470475 30.6568 -1.5278030633926392 0.44891831278800964
Pedestrian 0.0 0 1.7503533363342285 207.59239196777344 165.58700561523438 244.45254516601562 234.61427307128906 1.1207763 1.9123623 0.74436104 -11.013089 1.7113925 20.634401 1.2600914239883423 0.3360351026058197
Pedestrian 0.0 0 2.0430023670196533 337.073974609375 162.1988525390625 354.3272399902344 189.5365447998047 1.1119103 1.9109141 0.7196451 -18.71524 1.1664729 51.028183 1.6914727687835693 0.16576895117759705
Car 0.0 0 1.918877124786377 205.4998016357422 191.86399841308594 501.6988220214844 375.0 3.679531 1.4212384 1.5751934 -2.2979314 1.6646504 7.349191 1.6158299446105957 0.9336020946502686
Car 0.0 0 -1.6360286474227905 424.5455322265625 201.72488403320312 487.50958251953125 261.087646484375 3.878024 1.5048509 1.6427854 -4.9008207 2.48576 22.41245 -1.851305365562439 0.3409467935562134
Car 0.0 0 -1.0387332439422607 440.1997375488281 178.34800720214844 478.5876159667969 195.3484344482422 3.8253253 1.4159561 1.5868458 -13.233556 1.9155387 63.49521 -1.2442100048065186 0.2625776529312134
Car 0.0 0 -1.7992593050003052 638.4743041992188 174.17025756835938 693.360595703125 210.0138702392578 3.5800889 1.4584258 1.5991114 2.329297 1.5194956 31.38624 -1.7251811027526855 0.18842118978500366
Car 0.0 0 1.7554588317871094 319.3892822265625 193.23899841308594 442.869873046875 281.9115295410156 4.342589 1.4328296 1.6368093 -4.5983686 1.9189612 14.941207 1.4568941593170166 0.1821921169757843
Car 0.0 0 1.507843255996704 365.6229248046875 190.79905700683594 442.1269836425781 257.7809753417969 4.1077185 1.4540471 1.6601003 -5.5814342 1.983575 19.060415 1.2229787111282349 0.15216338634490967
Car 0.0 0 2.4837005138397217 0.0 148.3278045654297 47.07402801513672 187.1748046875 3.8071625 1.7805749 1.7587929 -29.996946 0.6567606 35.112526 1.7767102718353271 0.14981119334697723
