Car 0.0 0 -0.49314388632774353 815.7640380859375 187.02825927734375 1192.108154296875 320.14813232421875 3.7033083 1.4256911 1.534867 4.49888 1.6124538 8.690229 -0.01544146053493023 0.9326748251914978
Car 0.0 0 -1.8150895833969116 461.0936584472656 177.46560668945312 502.4751281738281 206.2197723388672 3.7901707 1.707614 1.7016621 -8.173438 2.0126517 45.590626 -1.9924839735031128 0.9288164973258972
Car 0.0 0 3.5687458515167236 0.0 167.6199493408203 282.31402587890625 268.5290222167969 3.901161 1.6424406 1.66199 -8.195629 1.5576067 12.838206 3.000584125518799 0.9283713102340698
Car 0.0 0 2.4878087043762207 903.88134765625 185.3583526611328 1242.0 375.0 3.6562734 1.4079324 1.4961203 4.616622 1.5298258 6.232553 3.1253488063812256 0.9222705960273743
Car 0.0 0 -2.3339481353759766 1069.789794921875 185.15701293945312 1157.6851806640625 215.4953155517578 4.1486807 1.5670774 1.7208678 28.628437 2.3075578 41.220486 -1.726909875869751 0.9103705883026123
Car 0.0 0 3.870750904083252 0.0 187.80906677246094 170.9441375732422 349.53778076171875 4.0811157 1.5326272 1.6375515 -7.3910213 1.7140982 7.865609 3.1164495944976807 0.8779353499412537
Car 0.0 0 3.6845319271087646 0.0 176.83685302734375 218.4562225341797 300.7791442871094 3.7487423 1.5896949 1.6015437 -7.976785 1.6526475 10.326829 3.026827573776245 0.8611990213394165
Car 0.0 0 3.3745062351226807 205.6658477783203 160.28623962402344 351.9881286621094 221.4704132080078 3.67762 1.7237474 1.659776 -9.795231 1.3700325 21.495113 2.9469258785247803 0.7228385806083679
Car 0.0 0 0.4005386233329773 118.43864440917969 173.35159301757812 328.8816833496094 255.42478942871094 3.6219165 1.6364045 1.5581446 -8.123074 1.6479785 15.3279505 -0.08678225427865982 0.6531448364257812
Car 0.0 0 -1.3952434062957764 252.97772216796875 160.54046630859375 287.08270263671875 186.18421936035156 3.5481012 1.8089868 1.6661373 -24.873875 0.94071084 52.826805 -1.8353060483932495 0.5233336091041565
