Car 0.0 0 -1.2606488466262817 155.6934356689453 187.20065307617188 301.0263366699219 262.1192626953125 4.427278 1.4923654 1.698754 -8.660895 1.5462108 16.762766 -1.7375469207763672 0.9706327319145203
Car 0.0 0 -1.3606427907943726 310.2071533203125 185.76393127441406 378.6246337890625 225.6603240966797 4.42016 1.4346497 1.629863 -10.26417 1.4590544 28.210674 -1.7095935344696045 0.9612051248550415
Car 0.0 0 -1.5157525539398193 416.7498474121094 180.8056182861328 483.6474914550781 241.14971923828125 3.3205605 1.6357199 1.7500418 -4.621059 1.517309 21.259796 -1.729784607887268 0.9483817219734192
Car 0.0 0 -1.1188178062438965 46.9584846496582 187.3328399658203 204.14259338378906 252.59056091308594 4.3088536 1.4757481 1.6494778 -12.3075905 1.5384033 18.642128 -1.7023322582244873 0.9259517192840576
Car 0.0 0 -1.643182635307312 522.6231079101562 180.26951599121094 589.024658203125 238.88766479492188 3.673263 1.6239401 1.7308028 -1.6999608 1.4880437 21.856539 -1.7208044528961182 0.9196145534515381
Car 0.0 0 -0.9471385478973389 0.0 206.89154052734375 158.3223419189453 376.0 4.0072966 1.4460105 1.6069291 -6.8373055 1.7450492 7.8047156 -1.6665618419647217 0.8575395345687866
Car 0.0 0 -1.5477337837219238 403.4914855957031 177.27793884277344 428.96490478515625 199.72608947753906 4.1456223 1.5535197 1.6860256 -13.824228 1.0053202 51.95729 -1.8077781200408936 0.6597582101821899
Car 0.0 0 -1.1776150465011597 175.90672302246094 163.60446166992188 269.9913635253906 204.79623413085938 4.188879 1.4512334 1.690058 -14.613051 0.69097584 27.48778 -1.666237473487854 0.6279951333999634
Car 0.0 0 -1.4258660078048706 357.0575866699219 183.72308349609375 399.4461364746094 213.56455993652344 3.5048022 1.4518293 1.5802865 -11.735095 1.3803432 36.827244 -1.7343461513519287 0.4642403721809387
Car 0.0 0 -1.549938440322876 502.0454406738281 185.44342041015625 523.3551025390625 203.70689392089844 4.1861935 1.4509184 1.6588949 -7.82718 1.471535 59.330708 -1.681105613708496 0.44031354784965515
