Pedestrian 0.0 0 2.3933892250061035 650.0902709960938 164.9817352294922 666.9285278320312 194.07260131835938 1.0198932 1.8479176 0.4879604 3.085762 1.3482115 46.341724 2.4598782062530518 0.22164089977741241
Pedestrian 0.0 0 -3.049109697341919 605.9620361328125 168.32797241210938 617.6126708984375 196.64797973632812 0.6414893 1.6873866 0.6727737 0.07649232 1.4180713 43.353626 -3.0473453998565674 0.2038033902645111
Pedestrian 0.0 0 1.2270605564117432 665.017333984375 158.87513732910156 684.3919677734375 191.393798828125 1.4746467 1.7002126 0.5637726 3.4084427 0.9696965 38.506905 1.3153455257415771 0.10186556726694107
Cyclist 0.0 0 2.143535852432251 221.552978515625 183.15403747558594 239.66525268554688 205.03109741210938 1.3937948 1.6091876 0.5423444 -28.657766 2.3973293 54.46495 1.6591730117797852 0.7611572742462158
Cyclist 0.0 0 1.2270605564117432 665.017333984375 158.87513732910156 684.3919677734375 191.393798828125 1.4746467 1.7002126 0.5637726 3.4084427 0.9696965 38.506905 1.3153455257415771 0.2443172186613083
Car 0.0 0 2.795919895172119 367.94439697265625 175.69985961914062 432.1416015625 195.8836212158203 4.4713964 1.4881207 1.6383187 -16.214308 1.7160985 55.73035 2.51279354095459 0.8622359037399292
Car 0.0 0 2.330453634262085 267.1225891113281 180.99998474121094 346.1717224121094 210.08712768554688 4.3119726 1.5271367 1.6833769 -17.385147 2.0220685 41.490185 1.9336605072021484 0.8379662036895752
Car 0.0 0 2.567305564880371 420.41058349609375 173.64602661132812 486.4641418457031 198.20904541015625 4.3271627 1.6529224 1.6830981 -11.012695 1.711398 50.816032 2.353888988494873 0.5880670547485352
Car 0.0 0 3.106340169906616 527.3416137695312 173.41262817382812 583.240234375 191.20230102539062 4.5188236 1.4332794 1.7247337 -4.542693 1.4804152 59.308575 3.029895305633545 0.5841713547706604
Car 0.0 0 1.676820993423462 426.7438659667969 177.39097595214844 465.19110107421875 206.9423065185547 4.0975685 1.5290909 1.6609846 -9.099603 1.7951314 40.118465 1.453776478767395 0.3467099368572235
