Pedestrian 0.0 0 1.684927225112915 901.4448852539062 143.14990234375 953.602294921875 261.5244140625 0.85440636 1.742527 0.647676 4.862659 1.3056269 11.150624 2.0961523056030273 0.7613106369972229
Pedestrian 0.0 0 -3.0293545722961426 720.8230590820312 168.0252685546875 731.5718994140625 196.81698608398438 0.5974102 1.8061881 0.70501167 7.326975 1.5036254 45.68107 -2.8703150749206543 0.19699910283088684
Pedestrian 0.0 0 -3.525052309036255 932.0938110351562 127.61738586425781 1009.5825805664062 233.7538299560547 1.1375602 1.8672347 0.5148104 6.430122 1.0717547 12.991038 -3.0654399394989014 0.15665963292121887
Cyclist 0.0 0 -1.3146082162857056 709.0033569335938 170.05064392089844 725.3179321289062 200.2091064453125 1.7697414 1.7552302 0.5303736 6.347499 1.592432 42.908916 -1.1677436828613281 0.1631130874156952
Car 0.0 0 1.8905858993530273 409.0412902832031 183.39682006835938 518.4271850585938 245.36874389648438 4.239534 1.4583789 1.7013133 -3.9385145 1.7823808 19.937918 1.6955578327178955 0.9717759490013123
Car 0.0 0 -1.5759153366088867 716.0045776367188 177.3639373779297 780.4688720703125 233.9217529296875 3.6835868 1.514192 1.736167 4.067928 1.6618557 21.596458 -1.3897358179092407 0.8821537494659424
Car 0.0 0 1.8087005615234375 656.3702392578125 172.89393615722656 684.8491821289062 192.34396362304688 3.6162024 1.5645238 1.5531986 5.04653 1.5683113 60.005337 1.8926044702529907 0.7470843195915222
Car 0.0 0 -1.3817716836929321 721.8904418945312 174.99545288085938 775.5447998046875 212.5822296142578 3.5742433 1.5316911 1.6659584 6.0841384 1.631665 31.593327 -1.1915240287780762 0.33327779173851013
Car 0.0 0 1.6189117431640625 684.270751953125 171.37913513183594 704.0064086914062 190.67971801757812 4.2181053 1.7414471 1.6297406 7.857697 1.6087315 67.31385 1.73511803150177 0.23163406550884247
Car 0.0 0 -1.698379397392273 852.2742919921875 146.3011932373047 904.26806640625 194.35362243652344 3.6440182 1.8841223 1.5786793 11.1329775 0.84335244 30.240797 -1.3456326723098755 0.16026346385478973
