Car 0.0 0 -1.2221121788024902 158.44869995117188 193.65802001953125 335.02447509765625 294.96160888671875 3.5362585 1.4143339 1.5283418 -5.942193 1.5801169 12.177517 -1.6760848760604858 0.9827808141708374
Car 0.0 0 -1.5352330207824707 500.7190856933594 181.06982421875 548.25146484375 225.53785705566406 3.5594027 1.5984703 1.692808 -3.1839287 1.4505723 27.677519 -1.649766206741333 0.9700288772583008
Car 0.0 0 -1.3432512283325195 304.38482666015625 186.55581665039062 406.27374267578125 250.4944610595703 4.042604 1.4682887 1.6149673 -6.4600525 1.5081695 18.68685 -1.6760905981063843 0.9646010994911194
Car 0.0 0 -1.7735384702682495 605.8715209960938 179.982666015625 719.9567260742188 260.0284729003906 4.049005 1.5700046 1.7413988 1.0481027 1.4684958 16.220896 -1.709013819694519 0.9574174284934998
Car 0.0 0 -1.4189132452011108 365.51953125 185.5255126953125 430.70709228515625 229.8369903564453 4.545649 1.5171286 1.6765054 -7.8078885 1.5309175 27.003412 -1.7003813982009888 0.9257152080535889
Car 0.0 0 -1.1428587436676025 57.970890045166016 152.65463256835938 241.9973602294922 245.55364990234375 4.7757335 1.9019084 1.8646487 -10.683896 1.2364215 17.200525 -1.6986758708953857 0.9189505577087402
Car 0.0 0 -1.4690827131271362 418.5074462890625 184.87269592285156 455.3755798339844 213.10804748535156 3.7456226 1.4494385 1.5681263 -9.213426 1.432962 38.85734 -1.701892375946045 0.8543521761894226
Car 0.0 0 -1.333248257637024 316.56640625 171.90223693847656 369.7059020996094 204.16448974609375 4.135348 1.5363188 1.5941921 -13.342852 0.90346736 36.37286 -1.6848417520523071 0.7043208479881287
Car 0.0 0 -1.7339739799499512 541.6832885742188 182.37387084960938 570.7783203125 201.62310791015625 4.2689857 1.4827157 1.6487602 -4.18429 1.2649485 57.63569 -1.806445837020874 0.7016419172286987
Car 0.0 0 -1.282848834991455 267.122314453125 182.91836547851562 346.58734130859375 222.25401306152344 4.104854 1.3433552 1.6155243 -11.087683 1.2660302 26.672323 -1.6768159866333008 0.6780780553817749
Car 0.0 0 -1.5041381120681763 494.7010192871094 183.8369903564453 530.619384765625 214.2143096923828 3.649905 1.4787632 1.5880281 -4.8612137 1.4127796 36.86234 -1.635256290435791 0.6035097241401672
