Pedestrian 0.0 0 3.417341947555542 128.53941345214844 179.3659210205078 168.40013122558594 252.83331298828125 0.64065975 1.673966 0.6105383 -10.679537 1.6497353 16.491314 2.842665910720825 0.7417800426483154
Pedestrian 0.0 0 1.6784298419952393 159.62240600585938 179.28115844726562 188.6699981689453 247.0840606689453 0.7663524 1.6881875 0.556722 -11.038572 1.6594356 18.064774 1.1299211978912354 0.7288371324539185
Pedestrian 0.0 0 0.08137345314025879 233.4106903076172 168.12808227539062 268.84661865234375 242.02516174316406 0.6892839 1.6713917 0.6169307 -8.240326 1.3931763 16.402096 -0.38418805599212646 0.6980043649673462
Pedestrian 0.0 0 1.495329737663269 393.5717468261719 149.11538696289062 433.34600830078125 244.3071746826172 0.820323 1.7603549 0.6737368 -3.7279725 1.1816062 13.569948 1.2272213697433472 0.6841925978660583
Pedestrian 0.0 0 -2.2972874641418457 364.7439880371094 172.6315460205078 399.7040710449219 236.95130920410156 0.6965302 1.800783 0.659224 -6.414085 1.5820619 20.25198 -2.604006767272949 0.6085360646247864
Pedestrian 0.0 0 -3.7182135581970215 1083.15283203125 93.89309692382812 1175.36572265625 249.74539184570312 0.6396061 1.8524612 0.69823015 6.4301677 0.82473254 8.765564 -3.0853099822998047 0.5580008029937744
Pedestrian 0.0 0 0.20978198945522308 595.582763671875 155.71871948242188 646.4893798828125 237.35240173339844 1.0505445 1.8037251 0.6171495 0.33073312 1.2577882 16.037903 0.23040103912353516 0.5134210586547852
Pedestrian 0.0 0 0.4567720293998718 72.77375030517578 180.75048828125 134.13723754882812 264.2564392089844 0.9037418 1.7093459 0.54059124 -10.535175 1.7163333 14.809582 -0.16154785454273224 0.470236212015152
Pedestrian 0.0 0 -1.7455105781555176 306.5583801269531 159.71449279785156 347.8486633300781 249.79185485839844 0.95693547 1.7818617 0.63154596 -5.768953 1.3723236 14.5544815 -2.1228833198547363 0.37748822569847107
Pedestrian 0.0 0 2.7705893516540527 847.7449951171875 137.27194213867188 894.7626953125 222.268310546875 0.82608575 1.8287961 0.5311877 5.781883 0.9003117 15.47917 3.1280677318573 0.3135085701942444
Pedestrian 0.0 0 -0.980596661567688 1179.5914306640625 144.23924255371094 1224.0 213.79617309570312 1.6004088 1.6390017 0.48235643 14.714475 0.786177 17.101484 -0.27008378505706787 0.2575487494468689
Cyclist 0.0 0 -0.5938292145729065 894.3636474609375 149.41429138183594 949.4449462890625 193.56642150878906 1.8946111 1.7103465 0.7404018 12.48075 0.50766575 27.912447 -0.17335684597492218 0.7431703805923462
Cyclist 0.0 0 -1.6192389726638794 904.3319091796875 146.61224365234375 924.1691284179688 201.96546936035156 2.0443552 1.8169136 0.5197311 10.565523 0.7061252 24.251106 -1.2083640098571777 0.6438032984733582
Cyclist 0.0 0 -0.9313576221466064 1177.2227783203125 143.23231506347656 1224.0 213.08035278320312 1.7082533 1.6485009 0.48542514 14.736897 0.770541 17.105692 -0.22021348774433136 0.4207858741283417
Cyclist 0.0 0 1.495329737663269 393.5717468261719 149.11538696289062 433.34600830078125 244.3071746826172 0.820323 1.7603549 0.6737368 -3.7279725 1.1816062 13.569948 1.2272213697433472 0.2868732511997223
Cyclist 0.0 0 0.4720047116279602 65.41178131103516 182.00704956054688 138.5372772216797 266.0812072753906 1.1295938 1.7177011 0.5327111 -10.55583 1.7516134 14.79946 -0.14756374061107635 0.2738400101661682
Car 0.0 0 -1.2220616340637207 216.3492431640625 184.26077270507812 449.9616394042969 321.37353515625 3.732019 1.3813727 1.5552057 -3.238744 1.441368 9.0918455 -1.5642714500427246 0.970276951789856
Car 0.0 0 1.6193859577178955 465.67169189453125 167.6661834716797 490.158935546875 190.03817749023438 3.7166696 1.5050445 1.5111092 -8.860662 0.64298314 49.500618 1.4422607421875 0.8230816125869751
Car 0.0 0 -3.778599739074707 1076.6068115234375 141.50570678710938 1218.01318359375 188.44749450683594 3.71873 1.597353 1.617499 18.983246 0.27197507 24.890488 -3.1270384788513184 0.38235700130462646
