Pedestrian 0.0 0 -1.3288551568984985 886.8621215820312 171.62481689453125 925.7341918945312 238.32647705078125 0.89364356 1.7717059 0.79524624 8.070261 1.7394149 19.757772 -0.9410769939422607 0.20302125811576843
Pedestrian 0.0 0 -1.7916271686553955 765.84228515625 165.51760864257812 789.5905151367188 215.09019470214844 0.9311821 1.7475729 0.64001936 5.9693995 1.4893029 25.900892 -1.5651116371154785 0.18005017936229706
Pedestrian 0.0 0 -2.3145463466644287 953.50341796875 160.52951049804688 972.3955078125 197.3085479736328 0.5072815 1.7408831 0.6353247 16.828875 1.157879 34.48403 -1.8605290651321411 0.12651973962783813
Cyclist 0.0 0 1.4843953847885132 715.0655517578125 177.8662109375 724.5918579101562 206.8264617919922 1.6249228 1.6088318 0.3964279 6.2299237 1.9010533 41.189373 1.6345083713531494 0.26689234375953674
Cyclist 0.0 0 2.1875159740448 262.57421875 180.06539916992188 282.201171875 204.5322723388672 1.6385027 1.7750696 0.46140072 -25.140488 2.3205397 53.691376 1.7495970726013184 0.19906362891197205
Cyclist 0.0 0 -0.16755825281143188 890.72607421875 167.74449157714844 939.3140258789062 211.35606384277344 1.6138498 1.6416342 0.75634927 11.653676 1.4496593 27.71006 0.2305436134338379 0.1958332508802414
Car 0.0 0 2.018779993057251 162.57211303710938 193.0047149658203 332.76141357421875 272.5662841796875 4.229721 1.410212 1.6740792 -7.8268533 1.9162115 15.981759 1.563376784324646 0.9607846736907959
Car 0.0 0 -1.6042653322219849 591.0180053710938 177.54974365234375 624.7097778320312 209.380126953125 4.321401 1.5981052 1.668449 -0.2012973 1.866952 39.061287 -1.6094186305999756 0.8032734394073486
Car 0.0 0 1.7397234439849854 460.2086486816406 180.9505615234375 501.2664794921875 211.91404724121094 3.484518 1.4803641 1.5182264 -6.644452 1.9173145 37.15658 1.5627707242965698 0.3426509499549866
Car 0.0 0 1.804998517036438 403.7189636230469 178.248779296875 470.4176940917969 223.259765625 3.7426221 1.5302569 1.5858116 -6.392322 1.7453662 26.848001 1.571257472038269 0.2765236496925354
