Pedestrian 0.0 0 1.9010692834854126 356.9358825683594 131.13821411132812 404.848876953125 210.8128204345703 1.1700253 1.8822577 0.78117776 -5.6307898 0.897109 17.636257 1.5920255184173584 0.2831844687461853
Cyclist 0.0 0 -1.9499601125717163 711.6686401367188 153.81138610839844 733.9522094726562 191.35511779785156 1.6992561 1.7310905 0.44129613 5.287703 0.8534193 34.143837 -1.7963151931762695 0.44835323095321655
Cyclist 0.0 0 1.9010692834854126 356.9358825683594 131.13821411132812 404.848876953125 210.8128204345703 1.1700253 1.8822577 0.78117776 -5.6307898 0.897109 17.636257 1.5920255184173584 0.10225558280944824
Car 0.0 0 -1.854832649230957 713.8765869140625 163.3562774658203 886.6331176757812 289.7348327636719 3.671663 1.6743999 1.6134957 2.7467234 1.5489216 11.429528 -1.6189868450164795 0.9730552434921265
Car 0.0 0 1.816711187362671 340.9726867675781 153.33908081054688 509.8647155761719 293.3919372558594 4.092959 1.893513 1.6825087 -2.8353822 1.6300292 11.807423 1.581037998199463 0.9537088871002197
Car 0.0 0 1.6475006341934204 489.5113220214844 176.0071563720703 557.5072021484375 234.27456665039062 4.313646 1.4671783 1.5924342 -2.4125865 1.567081 20.589212 1.5308552980422974 0.945418655872345
Car 0.0 0 3.6953535079956055 0.0 182.21566772460938 277.92779541015625 336.5726013183594 4.309253 1.3661644 1.5309961 -6.0369864 1.4775122 7.529493 3.019529104232788 0.9364216923713684
Car 0.0 0 -0.6338774561882019 605.9039916992188 168.99468994140625 668.0360717773438 193.9801483154297 3.5676181 1.4625717 1.5214922 1.6227609 1.2370175 43.865692 -0.596900463104248 0.6355882287025452
Car 0.0 0 1.714632511138916 539.4243774414062 168.33673095703125 591.3784790039062 208.46041870117188 4.3076773 1.6460845 1.6848192 -1.9323232 1.4611202 31.814898 1.6539705991744995 0.6052861213684082
Car 0.0 0 1.6704907417297363 516.7272338867188 167.35861206054688 571.6366577148438 213.187255859375 3.9227674 1.5486659 1.6127808 -2.3732219 1.3633207 26.349089 1.5806646347045898 0.4646282196044922
