Pedestrian 0.0 0 1.4373266696929932 494.8619079589844 176.24229431152344 510.835693359375 211.8203125 0.99994147 1.7979149 0.68504655 -5.5579963 1.9754188 37.14492 1.2887985706329346 0.5761538147926331
Cyclist 0.0 0 1.601635456085205 513.6002807617188 176.2715301513672 527.4100341796875 211.948486328125 1.7870036 1.8727176 0.6878037 -4.861113 2.0620317 38.969677 1.477535605430603 0.7338281869888306
Cyclist 0.0 0 1.4406770467758179 494.9399719238281 176.271728515625 510.73583984375 211.7887420654297 0.96885216 1.7968427 0.6835762 -5.5617905 1.97592 37.16807 1.292140245437622 0.14901484549045563
Car 0.0 0 -1.764812707901001 638.2034912109375 177.74998474121094 691.4000854492188 217.89491271972656 3.2763593 1.4704677 1.4840975 2.0704408 1.67629 28.561157 -1.6924477815628052 0.9225990176200867
Car 0.0 0 -1.7235007286071777 572.4978637695312 179.9542999267578 605.6141967773438 205.76129150390625 3.719191 1.5899552 1.6261295 -1.4486783 2.077361 47.51498 -1.7539801597595215 0.9095948934555054
Car 0.0 0 -1.568343997001648 453.3137512207031 184.54168701171875 492.70953369140625 221.84913635253906 3.6054306 1.4510033 1.5778006 -5.9555397 1.9875197 31.179281 -1.757080078125 0.9029402136802673
Car 0.0 0 -1.4122533798217773 90.96373748779297 194.56285095214844 176.87258911132812 249.37635803222656 3.7363982 1.4430606 1.6779541 -14.8793545 2.1869793 22.66308 -1.9932165145874023 0.8994203805923462
Car 0.0 0 -1.785506248474121 701.5907592773438 166.5914306640625 832.2279052734375 256.9866943359375 4.119475 1.5386125 1.6394726 2.885207 1.4323754 14.351346 -1.5871100425720215 0.8915935754776001
Car 0.0 0 -1.8417965173721313 608.4244995117188 175.02362060546875 656.2879638671875 207.26766967773438 3.3212788 1.4924693 1.5066583 1.0121459 1.6047602 35.42904 -1.8132359981536865 0.8276073932647705
Car 0.0 0 1.3607141971588135 678.4889526367188 178.3679962158203 771.754638671875 241.1001434326172 4.1094604 1.4923615 1.6510407 2.9556503 1.6588285 19.632559 1.5101404190063477 0.7787628769874573
Car 0.0 0 -1.565304160118103 454.7188415527344 180.9661865234375 488.95245361328125 212.27838134765625 3.7697961 1.4994025 1.6657896 -7.224246 1.9449986 37.593357 -1.7551578283309937 0.6035898923873901
