Pedestrian 0.0 0 1.1725444793701172 586.5430297851562 163.25534057617188 604.7638549804688 199.13397216796875 0.8208276 1.7853558 0.65126264 -0.30189943 0.87836635 36.248173 1.1642160415649414 0.5834013819694519
Pedestrian 0.0 0 -2.278594970703125 934.982666015625 164.2720489501953 981.4183959960938 243.7325897216797 0.68568367 1.6650231 0.5897703 7.6311746 1.305261 15.454407 -1.8199306726455688 0.46433642506599426
Pedestrian 0.0 0 0.07242817431688309 577.1243896484375 160.53855895996094 594.5772705078125 196.16372680664062 0.8791811 1.8509811 0.5140214 -0.8179306 0.76274014 37.598976 0.05067753791809082 0.4413910210132599
Pedestrian 0.0 0 1.236656665802002 792.525390625 156.4672393798828 832.5352172851562 234.12738037109375 0.61480343 1.672218 0.67803043 4.5958557 1.1344264 15.789194 1.5199062824249268 0.43644604086875916
Pedestrian 0.0 0 -3.5563998222351074 976.0159912109375 141.86553955078125 1065.6722412109375 307.4573059082031 0.62650186 1.7135801 0.6532636 4.478512 1.3047973 7.7890935 -3.0345864295959473 0.37079763412475586
Pedestrian 0.0 0 1.8954689502716064 357.7267761230469 147.47567749023438 399.814453125 225.76885986328125 0.94430315 1.7959694 0.6857151 -5.2779293 1.0166942 16.955162 1.5936890840530396 0.33600887656211853
Pedestrian 0.0 0 -1.4094555377960205 958.7355346679688 176.7379150390625 982.2092895507812 222.83636474609375 0.6957812 1.6422611 0.6549178 13.370264 1.4736663 26.062477 -0.9354556798934937 0.30373719334602356
Pedestrian 0.0 0 -2.974076747894287 514.5067749023438 152.71202087402344 550.89501953125 212.98379516601562 1.0316988 1.821512 0.5678433 -2.129313 0.952613 22.026522 -3.0704476833343506 0.2840886116027832
Pedestrian 0.0 0 0.7700843811035156 445.60333251953125 190.6560516357422 482.7289733886719 263.0721435546875 0.55015343 1.6471604 0.6640319 -3.2567434 1.8689188 16.873116 0.5794153213500977 0.24789443612098694
Pedestrian 0.0 0 1.378693699836731 464.1109313964844 142.404296875 506.4693603515625 236.88047790527344 0.9435304 1.828338 0.6704033 -2.386366 1.0729966 14.457835 1.2151116132736206 0.22902458906173706
Pedestrian 0.0 0 -1.4623994827270508 536.7777709960938 174.0332489013672 552.0101928710938 209.58624267578125 0.7057009 1.8141484 0.71135896 -2.9416778 1.4340125 37.014637 -1.5417062044143677 0.1914130300283432
Cyclist 0.0 0 -2.860046863555908 512.0311889648438 151.47792053222656 547.0657348632812 212.1264190673828 0.94959337 1.8282193 0.5655763 -2.2263718 0.92434 22.014778 -2.9608349800109863 0.12327038496732712
Car 0.0 0 1.6128236055374146 600.9270629882812 168.80874633789062 645.0286865234375 208.9025421142578 4.1538563 1.5058845 1.6129448 0.9174073 1.0302444 29.107925 1.644330620765686 0.8846743702888489
Car 0.0 0 -1.451690435409546 648.0533447265625 166.62826538085938 695.3772583007812 204.21864318847656 3.875037 1.548927 1.6274309 3.1410763 0.93711793 31.664309 -1.3528146743774414 0.45249083638191223
Car 0.0 0 -1.127300500869751 834.0257568359375 163.39602661132812 1238.0 374.0 3.7044744 1.4365011 1.5598935 3.2396128 1.3730129 4.091916 -0.4576346278190613 0.32551708817481995
Car 0.0 0 1.687371015548706 402.188720703125 175.597412109375 463.0519104003906 222.38116455078125 3.991386 1.4900962 1.601427 -5.799578 1.3031957 24.94946 1.4589741230010986 0.19675764441490173
