Pedestrian 0.0 0 -1.6180824041366577 686.9252319335938 158.40599060058594 700.61328125 196.70632934570312 0.63172483 1.8143452 0.62013996 3.9653242 1.1302791 34.513527 -1.5036920309066772 0.19707462191581726
Pedestrian 0.0 0 -0.09460662305355072 640.2052612304688 174.15431213378906 652.6762084960938 209.21160888671875 0.59665483 1.8296666 0.6492364 1.8808781 1.8991513 38.01766 -0.045173123478889465 0.11797734349966049
Pedestrian 0.0 0 1.6281869411468506 653.1229248046875 151.12998962402344 681.4127197265625 227.0011444091797 0.8114873 1.89322 0.6779206 1.4229392 1.3514967 18.449347 1.7051613330841064 0.11410591006278992
Pedestrian 0.0 0 1.400834560394287 829.9146728515625 158.94024658203125 864.3992309570312 223.24539184570312 1.128095 1.7611198 0.741469 6.6340184 1.3804231 20.369614 1.7156832218170166 0.10827608406543732
Cyclist 0.0 0 -0.13101235032081604 788.385009765625 156.4715118408203 833.3828735351562 217.33303833007812 1.2550853 1.8240297 0.5809591 6.0666 1.333402 21.995958 0.13810229301452637 0.11667841672897339
Car 0.0 0 -0.1299077272415161 504.01812744140625 190.8211212158203 575.6044311523438 219.72035217285156 3.9418602 1.5600055 1.5947918 -4.106427 2.628972 41.688873 -0.228092759847641 0.832805871963501
Car 0.0 0 0.9896348714828491 1144.90234375 168.2173309326172 1234.9735107421875 202.6929473876953 3.8248816 1.5957503 1.595957 28.271605 1.3814944 35.372967 1.6639142036437988 0.6978381276130676
Car 0.0 0 -1.4758673906326294 489.3135681152344 190.60902404785156 512.79345703125 209.58843994140625 3.954732 1.5343237 1.6981112 -9.671227 3.1625187 64.12927 -1.6255477666854858 0.30635741353034973
Car 0.0 0 2.1332688331604004 523.3523559570312 154.6928253173828 574.2117919921875 183.04818725585938 3.9812973 1.9482352 1.7880385 -4.3714557 0.7007787 51.7513 2.0489983558654785 0.14524036645889282
Car 0.0 0 1.3356748819351196 592.3840942382812 163.1809539794922 634.8777465820312 192.036865234375 3.9200952 1.6710833 1.7099975 0.137435 1.1112629 43.88658 1.3388065099716187 0.1376056671142578
