Pedestrian 0.0 0 -1.7304729223251343 1033.5474853515625 161.4581756591797 1052.7978515625 203.5052490234375 0.6873543 1.7967514 0.6126122 18.723572 1.3101437 31.262695 -1.190854549407959 0.45429155230522156
Pedestrian 0.0 0 -1.5221917629241943 885.5781860351562 133.19021606445312 911.0545654296875 195.4719696044922 1.2078942 1.8556951 0.67177343 8.826633 0.67426413 22.184431 -1.1435184478759766 0.3048055171966553
Pedestrian 0.0 0 1.3408331871032715 817.6022338867188 137.2305908203125 845.5567626953125 199.81800842285156 0.70983887 1.8173717 0.6433148 6.4952292 0.78332055 21.324062 1.6365013122558594 0.20409701764583588
Cyclist 0.0 0 1.5831208229064941 638.16845703125 171.58755493164062 647.138916015625 201.05735778808594 1.764637 1.7979501 0.53825617 2.005721 1.7210423 44.91442 1.627747654914856 0.2773648202419281
Cyclist 0.0 0 1.121967077255249 888.3342895507812 133.56243896484375 933.4144897460938 198.13075256347656 1.6158559 1.8915579 0.62289643 9.086855 0.740852 21.959242 1.5143177509307861 0.12601329386234283
Car 0.0 0 1.5131258964538574 575.4970092773438 178.098876953125 605.650634765625 206.51405334472656 4.2853 1.7361158 1.714744 -1.3424559 2.0949593 47.10568 1.4846347570419312 0.7462108731269836
Car 0.0 0 1.7990825176239014 439.8886413574219 180.37123107910156 487.67144775390625 210.79209899902344 3.9253511 1.4817232 1.6274124 -7.6956034 1.8998202 38.10824 1.59982168674469 0.25607457756996155
Car 0.0 0 1.2898861169815063 650.843994140625 181.53106689453125 682.5218505859375 204.11509704589844 3.8164797 1.7558887 1.6124563 4.6284785 2.498525 59.689274 1.3672741651535034 0.22641059756278992
Car 0.0 0 1.832106590270996 360.7819519042969 177.4593048095703 444.9720153808594 229.2845916748047 4.480644 1.6291118 1.7330735 -7.185505 1.8055539 25.33215 1.5557149648666382 0.21224750578403473
Car 0.0 0 1.7925961017608643 409.0591125488281 184.59628295898438 466.49884033203125 222.3946990966797 3.7826934 1.4425386 1.5760282 -7.273525 1.9720926 30.614925 1.5593396425247192 0.1947426199913025
