Pedestrian 0.0 0 -2.833172559738159 988.7534790039062 149.4958953857422 1030.2376708984375 221.89492797851562 0.7709295 1.808857 0.62842745 10.351183 1.0358286 18.156727 -2.3150272369384766 0.5271554589271545
Pedestrian 0.0 0 2.5380635261535645 992.4204711914062 121.07315063476562 1062.48095703125 248.09307861328125 0.7523627 1.7156464 0.37178856 5.7766085 0.91464436 9.756439 3.0726404190063477 0.5145429968833923
Pedestrian 0.0 0 -1.9344761371612549 117.38996887207031 151.94491577148438 140.10618591308594 192.54464721679688 0.81686705 1.9650089 0.6793136 -23.41053 0.5843959 34.728813 -2.527604103088379 0.450241357088089
Pedestrian 0.0 0 -0.06172291934490204 510.42364501953125 164.73379516601562 519.8613891601562 187.59182739257812 0.76971066 1.9558368 0.6047348 -7.7183843 0.6080027 60.86227 -0.18786677718162537 0.3878338038921356
Pedestrian 0.0 0 0.16789689660072327 777.564453125 156.4979705810547 797.3540649414062 188.9966583251953 1.0305618 1.8430135 0.49364206 10.452152 0.4832351 40.52765 0.42029857635498047 0.2854718267917633
Pedestrian 0.0 0 3.381941556930542 118.93553924560547 112.79655456542969 206.3532257080078 251.17620849609375 0.9304821 1.8451936 0.53784204 -6.172748 0.9440885 9.82485 2.8209877014160156 0.2581532895565033
Cyclist 0.0 0 1.085350751876831 875.3430786132812 155.7686004638672 906.6182861328125 193.93045043945312 1.9010099 1.7581098 0.5484999 13.531656 0.6201947 33.54215 1.4688040018081665 0.3531930446624756
Cyclist 0.0 0 -2.427602767944336 976.5985107421875 141.49655151367188 1030.1748046875 212.4930877685547 1.0874751 1.7883868 0.6000521 10.328743 0.8074921 18.418673 -1.9165241718292236 0.13229811191558838
Car 0.0 0 -0.8262583017349243 0.0 203.2986297607422 295.82470703125 370.0 3.9242296 1.4537731 1.6055034 -3.1735656 1.6278999 3.3716145 -1.5814069509506226 0.8347615599632263
Car 0.0 0 -1.3763864040374756 438.3331604003906 176.28732299804688 475.4029541015625 201.04248046875 3.8114715 1.5376657 1.6480535 -9.553089 1.2773452 45.828136 -1.5818980932235718 0.5802836418151855
Car 0.0 0 1.9074037075042725 86.26283264160156 181.68763732910156 137.2405242919922 204.69009399414062 4.180432 1.5019921 1.5843263 -33.83712 1.588689 48.617928 1.2993805408477783 0.3916352689266205
Car 0.0 0 1.8292176723480225 428.8247375488281 174.35302734375 455.7978210449219 190.50042724609375 3.9459739 1.5056059 1.5708722 -15.564129 0.93359745 67.919174 1.6039503812789917 0.2336907982826233
