Pedestrian 0.0 0 1.1690747737884521 744.7329711914062 174.00657653808594 850.0839233398438 374.0 0.72690123 1.6223373 0.5529356 1.4667157 1.5689647 5.6482015 1.4231414794921875 0.7745991349220276
Pedestrian 0.0 0 -1.7671661376953125 1102.2623291015625 149.11195373535156 1129.0924072265625 204.10577392578125 0.5343256 1.8149478 0.6381704 17.20803 0.7471398 24.07923 -1.1466807126998901 0.45038431882858276
Pedestrian 0.0 0 2.2359185218811035 1142.1981201171875 84.36328125 1238.0 284.26947021484375 0.5473029 1.8014957 0.68097943 5.6647496 0.92750764 6.8619504 2.9260342121124268 0.4491529166698456
Pedestrian 0.0 0 -1.5149030685424805 99.12942504882812 168.3809814453125 125.21537017822266 230.3194580078125 0.7286326 1.8387169 0.6160259 -14.864653 1.4503907 21.793058 -2.113502025604248 0.44565293192863464
Pedestrian 0.0 0 1.823433756828308 738.4348754882812 159.70217895507812 760.0538940429688 205.9833526611328 0.857305 1.7498802 0.62255424 5.680286 0.9267374 27.679293 2.025841474533081 0.31691765785217285
Pedestrian 0.0 0 -0.6019159555435181 1079.599853515625 149.80067443847656 1109.8997802734375 193.20004272460938 0.8240469 1.784073 0.6318313 20.473482 0.48195648 29.84307 -0.0006219949573278427 0.2494027018547058
Pedestrian 0.0 0 2.7204067707061768 784.4131469726562 146.7452850341797 808.9407958984375 184.20404052734375 0.94883394 1.7606195 0.6323997 9.267507 0.12801063 34.146374 2.9854278564453125 0.17388641834259033
Pedestrian 0.0 0 1.697873830795288 783.2130126953125 159.30352783203125 820.483642578125 240.3783416748047 0.81516355 1.7617173 0.71003276 4.4679675 1.2806228 16.119698 1.968260407447815 0.16500630974769592
Pedestrian 0.0 0 -1.721866250038147 858.5298461914062 153.39529418945312 892.3756713867188 227.64288330078125 0.9319715 1.685754 0.60403717 6.3718853 1.0488634 16.825716 -1.359856367111206 0.15319450199604034
Pedestrian 0.0 0 -3.3217947483062744 834.995849609375 151.88662719726562 850.7879028320312 190.03314208984375 0.61466515 1.8237542 0.65521413 11.654368 0.40886873 34.708668 -2.9978466033935547 0.1318582147359848
Cyclist 0.0 0 -0.9417334794998169 740.958740234375 158.12722778320312 782.2020263671875 205.2612762451172 1.7674037 1.7243251 0.59282863 6.0286055 0.87031233 27.083355 -0.7227098345756531 0.47562533617019653
Cyclist 0.0 0 2.7204067707061768 784.4131469726562 146.7452850341797 808.9407958984375 184.20404052734375 0.94883394 1.7606195 0.6323997 9.267507 0.12801063 34.146374 2.9854278564453125 0.14164884388446808
Car 0.0 0 -0.9704781770706177 994.9788208007812 178.31141662597656 1225.28662109375 273.0545654296875 3.4997082 1.4555588 1.5324166 8.698318 1.4078739 12.363229 -0.3573645353317261 0.8723510503768921
Car 0.0 0 -1.0349422693252563 1043.3966064453125 163.83453369140625 1171.53271484375 218.62245178222656 3.2919922 1.4446923 1.4896091 14.266471 0.9800428 20.292892 -0.4221870005130768 0.13455192744731903
