Pedestrian 0.0 0 2.553992509841919 992.2783203125 121.34130096435547 1062.910400390625 250.22531127929688 0.7354487 1.7403438 0.40685898 5.782476 0.9431842 9.765043 3.088628053665161 0.45665448904037476
Pedestrian 0.0 0 -1.022010326385498 116.6963119506836 152.4476776123047 141.5364227294922 192.981689453125 0.8336544 1.9676492 0.67870456 -23.398912 0.60734075 34.74872 -1.6146427392959595 0.41931042075157166
Pedestrian 0.0 0 -0.26862576603889465 509.8782653808594 164.5749969482422 520.7387084960938 187.47630310058594 0.8101694 1.957366 0.54941326 -7.699994 0.59745836 60.835583 -0.394526869058609 0.409403920173645
Pedestrian 0.0 0 -0.06225287914276123 775.8911743164062 157.52122497558594 793.4234008789062 189.19325256347656 0.94505066 1.8024222 0.4951888 10.296318 0.49610823 40.56331 0.18633031845092773 0.35545992851257324
Pedestrian 0.0 0 3.4310624599456787 118.24451446533203 115.01565551757812 205.61680603027344 253.08242797851562 0.9121687 1.8444529 0.5491859 -6.1853843 0.9713104 9.827716 2.8693184852600098 0.34090283513069153
Pedestrian 0.0 0 -2.1937448978424072 1041.9625244140625 166.21238708496094 1094.4913330078125 237.2143096923828 1.2134497 1.6866663 0.45702955 11.347947 1.3488636 17.407566 -1.6160370111465454 0.1946416050195694
Pedestrian 0.0 0 -2.058300495147705 980.3132934570312 147.6588592529297 1032.26220703125 218.22186279296875 1.5924677 1.7512199 0.47726724 10.348279 0.9377702 18.344631 -1.5446934700012207 0.17334839701652527
Cyclist 0.0 0 -1.948664665222168 982.6348266601562 146.89976501464844 1028.5963134765625 216.6590118408203 1.6952939 1.7324833 0.44250855 10.37736 0.8996111 18.42444 -1.4357141256332397 0.7496618628501892
Cyclist 0.0 0 1.1207786798477173 876.514404296875 155.62387084960938 906.1838989257812 193.5850830078125 1.8399764 1.7501493 0.5558569 13.54517 0.604725 33.52888 1.5047158002853394 0.3485087454319
Car 0.0 0 -0.7225221395492554 1051.62353515625 154.4735107421875 1189.2197265625 199.56741333007812 3.5658054 1.4513205 1.5982231 17.201157 0.6152208 23.715637 -0.09501168131828308 0.9148393869400024
Car 0.0 0 -0.809066116809845 0.0 205.77911376953125 299.4085693359375 370.0 3.961928 1.452043 1.6046278 -3.1841407 1.6457231 3.3786526 -1.5648343563079834 0.8490026593208313
Car 0.0 0 3.3405442237854004 0.0 162.2433319091797 85.13417053222656 188.5089111328125 3.9019117 1.5236285 1.6610304 -33.91216 0.46596226 42.637966 2.668644428253174 0.38175979256629944
