Pedestrian 0.0 0 -0.9163249731063843 959.6165771484375 169.0120849609375 986.0069580078125 214.11683654785156 0.5821358 1.6487656 0.65694016 13.428199 1.5086858 26.795027 -0.4517616033554077 0.21022339165210724
Pedestrian 0.0 0 -2.9995245933532715 999.4615478515625 127.87076568603516 1038.5523681640625 223.65249633789062 0.555681 1.7219856 0.57524526 7.528368 0.91362447 13.36657 -2.4865856170654297 0.20739047229290009
Cyclist 0.0 0 -2.309861183166504 1047.693603515625 110.92845153808594 1242.0 375.0 1.7383928 1.641636 0.62510836 3.1067152 1.393739 3.7736566 -1.6210951805114746 0.6269861459732056
Car 0.0 0 1.8379567861557007 423.8664245605469 180.4266357421875 461.736572265625 202.972900390625 4.6536393 1.6712317 1.7711319 -13.272595 2.2990952 57.426926 1.6108235120773315 0.789722204208374
Car 0.0 0 1.49580717086792 580.8335571289062 175.3834686279297 610.3915405273438 200.84617614746094 4.04141 1.6252714 1.6830031 -1.0380809 1.8032105 48.56062 1.474433422088623 0.6545328497886658
Car 0.0 0 1.651619791984558 455.2667541503906 179.25694274902344 485.3034973144531 206.04457092285156 4.0853815 1.7121737 1.6902541 -9.523347 2.1684766 49.25374 1.460623860359192 0.6149332523345947
Car 0.0 0 1.473647952079773 620.2686157226562 179.76919555664062 658.6177368164062 213.50289916992188 4.283956 1.6893698 1.6629051 1.5089114 2.0865529 39.215298 1.5121066570281982 0.5040179491043091
Car 0.0 0 1.7645066976547241 387.87176513671875 183.69407653808594 448.8599853515625 225.94589233398438 3.6147215 1.4227309 1.5453546 -7.1626763 1.858085 27.097971 1.506091594696045 0.48439258337020874
Car 0.0 0 -2.5110373497009277 1094.1727294921875 104.07555389404297 1242.0 375.0 3.4660866 1.4402024 1.5213165 3.6646492 1.3503792 2.6765676 -1.5710632801055908 0.21622449159622192
Car 0.0 0 0.9110327959060669 704.944091796875 166.9078826904297 784.12158203125 200.4845428466797 4.1499486 1.5657948 1.6672583 6.570795 1.2888647 35.87078 1.0922038555145264 0.20812512934207916
Car 0.0 0 1.4253301620483398 767.8079833984375 158.53590393066406 827.2824096679688 200.69253540039062 3.693167 1.4489436 1.5961986 6.8223667 0.9571816 26.716637 1.6753473281860352 0.1974414438009262
