Car 0.0 0 -1.8121743202209473 720.6961669921875 179.9498748779297 879.57666015625 284.4632873535156 4.3568196 1.5006493 1.6567738 3.0919008 1.648735 12.836304 -1.575805425643921 0.9701105356216431
Car 0.0 0 2.018026828765869 49.856117248535156 198.83712768554688 412.7351989746094 375.0 4.195236 1.4406655 1.6412573 -3.5820918 1.7949226 7.7170234 1.583443284034729 0.9643093347549438
Car 0.0 0 -1.7295633554458618 694.6118774414062 177.6702423095703 782.672607421875 248.3897705078125 3.8284218 1.607173 1.6148771 3.1470027 1.7443824 18.578066 -1.561762809753418 0.9616425633430481
Car 0.0 0 -2.0013720989227295 774.3135375976562 185.68038940429688 1209.1549072265625 375.0 4.2570553 1.4562304 1.6353925 2.8094423 1.6124054 6.6114626 -1.5995564460754395 0.9523109197616577
Car 0.0 0 1.8007428646087646 410.8244323730469 182.8786163330078 509.0080261230469 253.2598114013672 3.7872014 1.5061715 1.5509566 -3.645373 1.7818589 17.899227 1.5998296737670898 0.9323509931564331
Car 0.0 0 1.8337582349777222 328.0399475097656 188.42543029785156 463.67486572265625 284.14337158203125 3.4499907 1.4435264 1.5106214 -3.801627 1.7659446 13.182499 1.5529917478561401 0.9005056619644165
Car 0.0 0 -1.8047012090682983 639.20947265625 174.2071990966797 684.7398071289062 203.21710205078125 3.922172 1.521109 1.6494044 2.7960825 1.6005461 40.093094 -1.7350741624832153 0.8913699984550476
Car 0.0 0 -0.09122827649116516 753.09912109375 175.13890075683594 843.7929077148438 210.97796630859375 3.7355576 1.5203173 1.6258198 8.208832 1.6250254 31.847736 0.16103339195251465 0.7015506625175476
Car 0.0 0 1.4500813484191895 597.5180053710938 170.5771942138672 627.863037109375 194.15443420410156 4.5737906 1.7143233 1.7599735 0.13256317 1.5491318 54.835712 1.4524987936019897 0.5665172338485718
Car 0.0 0 -3.5324668884277344 929.212158203125 151.7802734375 1056.213623046875 200.4690704345703 3.5914845 1.6477252 1.6488154 13.344212 0.93490636 25.402807 -3.048781156539917 0.5642582178115845
Car 0.0 0 2.64157772064209 0.0 192.984130859375 133.91091918945312 375.0 3.97075 1.5335866 1.6062933 -3.5902796 1.6483135 2.090176 1.597992181777954 0.521934986114502
