Pedestrian 0.0 0 -1.8079556226730347 910.8455200195312 152.7274627685547 951.7872924804688 232.4166259765625 0.8506781 1.6852348 0.63054794 6.942696 1.2599645 15.7306 -1.3923184871673584 0.5047579407691956
Pedestrian 0.0 0 -1.3945915699005127 501.336181640625 173.44981384277344 523.9716186523438 219.96372985839844 0.98138636 1.7372947 0.69431156 -3.741284 1.7607502 27.464066 -1.5299828052520752 0.42401647567749023
Pedestrian 0.0 0 -2.0029256343841553 958.52734375 153.32537841796875 1011.54443359375 243.9569091796875 0.8127503 1.8058875 0.68539727 7.6253495 1.4171259 14.795302 -1.527042031288147 0.3715169429779053
Pedestrian 0.0 0 2.6860122680664062 814.1334228515625 147.7108917236328 865.9974365234375 239.78378295898438 0.72441787 1.6683481 0.60904974 4.2216067 1.2131164 13.4269495 2.9906389713287354 0.2540574371814728
Cyclist 0.0 0 -1.3973088264465332 501.3143310546875 173.1387176513672 524.1550903320312 219.56155395507812 1.043203 1.7333065 0.694251 -3.7395897 1.7447193 27.478615 -1.5325688123703003 0.2609417736530304
Car 0.0 0 -2.0751988887786865 844.2089233398438 164.4336700439453 1242.0 375.0 3.98364 1.3899726 1.5639609 3.5601478 1.3359375 6.660398 -1.5843143463134766 0.9568079710006714
Car 0.0 0 1.6895499229431152 521.8623046875 178.5232696533203 594.2691650390625 232.8380584716797 4.4560056 1.4309816 1.6511244 -1.5024153 1.6200335 21.746368 1.620571494102478 0.8986251354217529
Car 0.0 0 -1.4862697124481201 564.5784301757812 179.06736755371094 610.7974853515625 215.20977783203125 4.095297 1.3854964 1.6101116 -0.91925746 1.6661904 30.463346 -1.5164364576339722 0.8490720987319946
Car 0.0 0 -1.6820544004440308 709.2359008789062 181.02420043945312 780.1680297851562 236.01649475097656 4.177368 1.4886503 1.6738318 4.0131865 1.7658373 22.305098 -1.5040366649627686 0.5491474270820618
Car 0.0 0 1.7261590957641602 681.5131225585938 170.35504150390625 712.6284790039062 194.45753479003906 4.242366 1.6732208 1.6054614 6.3286495 1.5000975 52.346767 1.8464736938476562 0.42690351605415344
Car 0.0 0 -1.3709487915039062 695.41162109375 172.42184448242188 744.3361206054688 204.81686401367188 3.751394 1.4644412 1.6110907 5.2889514 1.4452631 34.65325 -1.2194926738739014 0.36217445135116577
