Pedestrian 0.0 0 -1.405826449394226 785.1975708007812 150.68382263183594 805.4192504882812 197.42529296875 0.5272505 1.8321762 0.70171696 7.3210845 0.96350515 28.662878 -1.1557527780532837 0.653440535068512
Car 0.0 0 3.7854018211364746 0.0 197.2513427734375 243.44308471679688 337.180908203125 3.8499687 1.4370332 1.586923 -6.7246013 1.7545102 8.537689 3.1182448863983154 0.9606034755706787
Car 0.0 0 -1.8150994777679443 675.7728271484375 190.5752410888672 763.8573608398438 254.39308166503906 3.453757 1.5022768 1.5750778 2.862676 2.0325887 19.777641 -1.6713547706604004 0.950619101524353
Car 0.0 0 -1.7244534492492676 643.0421752929688 186.95982360839844 696.9850463867188 226.99942016601562 3.936802 1.438895 1.5886153 2.3303082 2.0530853 29.373796 -1.6452863216400146 0.9469895958900452
Car 0.0 0 -2.7074081897735596 198.9912872314453 198.07913208007812 421.671142578125 272.1009826660156 4.195258 1.4588956 1.6158024 -6.4737687 2.0406818 15.729522 -3.0978469848632812 0.9396601915359497
Car 0.0 0 3.661579132080078 0.0 197.55299377441406 311.992431640625 314.02471923828125 3.8158715 1.5595174 1.5411773 -6.7628527 1.9603659 10.855965 3.1044468879699707 0.9038218259811401
Car 0.0 0 -2.83059024810791 329.3130798339844 192.3639373779297 466.3166198730469 246.57546997070312 3.8087645 1.5863435 1.5802321 -6.6092033 2.2193227 22.554289 -3.115645170211792 0.8342257738113403
Car 0.0 0 -2.8254904747009277 1050.2752685546875 191.4611053466797 1242.0 375.0 4.0568776 1.4904513 1.6374072 6.8915615 1.7333024 7.2261815 -2.0637900829315186 0.6647367477416992
Car 0.0 0 -2.9476921558380127 428.1255798339844 192.92916870117188 520.0286254882812 225.7357940673828 3.9286928 1.4286695 1.5516777 -6.2419157 2.3742523 33.178925 -3.1336476802825928 0.6306592226028442
Car 0.0 0 0.36493322253227234 371.8675231933594 188.73683166503906 487.59515380859375 234.46511840820312 3.9626071 1.6309037 1.6195196 -6.867863 2.2594976 27.495832 0.1201632022857666 0.6060280203819275
Car 0.0 0 0.4550226628780365 267.8175354003906 190.29672241210938 437.1913146972656 259.7936096191406 3.6907816 1.6009349 1.564399 -6.4418936 2.0627067 18.098724 0.11307406425476074 0.5876744389533997
Car 0.0 0 0.5267106890678406 309.0124816894531 189.4459686279297 450.98944091796875 249.91305541992188 3.5212197 1.5621126 1.5549657 -6.5143895 2.0578837 20.402075 0.21764254570007324 0.5539596080780029
