Pedestrian 0.0 0 -0.8885965347290039 958.94775390625 162.85206604003906 1050.569580078125 333.0968933105469 0.5579445 1.8336681 0.7250853 4.4243426 1.7262975 8.210671 -0.3943519592285156 0.21951666474342346
Pedestrian 0.0 0 -1.7522006034851074 879.876953125 163.48377990722656 902.6448974609375 213.5638885498047 0.6013069 1.7392912 0.6481649 9.857105 1.4142197 25.412481 -1.3821821212768555 0.21858885884284973
Pedestrian 0.0 0 -1.4474568367004395 851.750732421875 169.8377685546875 872.4231567382812 220.61019897460938 0.7097437 1.687801 0.5790749 8.493721 1.5878916 24.429262 -1.112844705581665 0.1860245317220688
Pedestrian 0.0 0 0.42593735456466675 672.758056640625 164.08668518066406 687.2545776367188 191.06045532226562 0.83419687 1.8120518 0.52880406 4.715558 1.2234358 48.9061 0.5220608711242676 0.1527332365512848
Car 0.0 0 1.3392530679702759 740.9320068359375 173.81019592285156 795.61669921875 208.74822998046875 4.148046 1.4937576 1.520522 7.1323485 1.5406826 33.0486 1.5518070459365845 0.6517636179924011
Car 0.0 0 1.557096004486084 425.87213134765625 179.28164672851562 443.0566101074219 195.94541931152344 3.6555946 1.5030941 1.5328568 -16.7156 2.1316595 68.55545 1.3179365396499634 0.17000654339790344
Car 0.0 0 1.9592087268829346 313.3968505859375 183.25987243652344 369.0322570800781 213.3670196533203 4.4224167 1.7263706 1.7149935 -16.770634 2.4102793 45.156162 1.603605031967163 0.15723346173763275
Car 0.0 0 -1.516533374786377 639.5547485351562 176.1661834716797 662.81201171875 195.87596130371094 3.9095984 1.5157667 1.6654848 3.327905 1.7926701 58.20584 -1.4594208002090454 0.1282602995634079
Car 0.0 0 2.1005043983459473 277.3985290527344 182.43777465820312 338.1327209472656 211.4687957763672 4.107458 1.6532867 1.611543 -18.653656 2.2751508 44.645874 1.704736351966858 0.1151430755853653
Car 0.0 0 1.1906598806381226 786.98828125 163.5814971923828 846.024169921875 195.5285186767578 3.8641548 1.5393876 1.5593153 10.411124 1.0929434 36.767696 1.466596007347107 0.10804730653762817
