Pedestrian 0.0 0 2.1151697635650635 256.3092346191406 193.57192993164062 284.0553894042969 227.30284118652344 1.5505291 1.6647279 0.58370554 -17.63483 2.7618632 37.3931 1.6744937896728516 0.13211141526699066
Pedestrian 0.0 0 -1.2865276336669922 843.5048217773438 184.8017578125 889.2259521484375 273.7744445800781 0.5934429 1.6801538 0.7107996 4.9931364 1.9229724 14.191418 -0.9482128620147705 0.1219366118311882
Cyclist 0.0 0 2.1151697635650635 256.3092346191406 193.57192993164062 284.0553894042969 227.30284118652344 1.5505291 1.6647279 0.58370554 -17.63483 2.7618632 37.3931 1.6744937896728516 0.3275286853313446
Car 0.0 0 1.9093633890151978 297.53662109375 188.73606872558594 357.3798522949219 223.3444061279297 3.4814284 1.4697304 1.5599325 -13.290986 2.2579885 34.026222 1.5369778871536255 0.9252464175224304
Car 0.0 0 -1.585521936416626 595.2138061523438 175.83746337890625 627.6951293945312 206.8614044189453 4.392003 1.6759421 1.7746214 0.012275586 1.8574901 41.608765 -1.5852268934249878 0.7645266652107239
Car 0.0 0 1.662274956703186 421.3521728515625 184.23948669433594 448.45703125 206.72598266601562 3.9112947 1.5794353 1.6524376 -13.29015 2.4772048 54.814064 1.4244064092636108 0.33034488558769226
Car 0.0 0 -2.736644983291626 1213.0594482421875 164.07821655273438 1242.0 206.45870971679688 4.064277 1.4848418 1.6295599 25.759737 1.1777318 27.465351 -1.983281135559082 0.18367190659046173
Car 0.0 0 1.925034999847412 356.4689025878906 186.51544189453125 399.82110595703125 210.35052490234375 4.0498667 1.5450574 1.6248865 -16.418179 2.5536227 51.187824 1.6146574020385742 0.17315886914730072
Car 0.0 0 2.1842167377471924 232.18955993652344 190.01959228515625 306.4512634277344 220.99447631835938 3.7068193 1.446895 1.699479 -17.82738 2.3949316 37.859734 1.7441356182098389 0.13660874962806702
Car 0.0 0 1.8482563495635986 569.67578125 181.56809997558594 597.906982421875 199.8364715576172 3.8382576 1.5244997 1.5187584 -2.3199897 2.32501 64.20573 1.812138319015503 0.11396896094083786
