Pedestrian 0.0 0 0.8725062608718872 984.3650512695312 156.60179138183594 1022.105712890625 223.70864868164062 0.64405864 1.8491361 0.67403406 10.990363 1.4016631 20.262207 1.3695012331008911 0.39319974184036255
Pedestrian 0.0 0 1.0145390033721924 1041.4132080078125 175.57815551757812 1085.534912109375 247.22972106933594 0.77452534 1.7157078 0.5957633 11.059986 1.784337 17.692076 1.573237419128418 0.3134264051914215
Pedestrian 0.0 0 2.2202439308166504 963.5883178710938 131.96653747558594 1014.747314453125 211.59519958496094 0.8924312 1.8434578 0.67867565 8.9857 0.89724314 17.19839 2.7017080783843994 0.17989136278629303
Pedestrian 0.0 0 1.6641680002212524 884.1376342773438 144.7736053466797 925.6015625 219.9274139404297 1.0287135 1.862985 0.8967663 7.5391903 1.1672592 18.546627 2.050264596939087 0.1356525868177414
Pedestrian 0.0 0 1.2886136770248413 934.254150390625 163.8719024658203 972.7708129882812 228.87530517578125 1.1177701 1.7943257 0.70296574 9.707932 1.5467457 20.521923 1.7304712533950806 0.12859782576560974
Pedestrian 0.0 0 1.502347469329834 955.7479248046875 138.64024353027344 978.88916015625 193.54025268554688 0.73925877 1.9302926 0.69220763 12.746165 0.7276897 25.840054 1.9605978727340698 0.1283038854598999
Pedestrian 0.0 0 -1.4872605800628662 920.5984497070312 147.963623046875 935.8655395507812 185.10882568359375 0.44255096 1.9830434 0.7187236 17.114819 0.6545972 38.883533 -1.0726230144500732 0.12354659289121628
Pedestrian 0.0 0 -0.1765795350074768 1069.1485595703125 154.1579132080078 1111.2838134765625 225.83953857421875 0.81146854 1.8139437 0.6203574 12.3874035 1.3411866 18.701979 0.4084341526031494 0.11328931897878647
Cyclist 0.0 0 -0.9067556858062744 287.4468078613281 176.5242462158203 304.8936462402344 198.77359008789062 1.5324663 1.77262 0.45043385 -25.480587 2.0748494 58.54428 -1.317264437675476 0.14574642479419708
Cyclist 0.0 0 1.2427902221679688 934.1588745117188 164.19754028320312 974.94580078125 228.18853759765625 1.1446843 1.7595147 0.7093244 9.700264 1.5218523 20.446115 1.6857738494873047 0.12320788949728012
Cyclist 0.0 0 1.333444595336914 701.3112182617188 176.86375427246094 717.0902709960938 207.47413635253906 1.3115665 1.6206776 0.55134004 5.3274503 1.841886 39.057972 1.4690065383911133 0.11947457492351532
Car 0.0 0 1.9762260913848877 269.5813903808594 186.1990966796875 389.8263244628906 245.8904266357422 4.1821265 1.462375 1.6974087 -7.936572 1.8857794 20.746994 1.6108607053756714 0.9284340739250183
Car 0.0 0 -1.612178921699524 587.2200927734375 174.8995361328125 622.4953002929688 206.89390563964844 4.2410374 1.5694039 1.663192 -0.35708508 1.683131 37.826706 -1.621618628501892 0.8302825689315796
Car 0.0 0 1.7560076713562012 412.404052734375 181.20242309570312 470.0334777832031 222.5413055419922 3.5471778 1.4454181 1.5311375 -6.465102 1.7878916 27.760317 1.5271961688995361 0.3533807396888733
Car 0.0 0 1.7536842823028564 441.7485046386719 181.60574340820312 488.77191162109375 216.7281494140625 3.4582062 1.4753275 1.4998838 -6.585843 1.8960291 32.912617 1.5561918020248413 0.17606155574321747
