Pedestrian 0.0 0 -1.456758737564087 439.2034606933594 155.30584716796875 462.7153015136719 210.10145568847656 0.87822455 1.773667 0.664373 -5.2894626 1.2060131 23.8239 -1.6752381324768066 0.2872418165206909
Pedestrian 0.0 0 2.920262575149536 529.4666137695312 168.3740997314453 546.6626586914062 198.94483947753906 0.9277911 1.7950337 0.493149 -4.296576 1.5323436 42.74458 2.8200817108154297 0.17769180238246918
Pedestrian 0.0 0 -3.254134178161621 696.1741333007812 154.66111755371094 716.9965209960938 188.62400817871094 1.0266584 1.7741776 0.5855189 5.0449977 0.82416284 37.992138 -3.1221160888671875 0.1721150279045105
Pedestrian 0.0 0 1.3496744632720947 332.4479064941406 135.94354248046875 374.98089599609375 221.98886108398438 0.645216 1.8029897 0.7410162 -5.5899663 1.0299276 15.587232 1.0053369998931885 0.13559791445732117
Cyclist 0.0 0 1.8969751596450806 531.029052734375 168.10195922851562 544.4921875 199.1143035888672 0.9491693 1.8150264 0.51785916 -4.3099513 1.5372665 42.7464 1.796488642692566 0.12944121658802032
Cyclist 0.0 0 -1.3855714797973633 437.4510803222656 155.16116333007812 462.6127014160156 210.07791137695312 0.8554956 1.7736266 0.6637435 -5.3014436 1.2025653 23.739445 -1.605284333229065 0.12750674784183502
Car 0.0 0 -1.7001317739486694 655.0169067382812 171.52491760253906 720.3271484375 219.81460571289062 3.9012773 1.4472519 1.6112673 2.407468 1.407777 23.59405 -1.5984466075897217 0.9600903391838074
Car 0.0 0 -1.4155043363571167 442.29278564453125 179.3015899658203 529.9185791015625 244.10031127929688 4.1200924 1.4577744 1.6091359 -3.135938 1.6438311 18.709906 -1.5815691947937012 0.9539555311203003
Car 0.0 0 -1.2787420749664307 269.9744567871094 186.32859802246094 485.30535888671875 323.9246826171875 4.3284326 1.4058628 1.5633636 -2.9404771 1.6328037 9.962205 -1.5657556056976318 0.9403379559516907
Car 0.0 0 -1.517493724822998 632.6932983398438 170.98318481445312 664.096435546875 198.4611053466797 3.9274445 1.4822595 1.5748218 2.1853526 1.3816988 40.95599 -1.4641857147216797 0.8021056652069092
Car 0.0 0 -1.8564083576202393 703.9259643554688 167.3265380859375 882.6903686523438 281.5766906738281 3.9027314 1.4727288 1.5971664 2.5818737 1.4018353 11.294493 -1.63167405128479 0.7074593901634216
