Pedestrian 0.0 0 -2.246710777282715 858.9722900390625 151.34584045410156 913.748291015625 240.8205108642578 0.8244875 1.6442393 0.57957476 5.3746495 1.0913738 13.677634 -1.8722951412200928 0.8708224892616272
Pedestrian 0.0 0 -0.7789144515991211 790.2942504882812 156.42367553710938 883.1015625 307.5265197753906 0.7890286 1.6254021 0.63208455 2.6268322 1.3570162 8.18456 -0.46835023164749146 0.6641553044319153
Pedestrian 0.0 0 -2.327378273010254 956.2667846679688 141.40696716308594 1144.3499755859375 374.0 0.60697037 1.6249484 0.6811364 2.483459 1.4176869 4.1048594 -1.7832870483398438 0.655501663684845
Pedestrian 0.0 0 -1.3635174036026 189.8602752685547 157.2092742919922 263.7067565917969 301.5125427246094 0.98348993 1.815132 0.6903282 -5.024945 1.5109248 9.600013 -1.845733642578125 0.6294968724250793
Pedestrian 0.0 0 2.082489490509033 214.64169311523438 161.91864013671875 319.9602355957031 330.47845458984375 0.87324905 1.6486436 0.6532286 -3.5005977 1.4584931 7.4828634 1.6449196338653564 0.5931388735771179
Pedestrian 0.0 0 -0.31209248304367065 486.59954833984375 164.46852111816406 508.7530822753906 210.37648010253906 0.71687305 1.8445487 0.69138575 -4.255995 1.1612357 29.327806 -0.4562045633792877 0.5842562317848206
Pedestrian 0.0 0 2.2621774673461914 77.00151824951172 159.20640563964844 214.7000732421875 337.2367248535156 1.0303233 1.8138059 0.8047638 -5.0018506 1.58804 7.877443 1.696448802947998 0.39456304907798767
Pedestrian 0.0 0 1.6316441297531128 480.07061767578125 169.8235321044922 497.9032287597656 212.1903839111328 1.0142463 1.7484658 0.68169487 -4.733926 1.2675676 30.179928 1.4760551452636719 0.3877202570438385
Pedestrian 0.0 0 -1.187245488166809 337.52197265625 199.2820281982422 421.714111328125 337.1424255371094 0.78334737 1.5644884 0.73460823 -2.7064545 1.7911043 8.677811 -1.4895673990249634 0.3626076281070709
Pedestrian 0.0 0 -1.6653839349746704 531.8858642578125 177.56858825683594 550.5858764648438 219.1074676513672 0.9058377 1.6621944 0.674499 -2.4734695 1.5058783 29.247541 -1.7497533559799194 0.25291144847869873
Pedestrian 0.0 0 3.0514070987701416 564.4736938476562 168.21653747558594 579.2539672851562 196.8565673828125 0.8437153 1.7170777 0.57066655 -1.7857337 0.9214419 43.402405 3.010286569595337 0.2504594624042511
Cyclist 0.0 0 1.649920105934143 483.2276306152344 170.06686401367188 501.40814208984375 212.84339904785156 1.0032169 1.7647809 0.67931056 -4.590636 1.2940836 30.157612 1.4988583326339722 0.16689038276672363
Car 0.0 0 -1.724736213684082 671.7637939453125 161.86196899414062 731.6572265625 214.93661499023438 3.6169877 1.7871286 1.5949228 3.5343382 1.1269555 26.00837 -1.58967125415802 0.8594110608100891
Car 0.0 0 -1.6723155975341797 652.0238037109375 173.8604736328125 686.046630859375 201.7349853515625 3.1462243 1.4176623 1.4782583 3.5453305 1.0299946 38.110516 -1.5795549154281616 0.22361569106578827
