Car 0.0 0 -1.9169456958770752 751.8528442382812 182.69227600097656 1121.851806640625 375.0 4.5873675 1.4689252 1.7051929 2.685826 1.6008463 7.348785 -1.566548228263855 0.9540798664093018
Car 0.0 0 -0.3018244802951813 751.2144165039062 178.5832977294922 877.2015380859375 223.76638793945312 3.7557425 1.4470506 1.5930463 6.732983 1.6461585 24.174625 -0.030193844810128212 0.9418924450874329
Car 0.0 0 0.49728766083717346 0.0 175.86231994628906 342.2273864746094 305.1994323730469 4.187607 1.391539 1.5807974 -5.6833644 1.4323862 8.756552 -0.07841334491968155 0.928650438785553
Car 0.0 0 3.3893606662750244 270.1764221191406 170.08334350585938 450.3904113769531 228.20159912109375 4.1883163 1.4427073 1.6209625 -6.463797 1.3742874 18.887665 3.0596306324005127 0.9245656132698059
Car 0.0 0 -0.399660587310791 860.7987060546875 179.00070190429688 1134.8385009765625 271.0924377441406 3.8051307 1.4360918 1.577466 6.3880496 1.5493217 12.310447 0.07900261878967285 0.8972042202949524
Car 0.0 0 -0.2767064869403839 734.3404541015625 173.17587280273438 844.290771484375 218.2266082763672 3.6198993 1.6024703 1.6162857 6.498496 1.6150625 26.549006 -0.036652788519859314 0.8945564031600952
Car 0.0 0 2.7793891429901123 764.5545654296875 177.17129516601562 972.8526000976562 245.83541870117188 4.2531343 1.4981338 1.5760146 5.8295445 1.6034149 16.689383 3.1154372692108154 0.869286060333252
Car 0.0 0 -0.1328338086605072 689.87890625 175.7838592529297 770.37060546875 206.57981872558594 3.7865326 1.4982681 1.6905333 5.934815 1.649183 36.173862 0.029781103134155273 0.8514702320098877
Car 0.0 0 0.2767120897769928 328.6722106933594 171.74839782714844 485.2530517578125 222.49658203125 4.204378 1.4483986 1.5382056 -5.977855 1.4172018 21.367943 0.003927707672119141 0.832861602306366
Car 0.0 0 3.2715067863464355 414.6918640136719 159.65872192382812 512.6890869140625 195.5146026611328 3.9575396 1.4944922 1.5463853 -6.2617497 0.9448638 30.980114 3.0720720291137695 0.6982858180999756
Car 0.0 0 1.544803261756897 635.9290161132812 169.5285186767578 661.304931640625 193.7310791015625 4.0291367 1.6313391 1.6677717 2.6471753 1.4075468 50.667183 1.5970021486282349 0.6117139458656311
