Pedestrian 0.0 0 1.2979329824447632 849.8970336914062 132.30148315429688 886.9351196289062 199.16220092773438 0.8901254 1.8987764 0.8006589 7.4484563 0.74748385 20.959644 1.6393848657608032 0.4593358337879181
Car 0.0 0 -1.8644382953643799 710.8126831054688 191.66793823242188 868.4491577148438 306.3962707519531 3.2507024 1.5349659 1.5971998 2.7333617 1.8887403 11.875769 -1.638215184211731 0.9678583145141602
Car 0.0 0 -1.7651984691619873 664.9592895507812 188.34268188476562 769.9288330078125 274.1099548339844 3.686855 1.6517857 1.6508149 2.2716455 2.046116 16.46274 -1.6280772686004639 0.9509395956993103
Car 0.0 0 -1.7611193656921387 641.5556030273438 189.65045166015625 723.3025512695312 247.2444610595703 4.3175545 1.5034069 1.7047821 2.0821111 2.0764027 22.364994 -1.6682900190353394 0.944592297077179
Car 0.0 0 1.747218132019043 385.84429931640625 194.514892578125 486.34112548828125 273.6580810546875 3.9484208 1.5573593 1.6625757 -4.083168 2.138204 17.316605 1.5156530141830444 0.9309206604957581
Car 0.0 0 -2.170144557952881 838.9675903320312 193.8225860595703 1242.0 375.0 3.3669038 1.5024071 1.5518602 3.045809 1.707457 5.3020463 -1.6487168073654175 0.9297077655792236
Car 0.0 0 1.7466057538986206 434.0174865722656 196.9801483154297 505.34832763671875 251.52047729492188 3.8386843 1.466395 1.5837545 -4.4305134 2.3016188 23.035076 1.5565885305404663 0.8827334642410278
Car 0.0 0 3.5478715896606445 96.52162170410156 185.50860595703125 331.07086181640625 274.8111267089844 3.6727219 1.5880443 1.6126568 -7.621898 1.8522166 14.071001 3.051443099975586 0.6860723495483398
Car 0.0 0 -1.6690611839294434 630.7369995117188 185.8818359375 672.0232543945312 221.62716674804688 3.6198406 1.5348693 1.5932969 1.8698335 2.1854355 34.165653 -1.6143872737884521 0.6195749044418335
Car 0.0 0 1.7065752744674683 480.1453857421875 190.67333984375 525.2025756835938 227.9318389892578 3.742957 1.529123 1.5643685 -4.9327645 2.3980887 33.288536 1.5594637393951416 0.44147056341171265
Car 0.0 0 1.454237937927246 641.0735473632812 188.1617889404297 696.7567749023438 233.23190307617188 3.9967344 1.4973109 1.6334609 2.1165402 2.1215534 27.375292 1.5314000844955444 0.36172381043434143
