Pedestrian 0.0 0 0.14170506596565247 126.21731567382812 179.53602600097656 213.20849609375 375.0 0.6108642 1.7494392 0.7101804 -4.1943884 1.8171604 6.823916 -0.40942415595054626 0.28469035029411316
Pedestrian 0.0 0 3.664604663848877 97.1225814819336 134.31265258789062 231.16085815429688 313.309326171875 0.9847606 1.7787615 0.6732926 -4.6710663 1.3961186 7.52008 3.108781576156616 0.12793979048728943
Pedestrian 0.0 0 -0.5111863613128662 669.9519653320312 149.7734832763672 685.1439208984375 186.98033142089844 0.5275248 1.8526553 0.61466837 3.3602724 0.7037557 36.31311 -0.4189130365848541 0.12455004453659058
Pedestrian 0.0 0 1.728279948234558 723.3785400390625 158.58248901367188 757.1437377929688 225.3583526611328 0.99408466 1.8338795 0.79612565 3.6462822 1.4422957 20.41312 1.9050401449203491 0.12145557254552841
Pedestrian 0.0 0 1.6319375038146973 718.3674926757812 144.46360778808594 747.4968872070312 208.50575256347656 1.0312862 1.8673553 0.8015433 3.6471786 1.0398998 21.628954 1.7989908456802368 0.12088857591152191
Pedestrian 0.0 0 -1.9039639234542847 660.1820678710938 157.75338745117188 674.030029296875 190.12664794921875 0.6693608 1.8951548 0.6310022 3.3388114 1.0115112 42.64006 -1.8258211612701416 0.10502270609140396
Cyclist 0.0 0 -0.9842692017555237 225.50830078125 182.81260681152344 368.4989318847656 366.44146728515625 1.6934236 1.7310308 0.57137865 -3.3532739 1.8509952 7.7790537 -1.3912652730941772 0.19694358110427856
Cyclist 0.0 0 1.873531699180603 537.5459594726562 175.39430236816406 552.5018310546875 203.3728790283203 1.7228378 1.8115247 0.49688914 -4.324658 1.9832289 47.771427 1.7832496166229248 0.18663188815116882
Car 0.0 0 -1.6861426830291748 647.2971801757812 178.6381378173828 705.1935424804688 218.75711059570312 4.0416875 1.3157519 1.6265461 2.2903697 1.543288 26.29329 -1.5992534160614014 0.9336777329444885
Car 0.0 0 -1.0835418701171875 85.23213195800781 202.030517578125 389.072265625 375.0 3.48359 1.4852555 1.5379252 -3.9174569 1.887663 8.168764 -1.5307085514068604 0.19186736643314362
Car 0.0 0 0.9127891063690186 988.0570678710938 27.957931518554688 1242.0 343.06024169921875 4.1505294 1.5109248 1.6431135 4.6987686 0.81650186 5.5658007 1.6139189004898071 0.1489587426185608
