Car 0.0 0 -1.3366514444351196 379.5758972167969 181.13259887695312 486.0312805175781 248.01173400878906 4.3435373 1.547151 1.7261437 -4.4605446 1.4538258 18.798685 -1.5696226358413696 0.96574467420578
Car 0.0 0 -1.1396690607070923 156.90550231933594 192.20272827148438 387.2095031738281 314.2304382324219 3.6030054 1.4111223 1.5936283 -4.5898523 1.5302849 10.328159 -1.5578577518463135 0.9606248140335083
Car 0.0 0 -1.554457664489746 575.0130615234375 175.8211212158203 657.9570922851562 254.1905059814453 3.6095574 1.5987202 1.6947201 0.17750487 1.4082037 16.487823 -1.5436922311782837 0.9236723184585571
Car 0.0 0 -1.0245583057403564 109.92509460449219 186.53822326660156 289.5480651855469 265.2657470703125 3.595574 1.4311883 1.5981044 -8.317047 1.4631987 14.953021 -1.5321581363677979 0.8937191367149353
Car 0.0 0 -1.1672238111495972 237.14593505859375 178.38328552246094 323.267822265625 214.8375701904297 3.9542048 1.2839885 1.5444459 -12.364288 1.0444694 27.308985 -1.5923666954040527 0.8454219698905945
Car 0.0 0 -1.2962952852249146 352.14678955078125 180.6256103515625 420.76214599609375 219.5586700439453 3.8631022 1.3925306 1.5304965 -8.460402 1.2294871 27.655945 -1.5931708812713623 0.6472667455673218
Car 0.0 0 1.5283774137496948 659.6974487304688 180.26141357421875 682.3121337890625 198.91415405273438 3.9321399 1.4931122 1.6948185 5.19429 1.0976629 59.541004 1.6153960227966309 0.5209028124809265
Car 0.0 0 -0.9250072240829468 0.0 187.77842712402344 98.58467102050781 270.1297302246094 4.272418 1.4479828 1.5317395 -12.81402 1.5102024 14.951598 -1.6335704326629639 0.4484632909297943
Car 0.0 0 2.0776801109313965 229.71266174316406 176.0525665283203 278.2906494140625 197.9122314453125 3.9105773 1.5710607 1.5508027 -26.35784 0.91363496 53.65241 1.6210405826568604 0.39134812355041504
Car 0.0 0 -1.492112636566162 614.7748413085938 180.35108947753906 651.732421875 211.9569549560547 3.7345042 1.5314252 1.6024002 1.31871 1.2968479 36.77413 -1.456268310546875 0.3284233510494232
