Car 0.0 0 -0.550152599811554 931.0338134765625 187.45205688476562 1242.0 322.4910888671875 4.143798 1.4543564 1.6227754 6.353196 1.6545858 8.925053 0.06847453117370605 0.9620830416679382
Car 0.0 0 3.450989246368408 245.0929412841797 185.3675079345703 428.7108154296875 253.727783203125 4.0118446 1.6035942 1.6809695 -6.820675 1.9359806 18.204344 3.09250545501709 0.9440900087356567
Car 0.0 0 3.7897610664367676 0.0 191.0838623046875 230.6121368408203 337.0801086425781 3.7102067 1.5708059 1.5875585 -6.958585 1.8146122 8.800616 3.1207211017608643 0.9306108355522156
Car 0.0 0 3.6110410690307617 0.0 198.03826904296875 345.36102294921875 310.0965270996094 4.4095807 1.5068536 1.5395933 -6.583737 1.9244463 11.032062 3.072991132736206 0.9210309386253357
Car 0.0 0 -1.6865479946136475 634.19873046875 188.29324340820312 675.7884521484375 218.50770568847656 4.2000375 1.4012637 1.6881716 2.2611747 2.2562883 37.79526 -1.626792311668396 0.9116768836975098
Car 0.0 0 -0.43660157918930054 812.35693359375 191.18209838867188 1042.369384765625 280.1492614746094 3.8504221 1.608674 1.5877463 6.1018004 1.9928305 14.251389 -0.032061830163002014 0.9056383371353149
Car 0.0 0 -0.5291370153427124 870.07275390625 194.31329345703125 1165.5611572265625 302.1087341308594 3.7829382 1.5253285 1.5959337 6.23815 1.8900541 11.397343 -0.028343113139271736 0.9046181440353394
Car 0.0 0 -3.3614377975463867 723.2244262695312 180.3919677734375 848.194580078125 229.4810028076172 3.8687189 1.5963839 1.6185808 5.8632736 1.86206 24.55627 -3.1270570755004883 0.8928345441818237
Car 0.0 0 -2.6770505905151367 120.00255584716797 194.45655822753906 379.4534912109375 286.5992431640625 4.118506 1.589218 1.5627953 -6.7100487 2.0209055 13.609207 -3.135124444961548 0.8518236875534058
Car 0.0 0 -2.271568536758423 862.3035278320312 205.89987182617188 1242.0 375.0 3.8226547 1.5490475 1.6472324 2.7820868 1.8051662 3.6335065 -1.6181104183197021 0.8479380011558533
Car 0.0 0 -0.3116495609283447 721.6456909179688 191.0494842529297 868.1163940429688 243.71670532226562 4.0774584 1.5079398 1.5904707 5.5818563 2.0921745 22.22365 -0.06557248532772064 0.8425590395927429
Car 0.0 0 3.3090262413024902 412.0804748535156 187.44851684570312 504.91015625 223.19573974609375 3.8207684 1.5082442 1.5927129 -6.708564 2.1739588 32.02141 3.102510690689087 0.8264710903167725
Car 0.0 0 0.8449130058288574 0.0 206.04586791992188 209.98756408691406 375.0 4.221528 1.5323635 1.6730818 -6.087205 1.8680527 6.292266 0.07607793807983398 0.8180283308029175
Car 0.0 0 2.666412830352783 745.5999145507812 192.13671875 916.4889526367188 258.864013671875 4.0875225 1.6212364 1.6650528 5.844798 2.1720715 19.40561 2.9589619636535645 0.8097014427185059
Car 0.0 0 -0.4838438928127289 792.6242065429688 188.19993591308594 977.962890625 260.15997314453125 3.7377355 1.5352417 1.5822829 6.3075504 1.9155848 16.844526 -0.12554937601089478 0.7551229596138
