Car 0.0 0 -1.7206788063049316 378.6788024902344 179.80921936035156 434.8604431152344 220.3785400390625 3.916155 1.4707409 1.5928715 -8.265129 1.7709419 28.99106 -1.9984033107757568 0.9585300087928772
Car 0.0 0 -1.917559027671814 476.8211975097656 185.28282165527344 615.3002319335938 269.8998718261719 3.9836586 1.4566673 1.6051062 -1.5359474 1.7556562 15.190898 -2.0183262825012207 0.9558234810829163
Car 0.0 0 1.2377030849456787 1057.607177734375 157.6084747314453 1242.0 244.5353240966797 3.9397616 1.3778216 1.5820841 9.851294 1.1365324 13.548765 1.8663856983184814 0.9093204140663147
Car 0.0 0 1.7115116119384766 0.0 198.91091918945312 121.65038299560547 309.1978759765625 3.6593928 1.4641339 1.5968001 -9.646956 1.9876816 12.499541 1.054213285446167 0.8905465006828308
Car 0.0 0 1.426919937133789 943.4185180664062 156.96153259277344 1053.093505859375 229.62249755859375 3.6765006 1.3587754 1.5241897 8.128319 1.0619404 15.477299 1.9105055332183838 0.8517753481864929
Car 0.0 0 1.7192723751068115 183.49949645996094 184.22994995117188 231.4298553466797 217.9890594482422 4.2272177 1.6908326 1.7107903 -22.249517 2.3570552 39.951305 1.2111350297927856 0.8192489743232727
Car 0.0 0 1.802687644958496 0.0 213.31556701660156 71.34723663330078 375.0 4.264913 1.4401523 1.6343495 -7.28859 2.0093403 7.8824587 1.0564143657684326 0.796432614326477
Car 0.0 0 -2.83829665184021 558.6409301757812 167.20663452148438 648.482666015625 202.68540954589844 3.6008942 1.4811995 1.5878804 -0.3060076 1.2457865 31.401588 -2.848041296005249 0.6913027167320251
Car 0.0 0 -2.218865394592285 626.9180908203125 129.96340942382812 1001.4365844726562 332.9848937988281 4.318817 1.6300684 1.63809 1.8147545 1.2860559 8.095153 -1.99833345413208 0.6699133515357971
Car 0.0 0 -1.7773919105529785 360.15478515625 180.20677185058594 411.1376037597656 214.27520751953125 3.6513379 1.4736466 1.5726733 -10.666447 1.8410455 34.038315 -2.0810654163360596 0.522854208946228
