Pedestrian 0.0 0 0.07249900698661804 348.33612060546875 159.0050048828125 373.2407531738281 200.7194366455078 1.0079997 1.834189 0.6167407 -11.138509 1.2256048 32.15134 -0.26100078225135803 0.683413565158844
Car 0.0 0 -2.038635492324829 304.325927734375 163.27774047851562 384.00018310546875 198.9287872314453 4.6586657 1.6449565 1.7601293 -13.17711 1.203461 35.518513 -2.393888235092163 0.7409272789955139
Car 0.0 0 -1.9849517345428467 847.7216796875 160.708251953125 888.1959228515625 179.81399536132812 4.193779 1.5576802 1.6683124 21.720798 0.5678029 60.975185 -1.6427433490753174 0.6194272041320801
Car 0.0 0 -2.126349687576294 616.2811889648438 161.12738037109375 669.0748291015625 186.78207397460938 3.7827399 1.5773842 1.6384996 2.0249243 0.8567283 46.411354 -2.082747459411621 0.5488195419311523
Car 0.0 0 -1.8555800914764404 468.7720642089844 167.48878479003906 507.052490234375 192.40890502929688 3.5889018 1.6460397 1.6492974 -8.461019 1.2920109 49.63106 -2.024435043334961 0.5235379934310913
Car 0.0 0 -2.2204244136810303 365.73358154296875 163.31175231933594 428.5468444824219 194.03347778320312 3.1466653 1.5213612 1.5149368 -11.046729 1.0491804 37.269775 -2.5085744857788086 0.5142126083374023
Car 0.0 0 0.804485023021698 581.2888793945312 159.9478302001953 647.6079711914062 186.10360717773438 4.0834303 1.505349 1.6211061 0.19315794 0.7629153 43.560856 0.8089191913604736 0.4683326780796051
Car 0.0 0 -2.2035083770751953 416.90570068359375 158.12991333007812 492.46173095703125 189.27919006347656 4.377219 1.5869269 1.71499 -8.441492 0.8371533 38.848843 -2.417473077774048 0.45621153712272644
Car 0.0 0 -2.5198891162872314 647.177490234375 158.793212890625 714.8060302734375 182.14804077148438 4.379336 1.5131309 1.7037667 4.7368636 0.6025079 48.827374 -2.4231793880462646 0.3540971279144287
Car 0.0 0 -2.203221321105957 720.870849609375 160.9200897216797 772.20556640625 183.90255737304688 4.0815988 1.647431 1.6760811 10.124641 0.7923415 53.921146 -2.0176148414611816 0.31975623965263367
