Pedestrian 0.0 0 3.5390686988830566 242.42111206054688 177.28460693359375 278.1293640136719 240.0354766845703 0.6931626 1.7014099 0.64693 -9.710814 1.8263971 19.951342 3.086097478866577 0.23955218493938446
Pedestrian 0.0 0 -0.8527889251708984 479.97796630859375 170.1358642578125 492.05548095703125 192.51878356933594 0.6834308 1.794635 0.6807132 -10.044674 1.5770568 58.31818 -1.0233545303344727 0.12776724994182587
Pedestrian 0.0 0 -1.4646496772766113 174.6809539794922 184.3322296142578 196.4392852783203 230.3355255126953 0.80335706 1.7595485 0.65666735 -16.711327 2.2188673 28.346657 -1.9973381757736206 0.11564838141202927
Cyclist 0.0 0 -1.1496144533157349 238.54461669921875 175.56967163085938 281.5257873535156 238.9852752685547 1.4162216 1.6900021 0.5426887 -9.72991 1.7683543 20.00362 -1.6023290157318115 0.12536205351352692
Car 0.0 0 1.7267111539840698 466.29425048828125 177.57870483398438 502.010498046875 204.63150024414062 3.630196 1.5120808 1.5432463 -7.4526696 1.8046339 42.792614 1.554282784461975 0.8959359526634216
Car 0.0 0 2.305461883544922 0.0 203.9103240966797 121.419189453125 375.0 3.850304 1.4271505 1.5835861 -7.6607046 1.8629594 8.174873 1.5525215864181519 0.7763251662254333
Car 0.0 0 -2.5333142280578613 171.212890625 202.6673126220703 256.98687744140625 232.28146362304688 4.0254846 1.5673158 1.7923123 -22.774246 3.3287845 41.514362 -3.035072088241577 0.19519570469856262
Car 0.0 0 -1.5537527799606323 580.177001953125 176.22740173339844 597.9658203125 192.4143829345703 3.9352956 1.4756947 1.6253039 -1.982806 1.8059304 68.57788 -1.5826579332351685 0.163298100233078
Car 0.0 0 1.4879130125045776 627.3244018554688 170.91567993164062 656.766357421875 198.69276428222656 4.163254 1.832661 1.6796235 2.1369033 1.7051339 49.71596 1.5308687686920166 0.13612625002861023
Car 0.0 0 -1.5393346548080444 839.3587036132812 157.59481811523438 870.7059936523438 185.9490509033203 4.013539 1.7079403 1.7541018 15.504565 0.7891493 45.646618 -1.211896300315857 0.11051307618618011
Car 0.0 0 -2.384629964828491 146.2825164794922 190.2356414794922 266.6290588378906 231.98541259765625 3.9813468 1.4660615 1.6567391 -15.508395 2.1647496 27.696877 -2.8950672149658203 0.10207188129425049
Car 0.0 0 1.4496376514434814 644.5916748046875 185.2574462890625 690.5166625976562 221.8123016357422 4.360494 1.5063242 1.5910563 2.5604439 2.1197233 33.445698 1.5260438919067383 0.10071732103824615
