Pedestrian 0.0 0 2.0151615142822266 1041.6861572265625 126.63652038574219 1103.93408203125 240.8361053466797 0.561336 1.7428159 0.65335304 7.277775 1.0378422 11.434585 2.5819666385650635 0.4315599203109741
Pedestrian 0.0 0 1.2720005512237549 0.0 104.38780212402344 81.87372589111328 300.1611633300781 0.9052046 1.8477373 0.597741 -5.9460936 1.2019013 7.3071632 0.5889406204223633 0.3836490511894226
Pedestrian 0.0 0 -3.2133688926696777 1086.1614990234375 149.10389709472656 1140.3646240234375 261.5523376464844 0.69655776 1.7981032 0.548323 8.267532 1.4186857 11.948165 -2.6080660820007324 0.23957906663417816
Pedestrian 0.0 0 -2.176199436187744 1018.5584106445312 167.0244140625 1060.029052734375 235.52699279785156 0.7610489 1.8346583 0.65719986 11.67911 1.6788863 19.724531 -1.6416010856628418 0.22522026300430298
Pedestrian 0.0 0 -0.26805579662323 979.4527587890625 137.970458984375 1028.799560546875 242.51596069335938 0.5863895 1.7007223 0.5982438 6.5422077 1.1336026 12.092688 0.22785544395446777 0.21336857974529266
Pedestrian 0.0 0 -2.700273036956787 504.8499450683594 146.39456176757812 553.5385131835938 257.3117370605469 0.50402415 1.6879427 0.72855264 -1.321354 1.2856395 11.403443 -2.815631866455078 0.1818903684616089
Pedestrian 0.0 0 2.582768201828003 445.5962829589844 153.65150451660156 577.642578125 309.2451477050781 1.349084 1.6054931 0.62060654 -1.1436219 1.4077101 8.113961 2.4427456855773926 0.13978561758995056
Pedestrian 0.0 0 0.8644838333129883 1098.951416015625 135.5254364013672 1181.3096923828125 255.8069305419922 0.8687936 1.7879521 0.60879254 8.139265 1.2334307 11.179243 1.4938009977340698 0.1381395310163498
Pedestrian 0.0 0 -0.37703466415405273 1171.568603515625 114.01325988769531 1236.235107421875 213.15505981445312 0.74566656 1.7664895 0.60532826 10.842842 0.71843415 13.255078 0.3085944652557373 0.12778520584106445
Cyclist 0.0 0 2.0494022369384766 443.6717529296875 148.33470153808594 560.6941528320312 309.7831115722656 1.686654 1.6155928 0.5918638 -1.2104506 1.3705894 8.111307 1.9012655019760132 0.554648220539093
Cyclist 0.0 0 -1.3406232595443726 512.7508544921875 155.990966796875 563.35400390625 261.5798034667969 0.99164355 1.6129662 0.59892684 -1.188789 1.3557256 11.549303 -1.4431936740875244 0.16081061959266663
Cyclist 0.0 0 -3.447049140930176 972.2618408203125 134.5838165283203 1046.244873046875 245.3148651123047 0.9549787 1.7910843 0.557609 6.5893416 1.1724186 12.034437 -2.946096181869507 0.12785813212394714
Car 0.0 0 -2.5524051189422607 324.6874084472656 159.95126342773438 561.0230102539062 256.0726013183594 3.5937412 1.4240788 1.5318195 -2.8267946 1.2332771 12.034808 -2.7831079959869385 0.18749630451202393
Car 0.0 0 -1.7124440670013428 667.0149536132812 164.84896850585938 726.6760864257812 210.87808227539062 3.5947528 1.5367771 1.6186352 3.000912 1.2698711 25.905334 -1.5971165895462036 0.14828260242938995
Car 0.0 0 1.5266010761260986 685.6065673828125 147.35926818847656 729.1699829101562 185.54063415527344 3.929397 1.4854002 1.6134957 3.959721 0.4939164 30.094952 1.6574238538742065 0.14108765125274658
