Car 0.0 0 -1.7538962364196777 725.7484741210938 186.915283203125 821.7749633789062 255.93826293945312 4.155556 1.4986807 1.6494106 4.038812 1.9029632 18.622192 -1.540322184562683 0.9492335915565491
Car 0.0 0 1.2999720573425293 774.6939697265625 186.51951599121094 942.8674926757812 298.666015625 4.150561 1.5384386 1.6293318 4.0182962 1.8157592 12.514763 1.6106585264205933 0.9435644745826721
Car 0.0 0 -1.7263989448547363 715.3585205078125 181.78268432617188 777.8348999023438 233.0647430419922 3.2285445 1.5368503 1.5294572 4.394665 1.8522748 23.823956 -1.543985366821289 0.9094321131706238
Car 0.0 0 1.6352412700653076 557.4434814453125 178.6094512939453 594.2860717773438 210.05027770996094 3.8580956 1.4687452 1.6106108 -1.7089349 1.7746351 36.35771 1.5882724523544312 0.8863582611083984
Car 0.0 0 2.2518858909606934 0.0 199.12648010253906 329.1743469238281 375.0 3.6104147 1.5724504 1.5704039 -2.8890064 1.7660546 3.491399 1.5606216192245483 0.8580801486968994
Car 0.0 0 -1.7185473442077637 682.4901123046875 180.4886016845703 726.6937255859375 215.34100341796875 3.6228514 1.5659412 1.6020631 4.501114 1.956461 35.043964 -1.5908048152923584 0.8282463550567627
Car 0.0 0 -2.114194631576538 902.9474487304688 181.75396728515625 1242.0 375.0 3.251638 1.458966 1.5669004 3.685488 1.5505167 5.743995 -1.5437299013137817 0.8207021355628967
Car 0.0 0 -1.7490906715393066 695.54736328125 182.0595245361328 747.1115112304688 222.09414672851562 3.448481 1.5599011 1.5667723 4.629157 1.9737322 30.659807 -1.5992380380630493 0.7891215085983276
Car 0.0 0 1.7142658233642578 487.36474609375 180.9947509765625 561.8732299804688 242.3135528564453 3.615457 1.5338414 1.5825121 -2.364891 1.7845862 20.36066 1.598633885383606 0.7044139504432678
Car 0.0 0 -1.680774450302124 677.0482788085938 177.54576110839844 712.3910522460938 206.57606506347656 3.7204888 1.5440733 1.5791026 4.7151675 1.8221389 40.84134 -1.565832495689392 0.5649436712265015
