Pedestrian 0.0 0 3.118792772293091 455.1176452636719 189.24913024902344 559.5350952148438 374.0 0.81923133 1.6776073 0.6272551 -0.8415082 1.7476518 5.9866347 2.9791431427001953 0.8411401510238647
Pedestrian 0.0 0 2.4858813285827637 1011.5255737304688 126.84564971923828 1118.6627197265625 289.4200439453125 0.8911972 1.8000618 0.5394959 5.267587 1.1962706 8.258803 3.053642749786377 0.7420290112495422
Pedestrian 0.0 0 1.9328629970550537 760.9197387695312 164.97828674316406 851.8547973632812 327.07208251953125 0.9110182 1.671542 0.69714934 2.2390866 1.5025308 7.9784827 2.206465721130371 0.7058303952217102
Pedestrian 0.0 0 -0.22028303146362305 1170.8201904296875 162.89735412597656 1238.0 374.0 0.7467605 1.6850809 0.6141137 5.2512655 1.5423992 6.0089626 0.4979267120361328 0.1817859560251236
Pedestrian 0.0 0 3.4894216060638428 302.1031188964844 152.69129943847656 329.12347412109375 205.80792236328125 0.7145936 1.8200189 0.58709764 -9.932538 0.83397204 24.91549 3.1100802421569824 0.12580309808254242
Pedestrian 0.0 0 2.4392194747924805 361.2713317871094 137.3693389892578 409.64190673828125 203.40658569335938 1.2331187 1.8225869 0.5916549 -6.1827126 0.60576093 20.501228 2.146315813064575 0.1233445256948471
Pedestrian 0.0 0 -2.055527925491333 1044.7008056640625 93.449951171875 1238.0 374.0 0.78346366 1.6626523 0.64505684 3.0067325 1.2147924 4.0978665 -1.422520399093628 0.10238770395517349
Car 0.0 0 0.3600050210952759 0.0 182.23081970214844 236.65318298339844 300.4585876464844 4.3202353 1.4739937 1.6411765 -7.8596864 1.487263 10.371423 -0.28848302364349365 0.9327021241188049
Car 0.0 0 3.0896594524383545 326.41436767578125 162.2492218017578 490.08074951171875 226.9293975830078 4.0307393 1.5903131 1.7042992 -5.1440063 1.1181773 19.09409 2.8265039920806885 0.17677070200443268
Car 0.0 0 -1.6950721740722656 335.88153076171875 150.81471252441406 389.1927795410156 191.45419311523438 3.9038079 1.6180228 1.6815633 -10.28456 0.3973205 30.720747 -2.018120288848877 0.13967537879943848
Car 0.0 0 3.307929039001465 56.131507873535156 198.32325744628906 264.7917175292969 286.42724609375 3.4035747 1.5643233 1.5842767 -8.825608 1.9402224 14.6337185 2.765232563018799 0.10552263259887695
