Pedestrian 0.0 0 2.565281867980957 990.0455322265625 119.06410217285156 1063.905029296875 247.63555908203125 0.78902936 1.736689 0.39315 5.769881 0.9085096 9.758641 3.0992491245269775 0.5735844969749451
Pedestrian 0.0 0 -1.0956010818481445 115.18199920654297 152.25149536132812 138.88839721679688 193.5851287841797 0.80580133 2.0053952 0.67192286 -23.494978 0.6362944 34.73919 -1.690260410308838 0.39440879225730896
Pedestrian 0.0 0 -0.3903932571411133 509.7368469238281 164.91055297851562 520.6596069335938 187.6085968017578 0.76829094 1.9394829 0.58361506 -7.7115164 0.6086058 60.853794 -0.5164434313774109 0.37198108434677124
Pedestrian 0.0 0 0.07758177816867828 776.3207397460938 157.32888793945312 794.0289916992188 189.12342834472656 0.9498208 1.8060782 0.48081648 10.32481 0.4912365 40.538902 0.3269686698913574 0.3688703179359436
Cyclist 0.0 0 0.9952679872512817 874.4396362304688 156.7742156982422 907.6195068359375 194.3245391845703 1.850913 1.7320069 0.5362596 13.544344 0.639112 33.56725 1.3787869215011597 0.3915989100933075
Car 0.0 0 1.588388204574585 441.2774963378906 176.67959594726562 473.27850341796875 204.25221252441406 3.996111 1.3993568 1.5970275 -7.9114285 1.20689 37.990955 1.3830773830413818 0.8863438367843628
Car 0.0 0 -0.4229125380516052 960.826416015625 159.58670043945312 1115.3668212890625 205.0069580078125 4.077352 1.4438696 1.6231291 14.268383 0.78060395 23.52566 0.12227487564086914 0.8801348209381104
Car 0.0 0 1.8991559743881226 228.10450744628906 181.36721801757812 307.1233215332031 223.94065856933594 4.3168244 1.6578096 1.7068106 -14.147076 1.6986495 29.859692 1.4566993713378906 0.8528979420661926
Car 0.0 0 -0.8169131278991699 0.0 205.60546875 299.201171875 370.0 3.9442928 1.4456223 1.6025972 -3.1783626 1.6379936 3.3917353 -1.5698463916778564 0.8395264744758606
Car 0.0 0 -2.638627529144287 321.3046875 172.82301330566406 394.15167236328125 199.08465576171875 3.603587 1.4607283 1.6077359 -14.118212 1.0351113 40.414597 -2.9747092723846436 0.4518168568611145
