Pedestrian 0.0 0 0.8409777283668518 812.8579711914062 136.5764923095703 853.3123168945312 192.9924774169922 1.3453587 1.853326 0.5495838 7.494203 0.66192824 24.426474 1.138667345046997 0.11148365586996078
Pedestrian 0.0 0 0.4829862415790558 783.4908447265625 136.65049743652344 817.7637329101562 192.2578125 0.9614102 1.8304317 0.56797624 6.3681903 0.6390756 24.281952 0.7394702434539795 0.1024952381849289
Pedestrian 0.0 0 1.2103508710861206 831.306640625 123.91229248046875 871.1006469726562 193.0985870361328 1.1198763 1.9220405 0.7275404 6.8304706 0.56276596 20.616253 1.5302836894989014 0.10208309441804886
Cyclist 0.0 0 1.2205003499984741 704.0869750976562 154.91685485839844 746.137451171875 225.77354431152344 1.7275064 1.8284855 0.55854374 3.043316 1.3659686 19.518387 1.3751753568649292 0.9160639047622681
Cyclist 0.0 0 0.8074592351913452 813.2598876953125 131.72621154785156 853.9758911132812 188.13827514648438 1.3201104 1.8542336 0.5570167 7.5136976 0.50274354 24.428669 1.1058528423309326 0.12492586672306061
Cyclist 0.0 0 0.4600542485713959 783.2561645507812 137.363037109375 824.7775268554688 194.81700134277344 1.2068145 1.8869404 0.6085846 6.4907126 0.72168094 24.32133 0.7208495140075684 0.11761641502380371
Cyclist 0.0 0 2.671685218811035 819.486083984375 127.42723846435547 868.8076782226562 195.6658172607422 1.1793034 1.9129301 0.64023316 6.6417437 0.63984096 20.633266 2.9831061363220215 0.11369767040014267
Car 0.0 0 -1.6567445993423462 583.1993408203125 171.83641052246094 613.4871215820312 196.088134765625 4.2043214 1.5549968 1.6699194 -0.85493135 1.4901081 48.438812 -1.6743924617767334 0.7332524061203003
Car 0.0 0 2.3327057361602783 5.590159893035889 199.09136962890625 132.43673706054688 244.53765869140625 3.782523 1.4489213 1.6891593 -20.332747 2.5128534 27.266459 1.6919587850570679 0.21234017610549927
Car 0.0 0 1.7890022993087769 409.5296936035156 177.9582977294922 467.664306640625 214.92628479003906 3.8898818 1.4330946 1.5820653 -7.1999125 1.6628158 30.464048 1.5569195747375488 0.18192876875400543
Car 0.0 0 1.8919799327850342 261.5416564941406 177.8953094482422 389.6351623535156 248.13034057617188 4.3198476 1.4934117 1.6465648 -6.891491 1.633858 17.851051 1.523552417755127 0.1545928418636322
Car 0.0 0 2.0305068492889404 201.00924682617188 189.22169494628906 273.3439636230469 222.59230041503906 4.0937324 1.5426884 1.6918087 -19.27755 2.4390097 37.43401 1.554951786994934 0.1534232497215271
Car 0.0 0 1.432325005531311 701.2866821289062 170.48094177246094 748.0408935546875 201.8486785888672 4.2658663 1.3940399 1.6009868 5.328355 1.2889345 34.2092 1.586841344833374 0.1138809472322464
Car 0.0 0 -0.1922813057899475 677.9719848632812 167.1736297607422 739.0404052734375 190.77053833007812 3.8168359 1.5563711 1.6857237 6.56592 1.1820711 48.539116 -0.05782672017812729 0.11119925230741501
Car 0.0 0 1.8290541172027588 373.2040100097656 177.60110473632812 448.69171142578125 224.29019165039062 4.0759025 1.4941577 1.5829003 -6.986196 1.6760741 25.54863 1.5621323585510254 0.10257311910390854
