Pedestrian 0.0 0 -2.121044158935547 1075.442626953125 125.67193603515625 1143.153076171875 237.50341796875 0.6209371 1.734302 0.66047716 7.901293 1.0029521 11.513946 -1.5196151733398438 0.3469666540622711
Pedestrian 0.0 0 1.0369343757629395 1004.6799926757812 131.80284118652344 1072.010009765625 239.17408752441406 0.67705894 1.7698387 0.7386246 7.1938686 1.0935354 12.229941 1.5686454772949219 0.3029394745826721
Pedestrian 0.0 0 -0.5497767329216003 1054.621337890625 166.26295471191406 1089.5987548828125 229.19863891601562 0.56207615 1.6872714 0.6171051 12.534283 1.5109271 19.654823 0.017917633056640625 0.21958966553211212
Pedestrian 0.0 0 -3.387571334838867 1119.8067626953125 152.0955810546875 1175.557373046875 259.239013671875 0.6226055 1.730591 0.57591677 8.90412 1.3956568 12.036459 -2.750654458999634 0.19501757621765137
Pedestrian 0.0 0 1.0058186054229736 70.84854888916016 143.43467712402344 185.91177368164062 316.8070983886719 1.0559995 1.7896281 0.5714739 -5.338576 1.4863065 7.918789 0.412642240524292 0.18842750787734985
Pedestrian 0.0 0 1.8050893545150757 948.9312133789062 119.69898223876953 1000.2903442382812 203.8095703125 1.0427724 1.8965878 0.85975677 8.517802 0.6983674 16.942732 2.2709271907806396 0.14261406660079956
Pedestrian 0.0 0 -2.488485336303711 1111.995849609375 155.87762451171875 1149.9031982421875 220.66671752929688 0.566412 1.7812883 0.6763832 14.537204 1.3149039 20.204008 -1.8647778034210205 0.12023131549358368
Cyclist 0.0 0 2.121671676635742 486.218017578125 146.0750274658203 609.5467529296875 305.04376220703125 1.7184861 1.7166083 0.6870247 -0.7521932 1.4277959 8.710779 2.0355334281921387 0.6684836745262146
Car 0.0 0 -2.4587388038635254 396.377197265625 155.7259979248047 604.9247436523438 247.7523193359375 3.4166107 1.4198513 1.516575 -1.9978527 1.1559454 12.643314 -2.615459442138672 0.21645745635032654
Car 0.0 0 -0.613673746585846 688.7891235351562 148.54847717285156 795.64453125 187.23458862304688 3.9657035 1.4572958 1.6472992 5.2342606 0.54207087 28.75793 -0.43363356590270996 0.14807917177677155
