Pedestrian 0.0 0 -0.873820424079895 278.3904113769531 188.60035705566406 393.17822265625 374.0 0.7817609 1.6500113 0.6043091 -2.4065747 1.7195691 6.4265666 -1.2321288585662842 0.8029032349586487
Pedestrian 0.0 0 2.5672807693481445 527.9991455078125 175.47601318359375 564.4520263671875 237.47610473632812 0.9007007 1.7931019 0.5904413 -1.6635478 1.6200193 21.280312 2.4892663955688477 0.7240925431251526
Pedestrian 0.0 0 1.6577837467193604 696.7697143554688 170.90933227539062 717.40771484375 221.5465545654297 0.6383286 1.610295 0.6082129 3.39333 1.2746067 23.221436 1.8028860092163086 0.7206129431724548
Pedestrian 0.0 0 -0.7905802130699158 897.1764526367188 164.42532348632812 984.2793579101562 290.76171875 0.9446182 1.7406029 0.66585207 4.8456774 1.5066774 10.370095 -0.3534543514251709 0.65192049741745
Pedestrian 0.0 0 -1.2842336893081665 576.23291015625 177.10739135742188 607.9298095703125 243.38671875 0.8544837 1.6782138 0.609441 -0.26855648 1.5681723 18.679295 -1.298609972000122 0.5933941006660461
Pedestrian 0.0 0 -0.8611741065979004 777.7191772460938 174.15402221679688 829.3815307617188 267.2774658203125 0.6125179 1.8125739 0.7948253 4.030435 1.6708423 14.479815 -0.5896974802017212 0.5576803088188171
Pedestrian 0.0 0 1.764000415802002 553.88916015625 175.96665954589844 579.1051635742188 232.9672088623047 0.9807475 1.8872644 0.67879367 -1.1994454 1.7051438 24.315138 1.7147111892700195 0.5560721755027771
Pedestrian 0.0 0 1.2395521402359009 597.0244140625 176.97637939453125 616.4360961914062 221.18687438964844 0.68354124 1.8004427 0.61190337 0.1991345 1.6172141 29.67259 1.2462631464004517 0.5021082758903503
Pedestrian 0.0 0 -2.726841926574707 272.61932373046875 185.7408905029297 343.6338806152344 330.1624450683594 0.5575585 1.6532347 0.6915133 -3.54037 1.7074009 8.593338 -3.1176416873931885 0.4901764988899231
Pedestrian 0.0 0 1.4515085220336914 623.1375732421875 179.24192810058594 638.9879150390625 222.7141876220703 0.7510935 1.7741929 0.5682494 1.2051443 1.6830277 29.71086 1.492048740386963 0.4876912236213684
Pedestrian 0.0 0 2.2998950481414795 448.001953125 176.9860382080078 505.3034362792969 288.7850036621094 0.6687207 1.8027121 0.67252254 -2.130134 1.731219 12.041495 2.1248068809509277 0.4420362114906311
Pedestrian 0.0 0 2.909554958343506 608.1597900390625 177.41171264648438 627.0100708007812 220.23355102539062 0.67266554 1.818849 0.6752214 0.6767933 1.6461711 30.908869 2.931447982788086 0.43506932258605957
Pedestrian 0.0 0 -1.3872085809707642 484.41729736328125 195.33384704589844 516.6177368164062 271.7369384765625 0.84635717 1.6528269 0.5736401 -2.293433 1.9730854 16.12942 -1.5284512042999268 0.37188002467155457
Pedestrian 0.0 0 3.033677101135254 573.9411010742188 175.70785522460938 590.8663330078125 216.52203369140625 0.66679823 1.7519841 0.65878505 -0.84441745 1.5043174 31.2038 3.006622314453125 0.3186710476875305
Pedestrian 0.0 0 -0.6748991012573242 516.8434448242188 173.66659545898438 536.7149047851562 212.08761596679688 0.6855375 1.7359517 0.59262747 -3.4315078 1.3829587 32.905117 -0.7788084149360657 0.3178960680961609
Pedestrian 0.0 0 3.1769676208496094 390.127685546875 200.5551300048828 421.8798828125 294.38006591796875 0.5867132 1.7903427 0.84455055 -3.9404242 2.1857188 14.377108 2.9094603061676025 0.315635621547699
Pedestrian 0.0 0 -1.6048510074615479 692.185546875 154.73544311523438 705.3606567382812 188.1826171875 0.6524204 1.872878 0.7147162 5.495315 0.375 40.581066 -1.4702539443969727 0.284201979637146
Pedestrian 0.0 0 -1.525180459022522 706.9119873046875 163.6551513671875 720.9178466796875 203.6655731201172 0.69604176 1.8021194 0.60083973 5.1196823 0.9993049 32.75303 -1.3701235055923462 0.26956304907798767
Cyclist 0.0 0 0.3607792258262634 378.0238037109375 196.95799255371094 464.0468444824219 279.96087646484375 1.6799878 1.7291279 0.6649568 -3.9277117 2.0740802 15.545447 0.11329865455627441 0.27591580152511597
Cyclist 0.0 0 2.030876874923706 444.3846130371094 177.7286376953125 507.56085205078125 290.7950134277344 1.1031548 1.8017355 0.6226859 -2.1297956 1.7429332 12.061107 1.8560949563980103 0.15754912793636322
