Car 0.0 0 -1.8413310050964355 714.8296508789062 173.2132568359375 885.8404541015625 292.3009948730469 3.9847543 1.6622399 1.6941384 2.908003 1.6696302 12.101316 -1.60549795627594 0.9478381276130676
Car 0.0 0 -2.3016700744628906 694.5602416992188 175.4676513671875 761.07861328125 205.59808349609375 3.4738777 1.4675038 1.438562 6.006423 1.609726 37.310818 -2.1420559883117676 0.9359740018844604
Car 0.0 0 1.452095866203308 620.224609375 173.7562713623047 649.9157104492188 197.09335327148438 3.726801 1.5378677 1.6037772 1.6577935 1.6026839 49.618965 1.4854938983917236 0.8474180102348328
Car 0.0 0 0.259978711605072 366.0204162597656 171.46023559570312 476.51092529296875 213.77359008789062 3.9077163 1.61692 1.6957283 -7.414636 1.5640174 28.426651 0.0048296451568603516 0.8105933666229248
Car 0.0 0 0.37338894605636597 279.7044982910156 183.78851318359375 465.61981201171875 245.57167053222656 4.3103414 1.4998131 1.5839967 -6.1311097 1.7982262 18.750784 0.05736827850341797 0.7446892857551575
Car 0.0 0 3.561615467071533 75.64940643310547 171.3243865966797 391.2265625 287.3007507324219 3.8229914 1.5757868 1.6332878 -5.4461484 1.5553615 10.7126255 3.0912816524505615 0.7426618933677673
Car 0.0 0 0.4388484060764313 218.10055541992188 167.35760498046875 400.53460693359375 238.94178771972656 3.4595063 1.52528 1.5434648 -6.723657 1.4085233 16.221739 0.04591822624206543 0.6797384023666382
Car 0.0 0 3.539480686187744 144.21795654296875 178.48843383789062 371.4373779296875 261.5601806640625 3.6003375 1.4799086 1.5383189 -6.666781 1.5949938 13.828577 3.090254068374634 0.6445484161376953
Car 0.0 0 -0.9980150461196899 0.0 156.60507202148438 337.4386291503906 375.0 3.7569685 1.4151721 1.5614512 -3.785807 1.3246473 5.9140315 -1.567427396774292 0.6348883509635925
Car 0.0 0 3.3260843753814697 385.4085388183594 177.5934295654297 489.54412841796875 216.98484802246094 4.0205717 1.5914724 1.6303275 -7.2166395 1.7967554 30.281837 3.092132568359375 0.627098023891449
