Pedestrian 0.0 0 0.17622560262680054 1000.0249633789062 170.0313262939453 1040.6201171875 233.38685607910156 0.9024342 1.7666667 0.706277 11.712496 1.6883146 20.677074 0.6916093826293945 0.3413972854614258
Pedestrian 0.0 0 -0.42532768845558167 976.1024780273438 136.05642700195312 1014.7290649414062 204.2711639404297 0.7411905 1.8946264 0.6969278 10.845648 0.8729523 20.408718 0.0631406307220459 0.25434818863868713
Pedestrian 0.0 0 -2.5939505100250244 351.44091796875 150.16943359375 395.817138671875 214.8491668701172 1.0724022 1.8673811 0.6282987 -7.00566 1.2128084 21.256706 -2.912313938140869 0.2297898232936859
Pedestrian 0.0 0 -1.4036556482315063 451.4289855957031 157.63516235351562 466.683837890625 192.041259765625 0.6899074 1.8215803 0.69373846 -8.098998 1.016199 38.556534 -1.6107006072998047 0.2041000872850418
Cyclist 0.0 0 0.17622560262680054 1000.0249633789062 170.0313262939453 1040.6201171875 233.38685607910156 0.9024342 1.7666667 0.706277 11.712496 1.6883146 20.677074 0.6916093826293945 0.1514773815870285
Car 0.0 0 -1.8339543342590332 729.2227783203125 158.07803344726562 894.2962646484375 269.8266906738281 4.3497176 1.6601613 1.6865705 3.30877 1.4410043 12.901477 -1.5829007625579834 0.9756723046302795
Car 0.0 0 1.785551905632019 419.1972961425781 179.1686248779297 515.1788330078125 246.70751953125 3.7933335 1.5201052 1.6339802 -3.5879247 1.6992433 18.510292 1.5940921306610107 0.9666416645050049
Car 0.0 0 -1.3531640768051147 541.5552368164062 172.80409240722656 605.6881103515625 213.7220916748047 4.5354924 1.5302316 1.6616093 -1.4289922 1.528723 29.356142 -1.4018034934997559 0.9525671005249023
Car 0.0 0 -1.2900587320327759 693.9904174804688 172.54067993164062 762.89208984375 216.63839721679688 3.3722184 1.4419618 1.5228915 4.1893497 1.4320745 25.440704 -1.12685227394104 0.8746628761291504
Car 0.0 0 1.7588928937911987 469.0077819824219 177.2870635986328 526.5154418945312 216.17665100097656 4.101634 1.4801993 1.6232122 -4.629876 1.677731 30.01185 1.605831265449524 0.6528999209403992
