Pedestrian 0.0 0 -0.23408564925193787 615.6844482421875 171.59933471679688 653.156005859375 238.62872314453125 0.8495202 1.7170603 0.6547256 0.8247375 1.4646164 18.800411 -0.19024570286273956 0.6629262566566467
Pedestrian 0.0 0 -0.9611508846282959 623.8355712890625 162.0016632080078 645.689697265625 210.89169311523438 0.5044493 1.7099394 0.593261 1.1609664 1.0290433 25.502043 -0.9156578779220581 0.5780053734779358
Pedestrian 0.0 0 1.5606544017791748 615.54541015625 163.31524658203125 628.3792114257812 202.96482849121094 0.5157198 1.8482484 0.59653723 0.95141065 1.0014944 33.745464 1.5888407230377197 0.5013474822044373
Pedestrian 0.0 0 2.710965871810913 494.4629821777344 171.4977569580078 528.7083740234375 241.74803161621094 0.6358442 1.6694722 0.5961284 -2.224228 1.432972 17.489443 2.5844695568084717 0.4643693268299103
Pedestrian 0.0 0 0.5907999277114868 48.01165008544922 160.33847045898438 182.94448852539062 374.0 0.6394047 1.628678 0.6318457 -3.8555598 1.4724952 5.6646323 -0.00681232288479805 0.4471787214279175
Pedestrian 0.0 0 -1.5259044170379639 572.114990234375 177.87620544433594 589.0473022460938 225.67271423339844 0.7961623 1.6823301 0.5717352 -0.7634181 1.5558403 25.683542 -1.555619716644287 0.3803895115852356
Pedestrian 0.0 0 3.179413318634033 325.23236083984375 169.60772705078125 373.7047119140625 267.3254089355469 0.83010274 1.7601262 0.58868796 -4.7070184 1.547188 13.340576 2.8402154445648193 0.3724895715713501
Pedestrian 0.0 0 1.4948512315750122 652.193115234375 167.09889221191406 664.4737548828125 201.95501708984375 0.6804461 1.7948462 0.5851394 2.948556 1.0541514 37.327667 1.573678731918335 0.3723453879356384
Pedestrian 0.0 0 -1.9030828475952148 720.8217163085938 160.9717254638672 738.0166015625 194.0741424560547 0.81896067 1.7985829 0.7006902 7.0291905 0.68402755 39.486298 -1.7269123792648315 0.3570667505264282
Pedestrian 0.0 0 1.330794095993042 643.9556884765625 166.5491943359375 659.5701904296875 203.38429260253906 0.7079603 1.8331959 0.6327688 2.522564 1.0900114 36.149723 1.4004621505737305 0.3482937216758728
Pedestrian 0.0 0 1.2781450748443604 663.236572265625 163.73944091796875 679.1552124023438 201.25839233398438 0.6699857 1.8751103 0.6332026 3.514503 0.9883586 36.28836 1.3746932744979858 0.3123062252998352
Pedestrian 0.0 0 1.8859553337097168 606.3619995117188 166.36328125 622.05224609375 202.3465118408203 0.7154809 1.8502331 0.6260549 0.66179323 1.0727752 37.374073 1.903660774230957 0.29713335633277893
Pedestrian 0.0 0 -3.0250306129455566 601.3856201171875 166.34646606445312 616.0882568359375 191.5070037841797 1.0195483 1.823823 0.51639855 0.551034 0.72598773 52.388382 -3.014512777328491 0.24765272438526154
Pedestrian 0.0 0 -1.2867851257324219 400.4823303222656 183.18014526367188 441.4697265625 256.6331787109375 0.81424934 1.6819196 0.7378581 -4.266475 1.7235981 16.885159 -1.534280776977539 0.22351478040218353
Pedestrian 0.0 0 -1.4305408000946045 712.579345703125 158.52496337890625 728.2657470703125 195.8721466064453 0.6507748 1.8624148 0.69719267 5.997593 0.7175862 36.23393 -1.266503930091858 0.2211127132177353
Pedestrian 0.0 0 -2.5886425971984863 542.7783813476562 167.89608764648438 586.968505859375 225.8013916015625 1.2906418 1.7407001 0.49531642 -1.156312 1.3328737 22.118404 -2.640873432159424 0.21902814507484436
Cyclist 0.0 0 -2.0077407360076904 702.6773071289062 175.4844207763672 733.585205078125 221.8892364501953 1.6507493 1.6248415 0.4437193 4.187217 1.415271 26.00411 -1.8480898141860962 0.4433920681476593
Cyclist 0.0 0 -2.4681382179260254 536.5103149414062 168.3946533203125 590.4656982421875 225.6524658203125 1.7536333 1.7165977 0.47295582 -1.2139637 1.324821 22.23447 -2.5226824283599854 0.3324633836746216
Car 0.0 0 -3.0252914428710938 606.6692504882812 176.83421325683594 679.315185546875 203.19105529785156 4.073191 1.4962356 1.6254774 2.449777 1.232163 41.9304 -2.966933012008667 0.23715712130069733
Car 0.0 0 1.459009051322937 683.35595703125 174.6525115966797 719.9558715820312 202.7054443359375 3.922153 1.4732721 1.5653733 5.4872575 1.114507 39.703014 1.5963466167449951 0.17942848801612854
