Pedestrian 0.0 0 0.9539090394973755 906.0940551757812 151.1787109375 951.0904541015625 225.11663818359375 0.8292362 1.8078498 0.6775675 7.9401197 1.2782272 18.114103 1.3670235872268677 0.4591664969921112
Pedestrian 0.0 0 -1.8077478408813477 848.6725463867188 150.22239685058594 869.7335815429688 196.29473876953125 0.6058441 1.851732 0.6852613 10.084415 0.94248414 29.330996 -1.47659432888031 0.14300671219825745
Pedestrian 0.0 0 -3.367955207824707 1017.4713745117188 107.3983383178711 1148.3341064453125 305.3109130859375 0.9204261 1.7772645 0.6829653 4.460282 1.1898274 6.953377 -2.79761004447937 0.12367552518844604
Cyclist 0.0 0 -2.5895495414733887 325.3300476074219 195.4287567138672 369.4189147949219 237.90428161621094 1.7376496 1.8335824 0.706364 -11.76261 2.8583066 32.217915 -2.939608573913574 0.1755063831806183
Cyclist 0.0 0 -2.363250732421875 992.642578125 106.56966400146484 1177.01318359375 289.823974609375 1.6392324 1.759816 0.69742924 4.989344 1.1236365 7.802807 -1.7943423986434937 0.16235467791557312
Car 0.0 0 1.7630648612976074 376.25250244140625 190.99729919433594 517.1459350585938 292.21417236328125 4.779643 1.5232313 1.7586502 -3.0134442 1.9392731 14.123302 1.5528502464294434 0.9543096423149109
Car 0.0 0 1.257643461227417 978.9324951171875 118.38137817382812 1122.7080078125 202.34390258789062 3.5366485 1.572313 1.5729917 9.175425 0.55259633 15.407867 1.7947494983673096 0.4667259454727173
Car 0.0 0 0.7178409099578857 700.8894653320312 181.11093139648438 756.3696899414062 203.40496826171875 4.026599 1.5712625 1.6688813 8.891328 2.2188952 54.47673 0.8796277046203613 0.22074447572231293
Car 0.0 0 1.9868073463439941 647.633056640625 177.65830993652344 721.353271484375 215.00900268554688 4.2101645 1.509952 1.6932932 3.3347604 1.7383109 31.99213 2.0906691551208496 0.15300731360912323
Car 0.0 0 2.0360894203186035 158.36106872558594 200.7284698486328 251.90562438964844 245.58277893066406 3.6178823 1.4643391 1.683493 -15.461868 2.6057436 27.689331 1.5268160104751587 0.14877545833587646
Car 0.0 0 1.0093023777008057 1043.38916015625 143.36669921875 1242.0 236.65167236328125 3.8474438 1.7077942 1.6757354 10.968296 1.1683198 15.18016 1.6349972486495972 0.12976117432117462
