Pedestrian 0.0 0 -1.5284721851348877 941.2862548828125 154.5302276611328 959.54248046875 200.73814392089844 0.54460096 1.9118738 0.67042017 14.231662 1.1540769 30.247883 -1.0887010097503662 0.3218129873275757
Pedestrian 0.0 0 2.13026762008667 915.2457275390625 128.8192901611328 966.4633178710938 218.88656616210938 0.86597234 1.8365605 0.6168741 6.922701 0.93900716 15.206193 2.557483196258545 0.32118603587150574
Pedestrian 0.0 0 -2.507826805114746 950.3483276367188 143.7797393798828 976.8717651367188 198.19264221191406 0.57574564 1.9380339 0.67224073 12.750295 0.9028485 26.107393 -2.0535192489624023 0.27100881934165955
Cyclist 0.0 0 2.1709508895874023 486.57958984375 133.43222045898438 522.75048828125 182.4663543701172 1.6388206 1.8009492 0.52475727 -4.020666 0.35340524 27.349686 2.024986743927002 0.25568142533302307
Car 0.0 0 -1.812965750694275 722.5362548828125 185.1981658935547 908.9539184570312 314.0880126953125 3.7325737 1.424379 1.5987178 2.6145623 1.6313848 10.203022 -1.5621099472045898 0.9726920127868652
Car 0.0 0 1.3952535390853882 662.1058959960938 180.63479614257812 745.4708862304688 237.10507202148438 3.9589436 1.4040809 1.6551975 2.5081518 1.6474984 20.51577 1.5169047117233276 0.9636557698249817
Car 0.0 0 1.8777451515197754 236.0620574951172 177.2977752685547 459.5375061035156 306.421875 4.3371954 1.4073458 1.6480511 -3.4210157 1.4839411 10.193782 1.553957462310791 0.9533048868179321
Car 0.0 0 1.7137806415557861 450.995361328125 179.18313598632812 526.2981567382812 232.7857208251953 3.7880807 1.4096198 1.6671499 -3.5357533 1.6139097 21.33466 1.5495452880859375 0.9286426305770874
Car 0.0 0 -1.687718391418457 651.370849609375 178.2909393310547 705.802001953125 222.0679931640625 3.5507567 1.4773335 1.577752 2.4178603 1.6915894 26.588247 -1.5970306396484375 0.6934541463851929
Car 0.0 0 0.48114293813705444 0.0 0.0 1222.539794921875 375.0 3.970083 1.5191765 1.6270945 2.7098763 1.6582675 1.8595462 1.4505279064178467 0.5784225463867188
Car 0.0 0 1.5315219163894653 645.9955444335938 175.35110473632812 685.0382690429688 212.77325439453125 3.6127663 1.5086546 1.5282551 2.307511 1.6232071 31.161896 1.605436086654663 0.46790561079978943
