Pedestrian 0.0 0 -0.7629863619804382 1071.3306884765625 109.0780258178711 1179.0975341796875 271.6007385253906 0.8049793 1.763876 0.5987017 5.7731185 1.0720665 8.183829 -0.1486254334449768 0.6885287761688232
Car 0.0 0 1.9485375881195068 274.8382263183594 191.265380859375 423.2356872558594 272.6497802734375 4.1140475 1.4957607 1.7316898 -5.7358594 1.9652541 16.29315 1.6100455522537231 0.9314274787902832
Car 0.0 0 1.8124836683273315 375.0352783203125 186.26324462890625 459.6404724121094 242.0211639404297 3.7976887 1.4603868 1.5920582 -5.73659 1.9000967 21.72663 1.55433988571167 0.8998299241065979
Car 0.0 0 -3.4010379314422607 790.8363647460938 151.44212341308594 920.1756591796875 194.62106323242188 4.5235853 1.6350626 1.6654755 9.498808 0.8246142 28.296432 -3.0771684646606445 0.8761000633239746
Car 0.0 0 1.759567379951477 422.8890380859375 184.8843231201172 485.0567932128906 229.59901428222656 3.7784522 1.4626261 1.5506383 -5.699269 1.9371742 26.531149 1.5479687452316284 0.870115339756012
Car 0.0 0 1.7252458333969116 459.9313049316406 183.42628479003906 509.74774169921875 218.642333984375 4.1097803 1.4319048 1.6067486 -5.6316752 1.9409263 32.64473 1.5544131994247437 0.8350963592529297
Car 0.0 0 1.7156808376312256 494.0901184082031 181.32421875 533.2252197265625 210.94546508789062 4.036642 1.5119164 1.5858577 -5.3240976 2.005842 40.01377 1.5834012031555176 0.8328854441642761
Car 0.0 0 1.5096684694290161 666.5217895507812 174.54678344726562 707.8390502929688 209.7643280029297 4.2341585 1.5589775 1.6828245 3.5682633 1.6448475 34.29534 1.6133406162261963 0.8219119906425476
Car 0.0 0 -0.75379878282547 0.0 205.61117553710938 107.76102447509766 375.0 3.8724844 1.5837821 1.6586316 -5.7768955 1.9065751 5.1419635 -1.597281575202942 0.6412448883056641
Car 0.0 0 -0.33092135190963745 769.5984497070312 162.21881103515625 854.9985961914062 195.31117248535156 3.5018384 1.4846284 1.4472827 9.231414 1.0078582 33.194496 -0.0596747100353241 0.5819060802459717
Car 0.0 0 -0.5813290476799011 1042.6004638671875 144.0343017578125 1152.1019287109375 176.5262908935547 4.274845 1.5646468 1.6471919 23.937782 0.17719668 35.58937 0.01077723503112793 0.5616080164909363
Car 0.0 0 1.6881269216537476 510.7477722167969 178.75576782226562 542.6680297851562 205.1612548828125 3.673973 1.5866178 1.6048234 -5.303095 1.9784021 46.01318 1.5733815431594849 0.5544273853302002
