Pedestrian 0.0 0 1.7790518999099731 1096.35498046875 153.65733337402344 1151.8106689453125 256.9619140625 0.6487041 1.7381281 0.67079276 8.928777 1.4154965 12.6037855 2.395406723022461 0.4768576920032501
Pedestrian 0.0 0 -2.0722157955169678 903.7955322265625 155.6999053955078 956.2769165039062 258.2295227050781 0.6168088 1.7052732 0.5955333 5.4081903 1.4203241 12.331283 -1.6589035987854004 0.2354544699192047
Pedestrian 0.0 0 3.1264474391937256 527.0835571289062 166.90774536132812 538.7644653320312 191.3362274169922 0.8614457 1.8186374 0.5140773 -5.7994614 1.3763114 54.021484 3.0195024013519287 0.20746709406375885
Pedestrian 0.0 0 -1.8680102825164795 594.9905395507812 172.0404510498047 610.3755493164062 206.11221313476562 0.7288549 1.7918662 0.6319474 -0.4283809 1.749438 38.386734 -1.8791694641113281 0.18077239394187927
Pedestrian 0.0 0 2.6263692378997803 842.449951171875 137.5906524658203 933.2061767578125 226.16342163085938 1.7533801 1.8511549 0.5999279 5.910799 1.1145152 15.505713 2.990565538406372 0.10575249046087265
Cyclist 0.0 0 2.6245386600494385 839.7137451171875 137.62110900878906 934.5270385742188 227.06558227539062 1.8481766 1.867569 0.59942067 5.89372 1.1322763 15.500362 2.9878876209259033 0.16956165432929993
Car 0.0 0 1.6903197765350342 398.02703857421875 179.74203491210938 464.5100402832031 228.83351135253906 4.180012 1.4140322 1.6147397 -5.7826533 1.6600873 23.562284 1.449656367301941 0.9470937252044678
Car 0.0 0 1.7006971836090088 435.8288879394531 179.20556640625 482.5024108886719 214.5373992919922 3.7493792 1.4366437 1.5510445 -6.6590323 1.7353089 31.957039 1.4952622652053833 0.7336525321006775
Car 0.0 0 1.2592344284057617 632.1182250976562 160.8265380859375 721.5091552734375 219.25794982910156 4.0093336 1.6871951 1.6607901 1.9720507 1.3402624 22.971243 1.3448731899261475 0.6938861608505249
Car 0.0 0 1.6503911018371582 449.47296142578125 174.3560028076172 487.7513427734375 205.60916137695312 4.300493 1.5592351 1.6650702 -7.510222 1.6442622 38.440147 1.4574471712112427 0.5833089351654053
Car 0.0 0 -1.7385568618774414 589.19921875 168.0653839111328 627.2086181640625 197.38140869140625 3.7208004 1.584232 1.549325 -0.18156792 1.3258137 40.954613 -1.742990255355835 0.1902526468038559
Car 0.0 0 -1.4494274854660034 520.315673828125 165.2394561767578 547.4114990234375 188.06910705566406 3.7142086 1.712822 1.6557276 -5.900624 1.1418902 56.001884 -1.554404854774475 0.17613692581653595
