Pedestrian 0.0 0 -0.7745456099510193 954.6801147460938 158.59307861328125 970.3439331054688 185.1007080078125 0.8355845 1.8039056 0.52609867 24.144655 0.83377427 49.480892 -0.3205769658088684 0.16428573429584503
Pedestrian 0.0 0 2.277404546737671 863.408935546875 142.7315673828125 894.90283203125 194.78440856933594 0.9314904 1.8224598 0.589822 9.559507 0.76817954 25.743921 2.6329543590545654 0.15824979543685913
Pedestrian 0.0 0 1.226167917251587 933.6295776367188 140.44728088378906 961.0830688476562 189.0662384033203 0.9489361 1.8347342 0.6732671 12.913589 0.6121598 27.72909 1.6620054244995117 0.14133313298225403
Pedestrian 0.0 0 -0.48993638157844543 951.9141235351562 117.37068176269531 1061.72314453125 283.3074951171875 0.91272163 1.7606046 0.53311163 4.2828116 1.1722795 7.921979 0.0056798458099365234 0.11965955793857574
Cyclist 0.0 0 1.0471229553222656 899.3514404296875 134.09210205078125 937.3110961914062 192.43389892578125 1.2840236 1.8701384 0.5853975 10.109907 0.627989 23.798903 1.448828935623169 0.11894148588180542
Car 0.0 0 -1.5112509727478027 599.2326049804688 177.97132873535156 630.3447265625 205.5989227294922 4.1149716 1.5617865 1.6428223 0.2997824 1.8868581 43.673943 -1.5043870210647583 0.79253089427948
Car 0.0 0 1.76689612865448 425.8658447265625 169.74209594726562 485.2419738769531 210.09429931640625 4.233265 1.6086963 1.6905625 -6.5660825 1.4849937 30.890068 1.557450532913208 0.6165235638618469
Car 0.0 0 -1.3842694759368896 441.63726806640625 177.89419555664062 464.76568603515625 194.49537658691406 3.514739 1.5107926 1.5225788 -14.87982 2.0022085 68.51779 -1.598116159439087 0.36496680974960327
Car 0.0 0 -2.9363090991973877 469.36920166015625 182.58062744140625 532.2672729492188 206.5801544189453 3.8106008 1.5139917 1.6665108 -7.143666 2.163445 47.211292 -3.086482524871826 0.16234968602657318
Car 0.0 0 -2.1801390647888184 218.71182250976562 191.48008728027344 264.31329345703125 209.99984741210938 4.0181236 1.5409652 1.6618327 -33.266727 3.2648141 65.0847 -2.652650833129883 0.14896556735038757
Car 0.0 0 1.6632225513458252 891.5113525390625 163.32496643066406 927.6399536132812 192.21180725097656 3.990273 1.6318914 1.6241553 17.814762 1.0939294 42.902206 2.0567984580993652 0.12935513257980347
Car 0.0 0 1.8456799983978271 386.2989501953125 170.38880920410156 469.61126708984375 221.6876983642578 4.576229 1.6910427 1.7354606 -6.4982095 1.6101363 26.096174 1.6016333103179932 0.12503129243850708
