Pedestrian 0.0 0 2.1584417819976807 138.58924865722656 136.24432373046875 187.05096435546875 220.85462951660156 0.68919635 1.8065383 0.6228928 -9.806285 1.0252328 15.757082 1.6017564535140991 0.4847671091556549
Pedestrian 0.0 0 1.7642333507537842 286.2994689941406 169.41836547851562 321.44268798828125 232.38369750976562 1.1622921 1.8194782 0.7565334 -9.151525 1.7205582 21.494173 1.3617126941680908 0.20528538525104523
Car 0.0 0 -1.7077744007110596 693.8228149414062 179.83822631835938 785.2946166992188 249.6402130126953 3.548761 1.4078048 1.5819937 2.836884 1.5873199 16.707678 -1.5395833253860474 0.9410096406936646
Car 0.0 0 -2.2658185958862305 898.940185546875 183.68524169921875 1242.0 375.0 3.8064647 1.5270507 1.6142873 2.9561257 1.6098473 3.581746 -1.5758216381072998 0.8941507935523987
Car 0.0 0 -0.7555562853813171 0.0 214.8726348876953 267.4015808105469 375.0 3.879603 1.5094655 1.6484394 -3.173558 1.7936813 2.9226296 -1.5820927619934082 0.7515918612480164
Car 0.0 0 1.684974193572998 555.0689086914062 177.65220642089844 577.1394653320312 195.54249572753906 3.9532266 1.563993 1.5821522 -4.0157747 2.0178225 66.17267 1.6243622303009033 0.5000210404396057
Car 0.0 0 -1.6280856132507324 632.4822387695312 171.44932556152344 665.9016723632812 201.89044189453125 4.084439 1.6942097 1.710705 2.2111282 1.6163901 42.201096 -1.5757384300231934 0.22364702820777893
Car 0.0 0 -1.776143193244934 619.179443359375 182.61378479003906 656.260498046875 209.2254638671875 4.0765305 1.628241 1.6536111 1.76043 2.305178 47.868412 -1.739383339881897 0.17067350447177887
Car 0.0 0 2.1921133995056152 0.0 207.46214294433594 100.11518859863281 375.0 4.147136 1.5571992 1.6612889 -6.5239763 1.9662654 6.329918 1.391619086265564 0.14322136342525482
Car 0.0 0 1.8193929195404053 347.3196105957031 186.95480346679688 450.1017761230469 251.57107543945312 4.1491904 1.4717661 1.6749419 -5.5942554 1.8932865 19.448181 1.5393052101135254 0.1327989101409912
