Pedestrian 0.0 0 -2.489731788635254 385.7652587890625 190.3423309326172 462.37890625 320.3230285644531 0.68361706 1.6863678 0.80050546 -2.6172233 1.941177 9.994393 -2.745849847793579 0.19419188797473907
Pedestrian 0.0 0 -2.0153112411499023 946.6206665039062 170.0303192138672 970.7550659179688 214.3412322998047 0.63610417 1.8405025 0.70666283 14.590895 1.7235761 30.286734 -1.5663628578186035 0.16294147074222565
Pedestrian 0.0 0 0.10165784507989883 528.2214965820312 178.86341857910156 561.0040283203125 259.0252990722656 0.67498034 1.7765553 0.7195583 -1.5286384 1.9165893 16.405138 0.008745670318603516 0.1492103636264801
Pedestrian 0.0 0 -1.7392504215240479 966.4258422851562 151.31076049804688 982.8321533203125 187.75997924804688 0.6785595 1.8648812 0.65223056 18.826338 0.7630048 37.334076 -1.2721952199935913 0.13745974004268646
Pedestrian 0.0 0 0.11263329535722733 434.6983642578125 177.3330535888672 484.1102294921875 291.8104553222656 0.6657002 1.6928091 0.77123135 -2.3593159 1.7647655 11.115276 -0.09652137011289597 0.12527719140052795
Car 0.0 0 -1.738801121711731 891.5426635742188 182.5328826904297 987.6393432617188 245.49041748046875 4.39947 1.4266225 1.598835 8.656727 1.7184111 19.393175 -1.3189616203308105 0.9498068690299988
Car 0.0 0 -2.4238791465759277 301.20465087890625 170.8627166748047 551.9247436523438 280.1735534667969 4.0971212 1.6610247 1.7887366 -3.2957392 1.631124 12.677018 -2.6782259941101074 0.7809110879898071
Car 0.0 0 -2.93070387840271 659.724609375 171.53126525878906 738.8311767578125 204.03829956054688 3.783351 1.6140492 1.6890484 4.5808916 1.5487297 37.24018 -2.808309316635132 0.5709379315376282
Car 0.0 0 -2.638983726501465 1078.8377685546875 198.44505310058594 1242.0 375.0 3.8187776 1.5386139 1.6242571 3.3550484 1.6791902 2.0121233 -1.6084083318710327 0.235767662525177
Car 0.0 0 -1.6628904342651367 859.4048461914062 170.86495971679688 905.7244873046875 208.61447143554688 4.0645323 1.7326672 1.7410799 13.229086 1.6417301 35.304924 -1.3043745756149292 0.16409535706043243
Car 0.0 0 -0.8100420236587524 894.9025268554688 172.09014892578125 952.953125 195.1484832763672 3.6076167 1.5370806 1.6131142 21.524323 1.4865186 49.540882 -0.400172621011734 0.12494658678770065
