Pedestrian 0.0 0 0.0899433046579361 481.90386962890625 180.87408447265625 502.905517578125 227.4911651611328 0.7156811 1.7006139 0.6466734 -4.4047065 2.002631 26.787823 -0.07302780449390411 0.3038506805896759
Pedestrian 0.0 0 -1.5676392316818237 509.708251953125 182.51182556152344 522.7889404296875 219.32142639160156 0.7740985 1.6304163 0.5792323 -4.2749643 2.0727663 32.5979 -1.6980373859405518 0.26867571473121643
Pedestrian 0.0 0 1.0892874002456665 806.875 172.59852600097656 835.6804809570312 223.73422241210938 0.8577619 1.8197 0.6814846 7.6103344 1.8109667 26.161322 1.3723750114440918 0.23084314167499542
Pedestrian 0.0 0 1.015134334564209 168.95489501953125 130.23960876464844 227.29344177246094 234.62576293945312 0.69412 1.8323586 0.6525557 -7.534684 1.0846778 13.114654 0.49365782737731934 0.18938782811164856
Pedestrian 0.0 0 -1.4220603704452515 396.71337890625 165.98341369628906 417.41455078125 210.91888427734375 0.6538839 1.8330692 0.73544765 -8.41905 1.553153 29.801968 -1.6973856687545776 0.18452748656272888
Car 0.0 0 -2.771996021270752 292.73974609375 178.47894287109375 416.3131408691406 226.61199951171875 3.5267987 1.526343 1.5915841 -8.453475 1.7198447 23.924374 -3.1116445064544678 0.8987029194831848
Car 0.0 0 1.536630630493164 549.2339477539062 174.6865234375 583.038818359375 207.25250244140625 3.8926687 1.6345121 1.6563128 -2.4178529 1.7376696 38.456192 1.473840355873108 0.8929516077041626
Car 0.0 0 1.3588030338287354 691.8377685546875 170.21087646484375 741.2698974609375 204.12815856933594 4.172078 1.6543216 1.6770207 5.4065747 1.5257604 37.328686 1.5026397705078125 0.8477927446365356
Car 0.0 0 -2.6832633018493652 0.0 0.0 1242.0 375.0 3.7830505 1.5025374 1.6064538 2.7808118 1.5470417 1.6973522 -1.660483956336975 0.4972456693649292
Car 0.0 0 1.7932567596435547 573.2916870117188 175.66244506835938 612.6264038085938 203.085693359375 4.324049 1.7063094 1.6849626 -1.1028885 1.9010304 47.646507 1.7701135873794556 0.22375528514385223
Car 0.0 0 0.206282839179039 467.99676513671875 165.99017333984375 543.643310546875 196.35052490234375 3.8129902 1.6122115 1.6787525 -5.6687145 1.2480828 39.27032 0.06292200088500977 0.1628570407629013
