Pedestrian 0.0 0 -2.8060972690582275 363.40008544921875 167.18722534179688 414.52679443359375 252.23138427734375 0.9393136 1.8076495 0.5341318 -4.6298904 1.5046555 15.554366 -3.095404624938965 0.6747687458992004
Pedestrian 0.0 0 -1.8271958827972412 529.9505615234375 170.58778381347656 553.6123046875 211.16598510742188 0.7389497 1.6463678 0.8107391 -2.480598 1.2046243 29.625687 -1.910732388496399 0.6495171785354614
Pedestrian 0.0 0 -3.5584776401519775 1061.6624755859375 139.4633331298828 1115.591796875 237.4336700439453 0.6638405 1.7312583 0.49192217 8.760906 0.9896915 12.991659 -2.9651756286621094 0.6374115943908691
Pedestrian 0.0 0 -0.5748708844184875 1036.9527587890625 135.96759033203125 1095.657470703125 233.1605987548828 0.7274812 1.8089612 0.6003058 8.795077 0.962772 13.668354 -0.003104995936155319 0.5080047249794006
Pedestrian 0.0 0 2.947866439819336 357.35211181640625 171.39060974121094 409.7044372558594 256.63885498046875 1.0534766 1.8747764 0.5236301 -4.9729495 1.6536721 16.273987 2.651301383972168 0.4495927095413208
Pedestrian 0.0 0 1.630101203918457 736.3897094726562 145.29246520996094 754.550537109375 191.53660583496094 0.8787131 1.809868 0.6599277 5.7253666 0.3938169 28.61978 1.8275442123413086 0.37040019035339355
Pedestrian 0.0 0 2.9576938152313232 331.59906005859375 120.86424255371094 375.9794006347656 202.360107421875 0.9131347 1.8978888 0.5824097 -5.9679017 0.48699886 17.2051 2.623811721801758 0.25421571731567383
Pedestrian 0.0 0 -1.0903120040893555 555.4071044921875 162.75369262695312 565.1824951171875 184.75955200195312 0.72816676 1.9445956 0.6004234 -3.62678 0.28844887 63.92993 -1.1469818353652954 0.21710757911205292
Pedestrian 0.0 0 0.38074785470962524 443.8734130859375 184.50132751464844 494.4329833984375 264.349365234375 0.92639047 1.6627008 0.5458356 -2.8566315 1.729526 15.340471 0.196641206741333 0.2127808779478073
Pedestrian 0.0 0 0.3199920058250427 467.07269287109375 179.33120727539062 511.9294128417969 255.0805206298828 0.9107257 1.709142 0.49608555 -2.605651 1.6614215 16.524172 0.16359257698059082 0.21136388182640076
Pedestrian 0.0 0 2.4825305938720703 744.8511352539062 136.3280029296875 774.0337524414062 188.5354461669922 0.8006396 1.8612673 0.65537095 5.711747 0.25187787 26.07476 2.6981770992279053 0.18331661820411682
Cyclist 0.0 0 0.3435702621936798 357.60791015625 165.15269470214844 414.5766906738281 251.8348388671875 1.0680459 1.8435906 0.5283274 -4.694898 1.4971393 15.56608 0.05063629150390625 0.11531344056129456
Car 0.0 0 -1.8124523162841797 725.4912109375 154.32284545898438 875.0328369140625 283.905029296875 3.7436533 1.894565 1.5710582 3.1898987 1.4985305 12.379842 -1.5602691173553467 0.9665241241455078
Car 0.0 0 -1.3772695064544678 533.3790283203125 171.60751342773438 574.1390991210938 199.77040100097656 3.5514357 1.4454654 1.5396982 -2.5266137 0.9385955 38.725735 -1.4424209594726562 0.5136454105377197
Car 0.0 0 -2.082289218902588 897.2189331054688 193.2226104736328 1115.21728515625 292.8270568847656 4.140846 1.4583972 1.5731541 7.0253634 1.7073191 13.09036 -1.5897282361984253 0.2633236348628998
