Pedestrian 0.0 0 0.7339448928833008 951.7913208007812 140.21360778808594 991.6253051757812 212.96400451660156 0.65627366 1.7941768 0.6141439 9.075832 0.9895544 18.209604 1.1963189840316772 0.31970545649528503
Pedestrian 0.0 0 -0.604771614074707 1161.1396484375 136.91336059570312 1225.5333251953125 252.8444366455078 0.59240174 1.7483467 0.50342757 8.952191 1.2066866 11.150986 0.07168412208557129 0.22265133261680603
Pedestrian 0.0 0 -0.11468321084976196 758.2606811523438 172.134521484375 776.7051391601562 203.08602905273438 0.9059822 1.6161567 0.4062406 8.237156 1.5789471 37.919895 0.09921884536743164 0.196476548910141
Pedestrian 0.0 0 1.149259328842163 695.1307373046875 167.09555053710938 708.2208862304688 195.08511352539062 1.083731 1.8944697 0.4877554 6.246238 1.5050669 49.42385 1.2749738693237305 0.1956576406955719
Cyclist 0.0 0 1.0492634773254395 848.4973754882812 132.3678436279297 886.1106567382812 184.4108123779297 1.5210524 1.7888772 0.5723156 9.067116 0.39760134 25.59836 1.389681100845337 0.18218769133090973
Car 0.0 0 2.0912885665893555 137.1112518310547 190.59986877441406 234.14404296875 234.99195861816406 3.5610235 1.4973248 1.6371806 -16.12897 2.2193446 27.551739 1.5616687536239624 0.941262423992157
Car 0.0 0 1.8202216625213623 378.8653869628906 181.78720092773438 412.9210510253906 205.06854248046875 3.8710823 1.6554145 1.5729047 -16.234358 2.3582745 54.774162 1.5320826768875122 0.7994405627250671
Car 0.0 0 -2.369967460632324 5.294750690460205 182.83377075195312 101.6751937866211 216.1403045654297 3.5149627 1.5183522 1.621162 -26.609634 2.0098374 34.49946 -3.026965379714966 0.13861879706382751
Car 0.0 0 1.352599859237671 541.0995483398438 179.33328247070312 566.0087280273438 196.8877716064453 3.6944392 1.537956 1.5270427 -5.2615695 2.154891 66.67006 1.27384352684021 0.11477131396532059
Car 0.0 0 0.8246896266937256 836.7166137695312 152.36001586914062 958.8277587890625 198.8089599609375 4.0574217 1.4663609 1.5728201 9.7723 0.81973803 24.951494 1.1979787349700928 0.10481735318899155
Car 0.0 0 2.1981170177459717 273.02557373046875 186.61351013183594 335.3768310546875 214.35813903808594 3.9766653 1.6221613 1.6792345 -19.63034 2.5483224 46.419285 1.7980332374572754 0.1010647863149643
