Pedestrian 0.0 0 -1.448441982269287 380.64630126953125 185.46107482910156 396.5343933105469 220.10305786132812 0.66016775 1.5880034 0.6353025 -10.386414 2.1844194 33.730633 -1.7471510171890259 0.15233567357063293
Car 0.0 0 -1.0571660995483398 0.0 200.1363983154297 348.4108581542969 375.0 3.927297 1.4693065 1.5988024 -3.6145134 1.7659324 5.838083 -1.6115309000015259 0.9720578193664551
Car 0.0 0 -1.6298015117645264 510.4007873535156 181.93324279785156 541.7680053710938 208.12745666503906 4.1983314 1.456632 1.6402696 -5.176608 2.0367894 43.864105 -1.7472728490829468 0.8982830047607422
Car 0.0 0 -1.5782170295715332 588.5468139648438 181.15943908691406 617.7315673828125 207.09446716308594 3.8229265 1.4008818 1.6269114 -0.45213532 1.9083934 42.130547 -1.588948369026184 0.8718792200088501
Car 0.0 0 -0.2275630235671997 0.0 0.0 1242.0 375.0 3.699874 1.517028 1.5801259 -3.6486042 1.7813046 1.2055504 -1.4792383909225464 0.1289365589618683
Car 0.0 0 0.36337214708328247 0.0 203.09324645996094 36.9480094909668 269.8677673339844 4.191242 1.4667042 1.6670927 -17.886082 2.3233101 18.85116 -0.39576226472854614 0.12113310396671295
Car 0.0 0 1.1920877695083618 743.3196411132812 180.0848388671875 783.0265502929688 203.18899536132812 3.9418015 1.6419448 1.5913453 11.526467 2.2108493 54.65274 1.3999453783035278 0.1177520900964737
Car 0.0 0 1.331470251083374 0.0 183.5851593017578 21.329809188842773 209.7392120361328 3.6524777 1.4735935 1.5284876 -37.270267 2.1494262 43.72563 0.6256039142608643 0.10831500589847565
Car 0.0 0 -0.5555470585823059 259.0283508300781 169.66705322265625 312.23382568359375 192.62249755859375 3.639504 1.8231983 1.6999034 -26.6399 1.5704384 59.288227 -0.9778425693511963 0.1032830998301506
Car 0.0 0 2.0858500003814697 221.2109832763672 177.2400360107422 291.6625061035156 205.81993103027344 4.099556 1.4468062 1.6341991 -19.178925 1.6985857 39.262547 1.6314617395401 0.10073445737361908
