Pedestrian 0.0 0 0.9234647750854492 1074.377197265625 144.14564514160156 1238.0 374.0 0.86881936 1.6943092 0.69381446 4.3224716 1.422876 5.679576 1.57400381565094 0.7773624062538147
Pedestrian 0.0 0 1.348710060119629 625.2869873046875 163.2279815673828 646.98876953125 212.15090942382812 0.87905836 1.8312763 0.64664406 1.2970243 1.1483539 27.375042 1.3960545063018799 0.7105407118797302
Pedestrian 0.0 0 2.012000322341919 276.0126037597656 164.1233367919922 349.364501953125 303.9361572265625 0.7261504 1.6514531 0.5881837 -3.5921748 1.4475472 8.861262 1.6268649101257324 0.6898887157440186
Pedestrian 0.0 0 1.6882439851760864 647.8946533203125 169.27137756347656 674.63232421875 229.00521850585938 1.1326712 1.7548083 0.6801351 1.7903795 1.3966976 21.722542 1.7704784870147705 0.6586833596229553
Pedestrian 0.0 0 1.530535101890564 564.6759643554688 166.8047332763672 587.7312622070312 219.35446166992188 1.0062143 1.7846484 0.75704175 -0.90658295 1.2866555 24.923462 1.4941765069961548 0.5791769027709961
Pedestrian 0.0 0 2.594883441925049 504.0368957519531 170.98721313476562 538.4442138671875 232.23605346679688 0.6848454 1.6149449 0.65082836 -2.1992598 1.3389231 19.404675 2.4820284843444824 0.5282220244407654
Pedestrian 0.0 0 2.77105975151062 578.8011474609375 173.42349243164062 601.4962768554688 219.0026092529297 0.70196867 1.7557536 0.6424591 -0.46297264 1.4456582 28.098328 2.754584312438965 0.40320563316345215
Pedestrian 0.0 0 -1.3134944438934326 371.4907531738281 171.07920837402344 414.0750427246094 253.05796813964844 1.3378872 1.7338246 0.585265 -4.6260176 1.5146594 15.866373 -1.5971912145614624 0.39090126752853394
Pedestrian 0.0 0 -1.3056731224060059 710.1286010742188 163.4963836669922 726.7886352539062 196.91363525390625 0.71740884 1.8174887 0.7438072 6.4427347 0.83913815 39.546432 -1.1441762447357178 0.2839670479297638
Pedestrian 0.0 0 -2.679313898086548 428.3982238769531 178.6281280517578 471.12030029296875 242.6658172607422 0.92551607 1.691242 0.6777361 -4.1246834 1.616563 19.41257 -2.8886752128601074 0.2524198889732361
Pedestrian 0.0 0 2.6599652767181396 715.4273071289062 161.29977416992188 736.239501953125 195.07666015625 1.0087888 1.9013692 0.5879954 7.0757008 0.7650603 40.867847 2.831401824951172 0.22156915068626404
Pedestrian 0.0 0 0.501708984375 0.0 61.11387252807617 196.00657653808594 368.89508056640625 0.7481703 1.7305738 0.708489 -3.109101 1.0550948 4.429658 -0.11027954518795013 0.20741267502307892
Pedestrian 0.0 0 1.0870245695114136 641.1364135742188 163.74581909179688 657.0869750976562 195.35205078125 0.93673366 1.8675046 0.58277476 2.8526957 0.8192386 42.98764 1.1532882452011108 0.19685222208499908
Pedestrian 0.0 0 2.982982873916626 172.75534057617188 139.32456970214844 235.3111572265625 270.53192138671875 0.68290514 1.76829 0.60652274 -5.6506925 1.2012141 10.127975 2.4740724563598633 0.19358116388320923
Cyclist 0.0 0 -1.3579649925231934 373.8351745605469 171.8495330810547 414.15924072265625 254.37538146972656 1.4853233 1.7424781 0.5612812 -4.614702 1.5399466 15.924843 -1.6400195360183716 0.23205088078975677
Cyclist 0.0 0 1.5353809595108032 564.7699584960938 166.4361114501953 588.05322265625 219.2919464111328 1.043923 1.7952768 0.7689039 -0.90046346 1.2846991 24.94412 1.4992973804473877 0.1923479437828064
Cyclist 0.0 0 1.6955246925354004 647.3462524414062 169.31045532226562 674.5309448242188 229.01222229003906 1.1469754 1.7530328 0.6842676 1.7806782 1.3962405 21.721434 1.7773196697235107 0.16522298753261566
Cyclist 0.0 0 -2.6727592945098877 428.21270751953125 177.85362243652344 475.19000244140625 242.99752807617188 1.0720259 1.7207444 0.63645494 -4.074131 1.6255941 19.41806 -2.879570960998535 0.12790437042713165
Car 0.0 0 1.1864433288574219 700.6331176757812 180.60105895996094 770.9214477539062 217.21920776367188 3.3783474 1.3376322 1.5302962 5.1533146 1.3058388 28.046196 1.3681602478027344 0.23490937054157257
