Pedestrian 0.0 0 0.2873111069202423 346.9228820800781 149.161376953125 384.4293212890625 205.65260314941406 1.0046581 1.7926581 0.6404437 -7.905289 1.0411688 23.234457 -0.04064241424202919 0.42497512698173523
Pedestrian 0.0 0 -2.4446160793304443 1001.0924682617188 168.14346313476562 1025.7218017578125 210.69882202148438 0.69831485 1.8544712 0.6454763 17.78241 1.649554 31.881691 -1.9358327388763428 0.19786737859249115
Pedestrian 0.0 0 -1.9606115818023682 1042.8563232421875 176.9379119873047 1070.3055419921875 217.80177307128906 1.0286007 1.7127919 0.6570743 19.08314 1.8913087 30.913177 -1.4075583219528198 0.14464978873729706
Pedestrian 0.0 0 -2.053426742553711 850.6759033203125 163.3698272705078 872.85205078125 204.2066650390625 0.68861455 1.7287219 0.65176374 10.747932 1.3275913 30.930328 -1.7189911603927612 0.13854725658893585
Pedestrian 0.0 0 -1.7639886140823364 641.4000244140625 174.8042755126953 654.0324096679688 203.95693969726562 0.79203457 1.6298741 0.57138234 2.0962846 1.741763 40.82747 -1.712688684463501 0.12971648573875427
Pedestrian 0.0 0 -0.9995761513710022 0.0 164.34347534179688 23.103055953979492 221.8535919189453 0.7382102 1.8901755 0.63959897 -20.266321 1.6108193 24.118713 -1.6983964443206787 0.12371419370174408
Cyclist 0.0 0 0.3174617886543274 344.8381652832031 149.86074829101562 385.3365173339844 206.6801300048828 1.0901879 1.80574 0.6447984 -7.9313354 1.0753646 23.256468 -0.011206714436411858 0.17965415120124817
Car 0.0 0 0.17845793068408966 342.2439880371094 178.6688690185547 439.4640197753906 212.1876678466797 3.9554935 1.4417411 1.6287917 -9.820542 1.7118285 32.42957 -0.11559022963047028 0.5277135372161865
Car 0.0 0 1.2428805828094482 630.7794189453125 174.00242614746094 679.6149291992188 200.61514282226562 4.0433855 1.4915458 1.6684493 2.588586 1.5634751 42.79443 1.3032958507537842 0.19673296809196472
Car 0.0 0 -1.8718078136444092 963.9600219726562 158.74635314941406 1015.1492309570312 187.71575927734375 4.1225824 1.7410398 1.7053152 23.848976 0.8935391 45.542416 -1.3894078731536865 0.13815642893314362
Car 0.0 0 1.6683465242385864 470.6462707519531 175.9942626953125 492.964111328125 195.25587463378906 4.315648 1.6585263 1.5703675 -11.545408 1.9516759 65.05937 1.4927153587341309 0.13728372752666473
Car 0.0 0 2.52308988571167 720.1239013671875 184.57882690429688 775.686279296875 206.8914794921875 4.248796 1.7060627 1.6670071 11.169387 2.6843827 58.537254 2.7116317749023438 0.13506031036376953
Car 0.0 0 1.5726852416992188 415.869140625 181.72720336914062 433.4943542480469 198.7706298828125 3.8918521 1.5038857 1.5623335 -17.455729 2.364942 67.907616 1.3210813999176025 0.13092105090618134
Car 0.0 0 1.316843032836914 987.294189453125 160.6722412109375 1030.40625 186.9532012939453 4.00852 1.7948438 1.7310251 28.338202 0.9632546 51.43027 1.820455551147461 0.12413711100816727
Car 0.0 0 0.9281934499740601 755.2733764648438 184.21096801757812 818.0103149414062 210.52723693847656 4.047981 1.4784505 1.6683019 10.822957 2.2154899 44.611576 1.1661993265151978 0.12016824632883072
Car 0.0 0 -0.7074415683746338 958.6702880859375 170.67739868164062 1037.7364501953125 199.1121826171875 3.8563879 1.5775588 1.6135632 22.12744 1.4571598 41.227455 -0.21485431492328644 0.1113622784614563
