Pedestrian 0.0 0 -0.7419403791427612 1018.0849609375 147.73899841308594 1074.979736328125 257.5124816894531 0.5493848 1.7207506 0.55182385 7.0679107 1.2088631 11.400512 -0.18697042763233185 0.5808642506599426
Pedestrian 0.0 0 -0.4342381954193115 992.247314453125 120.32537841796875 1062.3238525390625 247.42617797851562 0.7347889 1.7152543 0.39044717 5.777533 0.90485513 9.767703 0.09990310668945312 0.5223262906074524
Pedestrian 0.0 0 -0.899797797203064 116.9299087524414 152.30690002441406 142.22303771972656 192.89894104003906 0.8506446 1.97015 0.64362276 -23.385162 0.60322666 34.761265 -1.4919906854629517 0.36629801988601685
Pedestrian 0.0 0 -0.16673143208026886 508.7408752441406 165.3064422607422 521.1011352539062 186.7281036376953 0.9837952 1.8330092 0.5156871 -7.739707 0.53412074 60.884815 -0.29317373037338257 0.3390074670314789
Pedestrian 0.0 0 -2.324493646621704 974.4985961914062 135.8528289794922 1016.1090087890625 206.00857543945312 0.78018415 1.814224 0.5902671 10.297214 0.6612397 18.73046 -1.8218364715576172 0.3305772840976715
Pedestrian 0.0 0 3.4063210487365723 128.2964324951172 114.71646881103516 215.92083740234375 251.9757843017578 0.9280438 1.8351877 0.56302947 -6.0562825 0.957319 9.849617 2.8550357818603516 0.2715812623500824
Pedestrian 0.0 0 -1.8118256330490112 988.1701049804688 163.3754425048828 1038.2027587890625 269.44305419921875 0.50149953 1.7646388 0.6379256 6.924479 1.4813893 12.08709 -1.2915843725204468 0.26171475648880005
Pedestrian 0.0 0 0.00575825572013855 777.8003540039062 156.9131622314453 796.93994140625 188.85960388183594 1.0557612 1.814341 0.5009127 10.446094 0.4761542 40.527462 0.25802087783813477 0.23947256803512573
Pedestrian 0.0 0 0.10902877151966095 724.8157348632812 162.81845092773438 736.3427734375 186.3682403564453 0.846179 1.8493059 0.5164819 9.939772 0.4620592 55.88463 0.2850503921508789 0.20002004504203796
Cyclist 0.0 0 1.088806390762329 874.9448852539062 156.14422607421875 906.0441284179688 194.11929321289062 1.8805529 1.7504863 0.55682564 13.512152 0.6292461 33.55014 1.4716769456863403 0.3792768120765686
Cyclist 0.0 0 -0.5369899272918701 982.2877807617188 163.5859832763672 1048.754150390625 271.975830078125 0.7757487 1.79093 0.60004914 6.901761 1.51311 11.983216 -0.014440326020121574 0.27689000964164734
Car 0.0 0 1.2319682836532593 449.9852600097656 172.95877075195312 519.689208984375 209.5087890625 3.9330063 1.4324534 1.6754761 -5.1566906 1.1384012 29.83063 1.0607943534851074 0.9284228682518005
Car 0.0 0 -0.815142035484314 0.0 205.19314575195312 294.9356384277344 370.0 3.9296408 1.4512624 1.6017004 -3.178813 1.6387347 3.3458974 -1.5749378204345703 0.8436206579208374
Car 0.0 0 1.75038743019104 85.77031707763672 181.23468017578125 125.07638549804688 205.128662109375 3.905654 1.5599871 1.5251237 -34.12418 1.6137215 48.376568 1.1360554695129395 0.27940863370895386
