Car 0.0 0 -1.7713887691497803 701.9072265625 187.903076171875 822.2727661132812 276.263916015625 3.6836326 1.4804666 1.6301466 2.8659902 1.8231305 14.562452 -1.5770654678344727 0.9733870625495911
Car 0.0 0 0.5773385763168335 0.0 194.79383850097656 341.4360656738281 317.2302551269531 4.078464 1.492294 1.5820363 -6.0888267 1.8208389 9.942854 0.02786421775817871 0.9688378572463989
Car 0.0 0 -0.2671159505844116 765.873779296875 177.1582794189453 939.5496826171875 235.8472900390625 4.1682143 1.5070192 1.7148825 6.439354 1.6302005 19.626162 0.04991769790649414 0.9284435510635376
Car 0.0 0 0.48994091153144836 130.8035888671875 177.088623046875 409.2762451171875 284.8622131347656 3.9699788 1.6761699 1.6256325 -5.6721954 1.7536225 12.212439 0.05512690544128418 0.9145691990852356
Car 0.0 0 0.5441015958786011 206.70790100097656 183.00230407714844 418.64117431640625 263.8432312011719 3.7768645 1.5055128 1.4784554 -6.0491476 1.7271612 14.710778 0.15397310256958008 0.8578948974609375
Car 0.0 0 0.776472806930542 0.0 190.28526306152344 158.12109375 364.6546630859375 3.8981037 1.505868 1.5781513 -6.9980454 1.6991436 7.1853514 0.0042798519134521484 0.8498870730400085
Car 0.0 0 0.4227052628993988 243.66404724121094 180.63131713867188 453.5277404785156 253.97251892089844 4.370029 1.6044871 1.5860246 -6.0989766 1.7978606 16.944983 0.07721328735351562 0.8164548277854919
Car 0.0 0 -1.6614820957183838 637.6377563476562 179.83407592773438 666.0049438476562 204.2177734375 3.6237931 1.5324371 1.5646145 2.73036 2.0171983 48.23313 -1.6049349308013916 0.793278694152832
Car 0.0 0 3.3806397914886475 262.9119567871094 179.09840393066406 430.2020263671875 239.06825256347656 3.9734285 1.5141103 1.538237 -7.0177517 1.6908346 19.397364 3.033501386642456 0.7862586975097656
Car 0.0 0 0.11195477098226547 465.79437255859375 179.0039520263672 543.7418212890625 208.666015625 4.401362 1.7026057 1.7975438 -6.2217307 2.0759292 42.785416 -0.03245013207197189 0.7730236053466797
Car 0.0 0 3.1857738494873047 390.7051086425781 181.2109375 497.1528625488281 225.0928192138672 4.0253263 1.6513697 1.6706675 -6.6036234 1.9988832 28.786043 2.9602718353271484 0.7707853317260742
Car 0.0 0 -2.877254009246826 363.0274353027344 181.95953369140625 481.7083435058594 231.6847686767578 3.58183 1.5977439 1.5595288 -6.295099 1.9145248 24.27247 -3.131014347076416 0.7140318751335144
Car 0.0 0 3.3905653953552246 313.3103332519531 181.4553680419922 472.50927734375 235.6442108154297 4.3433957 1.5477015 1.5800233 -6.4983134 1.8180028 21.763031 3.1003987789154053 0.7089792490005493
