Pedestrian 0.0 0 -2.9016971588134766 431.8758239746094 165.5049285888672 550.7857666015625 340.6702575683594 1.1415606 1.7760259 0.58495975 -1.2362634 1.6256819 7.4991426 -3.0650815963745117 0.8155292272567749
Pedestrian 0.0 0 -1.8000108003616333 837.1975708007812 170.3328399658203 869.91845703125 236.72605895996094 0.8557429 1.6337755 0.5980563 6.229301 1.3851836 17.851023 -1.4642623662948608 0.3476354777812958
Pedestrian 0.0 0 -3.432943344116211 974.0770874023438 151.67184448242188 1024.032958984375 255.6373291015625 0.5690587 1.6599537 0.59550726 6.429663 1.2013268 11.635323 -2.928107261657715 0.17479251325130463
Pedestrian 0.0 0 1.31712007522583 843.212890625 132.85276794433594 889.7495727539062 241.11526489257812 1.2893286 1.810975 0.45532936 4.5532746 1.0155993 12.4858 1.6668092012405396 0.12630827724933624
Pedestrian 0.0 0 1.2561005353927612 437.2464294433594 156.90234375 488.25457763671875 244.08584594726562 0.96281135 1.7725962 0.79878163 -3.065056 1.2944397 14.986428 1.0543606281280518 0.10113754868507385
Pedestrian 0.0 0 0.027939945459365845 903.7225341796875 126.8426284790039 946.234130859375 238.2399444580078 0.62963873 1.7897785 0.5470835 5.272316 0.92933977 11.738174 0.45009493827819824 0.10049467533826828
Cyclist 0.0 0 -1.7291291952133179 851.3023681640625 128.17626953125 888.7754516601562 241.1081085205078 1.7204641 1.8394707 0.33821166 4.578077 0.98885727 12.388363 -1.3751481771469116 0.13602417707443237
Cyclist 0.0 0 -1.6676257848739624 492.3852844238281 162.3156280517578 535.511474609375 265.8708190917969 1.6600531 1.773435 0.618127 -1.738539 1.4636654 12.982218 -1.800750732421875 0.13169264793395996
Cyclist 0.0 0 -1.823208212852478 836.2706298828125 172.10220336914062 869.2084350585938 237.64718627929688 0.86534816 1.6176862 0.5869997 6.2260857 1.4120208 17.900726 -1.4884840250015259 0.12956014275550842
Cyclist 0.0 0 -3.3972558975219727 1017.473388671875 158.75857543945312 1109.3052978515625 264.30364990234375 1.1460485 1.6690793 0.62988365 7.4818864 1.3269182 11.653246 -2.8264946937561035 0.10169065743684769
