Car 0.0 0 -0.4213407039642334 736.5380249023438 185.0745849609375 972.84619140625 274.82086181640625 3.7708187 1.491805 1.6752623 4.3561616 1.7349548 13.30199 -0.10486559569835663 0.9662914276123047
Car 0.0 0 0.3914843201637268 72.34329223632812 176.32066345214844 328.06951904296875 263.9280700683594 4.1062093 1.6010925 1.6192093 -7.9959826 1.6752518 14.312341 -0.11799663305282593 0.9543134570121765
Car 0.0 0 -0.2522650361061096 665.24072265625 181.4510040283203 788.1876220703125 230.1160125732422 3.7647467 1.5356188 1.6284542 3.800949 1.8350325 24.106003 -0.09587612748146057 0.9257003664970398
Car 0.0 0 3.384817600250244 297.7371826171875 177.19918823242188 432.0162353515625 226.9568328857422 4.087075 1.6289008 1.6731598 -8.375912 1.7846307 24.795263 3.0590498447418213 0.9131219983100891
Car 0.0 0 0.7339491844177246 0.0 182.22726440429688 181.96160888671875 336.7818908691406 3.8866885 1.6236184 1.5983453 -7.5091405 1.7450054 8.495141 0.010081768035888672 0.8465960025787354
Car 0.0 0 3.5655722618103027 151.85464477539062 186.41192626953125 364.7459411621094 256.185546875 4.1780853 1.5148556 1.6208365 -8.142763 1.8483586 16.86264 3.1157078742980957 0.8075687885284424
Car 0.0 0 0.4762594699859619 223.09446716308594 183.59564208984375 394.2406311035156 248.57997131347656 4.012224 1.6543219 1.6072639 -8.17956 1.9616097 19.649467 0.0818030834197998 0.7248653173446655
Car 0.0 0 -1.904334306716919 460.2331237792969 175.72227478027344 491.14300537109375 194.68141174316406 3.34594 1.5700604 1.608182 -11.6162 1.8248975 62.16175 -2.08907413482666 0.6708664894104004
Car 0.0 0 -0.3050850033760071 644.3977661132812 178.14102172851562 767.7311401367188 227.18154907226562 4.203834 1.7160766 1.7205527 3.4736803 1.9211638 26.722622 -0.17581959068775177 0.6249117255210876
Car 0.0 0 3.9070239067077637 0.0 204.2675018310547 70.93063354492188 375.0 3.9274027 1.5184911 1.5944731 -7.1130347 1.8214445 5.940415 3.032034158706665 0.6224212646484375
Car 0.0 0 -1.604353427886963 395.08966064453125 172.5441436767578 428.09759521484375 203.36119079589844 3.6236079 1.6014731 1.6124887 -10.922082 1.5857284 39.46345 -1.874359369277954 0.5631564259529114
Car 0.0 0 3.2061855792999268 325.7868347167969 172.57591247558594 426.3305969238281 211.42808532714844 3.830738 1.5279784 1.6195605 -9.561515 1.5173995 29.628328 2.894021511077881 0.5363226532936096
