Car 0.0 0 -2.0036683082580566 831.7314453125 188.97462463378906 1167.1180419921875 375.0 3.609737 1.4342055 1.6429571 3.6549335 1.646164 7.6530805 -1.558119535446167 0.9786620736122131
Car 0.0 0 -1.7675074338912964 714.2952880859375 179.12330627441406 812.9417114257812 247.5892333984375 3.9806023 1.4884468 1.6288719 3.65661 1.6629031 18.041382 -1.5675371885299683 0.970530092716217
Car 0.0 0 1.822205662727356 361.46728515625 185.19296264648438 472.0799865722656 253.3542938232422 4.203163 1.4244072 1.6447805 -4.693373 1.7676561 17.943054 1.5663671493530273 0.9690988659858704
Car 0.0 0 2.156148910522461 0.0 193.9208526611328 298.5484619140625 375.0 4.123738 1.473702 1.6468321 -4.804813 1.7412422 7.077364 1.5597258806228638 0.967528223991394
Car 0.0 0 -1.8522270917892456 745.385009765625 182.20062255859375 911.4933471679688 284.9907531738281 4.233437 1.4746299 1.644808 3.598747 1.6690959 12.858321 -1.5793325901031494 0.9608275890350342
Car 0.0 0 1.9385240077972412 236.0348358154297 188.95901489257812 418.7143249511719 296.7662353515625 3.9471514 1.490924 1.6073099 -4.7189994 1.8155963 12.54728 1.578791618347168 0.9199867248535156
Car 0.0 0 1.7591081857681274 497.0971984863281 178.30384826660156 542.6727905273438 211.90133666992188 3.46673 1.470023 1.5047839 -4.2230573 1.7400532 33.922512 1.635254144668579 0.9153865575790405
Car 0.0 0 -1.7249078750610352 701.6407470703125 176.84474182128906 768.33837890625 224.49285888671875 3.6402566 1.4139018 1.5845696 3.9489048 1.5546131 23.54405 -1.5587304830551147 0.8192251920700073
Car 0.0 0 1.7111455202102661 516.9777221679688 178.3664093017578 554.2353515625 206.11605834960938 3.4914675 1.387121 1.5076755 -3.966137 1.6954998 38.54213 1.608602523803711 0.6214931011199951
Car 0.0 0 -2.6428279876708984 1124.061767578125 210.7976531982422 1242.0 375.0 3.881047 1.5157183 1.6163555 3.8597827 1.7429569 2.3363183 -1.616337537765503 0.5765331387519836
