Car 0.0 0 -1.8340591192245483 731.4374389648438 188.61456298828125 903.006591796875 310.1222839355469 3.3775873 1.4282087 1.534773 2.7944937 1.6973792 10.61066 -1.576540231704712 0.9704669713973999
Car 0.0 0 -1.6641838550567627 636.9256591796875 178.28663635253906 668.7953491210938 203.94711303710938 4.021691 1.4787985 1.5841693 2.5658998 1.8294201 44.479813 -1.6065608263015747 0.920082688331604
Car 0.0 0 -0.3122718334197998 802.8153076171875 174.08428955078125 1020.8842163085938 249.1857452392578 4.0649095 1.5309571 1.6569952 6.3769393 1.5597746 15.712928 0.07325911521911621 0.9159587621688843
Car 0.0 0 0.6257159113883972 45.296775817871094 182.34426879882812 350.3518981933594 299.7491760253906 3.7646472 1.5611426 1.5099496 -6.0556626 1.7149509 10.705286 0.11092138290405273 0.9155676960945129
Car 0.0 0 0.6115330457687378 0.0 174.88272094726562 323.18255615234375 325.0148010253906 4.0934086 1.5538634 1.562601 -5.7058144 1.5797697 8.285309 0.008454084396362305 0.9121848940849304
Car 0.0 0 -2.6390364170074463 184.86892700195312 176.69749450683594 389.1368408203125 247.06309509277344 3.8109968 1.4317188 1.4774154 -6.984719 1.5203316 15.670647 -3.0583252906799316 0.8925663232803345
Car 0.0 0 -2.8701565265655518 350.6741943359375 176.08154296875 483.0721740722656 226.1482696533203 4.145943 1.6731836 1.6956246 -6.6860414 1.7896943 25.09327 -3.130554437637329 0.8678001761436462
Car 0.0 0 0.7640219330787659 0.0 200.66140747070312 169.61802673339844 375.0 4.157966 1.4757062 1.6223835 -6.2285495 1.7373954 5.860408 -0.05181949585676193 0.8515482544898987
Car 0.0 0 0.5197383165359497 138.421630859375 181.9324188232422 410.62823486328125 276.7738342285156 4.2279043 1.5574085 1.577093 -5.986215 1.7336434 13.003756 0.08831477165222168 0.846628725528717
Car 0.0 0 3.4668116569519043 250.51385498046875 181.31964111328125 446.5762939453125 244.11216735839844 4.317077 1.4703838 1.5255433 -6.4321537 1.6904055 17.914827 3.122105360031128 0.8075883984565735
Car 0.0 0 3.2957026958465576 454.5382385253906 176.6601104736328 535.0184936523438 205.8621826171875 4.0743337 1.5303079 1.6717618 -6.197026 1.7401854 38.87274 3.1376147270202637 0.8047739267349243
Car 0.0 0 -2.774892807006836 300.43353271484375 181.59109497070312 455.90020751953125 238.32601928710938 3.9107797 1.519324 1.5292572 -6.5528755 1.7780921 20.46325 -3.084801197052002 0.749404788017273
