Pedestrian 0.0 0 0.2777133584022522 62.343849182128906 182.83106994628906 105.02272033691406 245.11802673339844 0.87722224 1.819692 0.71245944 -15.87649 2.1271214 21.718485 -0.35352474451065063 0.6944082975387573
Pedestrian 0.0 0 1.218266487121582 692.9116821289062 160.40272521972656 725.3114013671875 224.00357055664062 1.1109339 1.7630929 0.5649102 2.7723324 1.4182863 20.602682 1.352024793624878 0.33895143866539
Pedestrian 0.0 0 -0.3555968403816223 671.1201171875 159.09808349609375 711.5154418945312 226.31419372558594 0.92497474 1.7758726 0.6189525 2.1417649 1.4127948 19.47334 -0.24605266749858856 0.3211918771266937
Pedestrian 0.0 0 -1.6188937425613403 662.9071044921875 174.79827880859375 686.2660522460938 231.791015625 1.6896473 1.6181928 0.60384417 1.8550028 1.6785239 21.398022 -1.5324195623397827 0.16480401158332825
Cyclist 0.0 0 -2.499962329864502 679.1549072265625 159.35032653808594 752.2232666015625 235.14280700683594 1.7935383 1.7988743 0.60343295 2.5623631 1.4787334 17.968943 -2.3583176136016846 0.4917352497577667
Cyclist 0.0 0 -1.737801194190979 660.1885986328125 175.46791076660156 689.0671997070312 233.1620330810547 1.7998384 1.6311239 0.55565727 1.8526856 1.7123452 21.3992 -1.6514391899108887 0.45506006479263306
Cyclist 0.0 0 1.218266487121582 692.9116821289062 160.40272521972656 725.3114013671875 224.00357055664062 1.1109339 1.7630929 0.5649102 2.7723324 1.4182863 20.602682 1.352024793624878 0.20230133831501007
Cyclist 0.0 0 -0.34264129400253296 670.6481323242188 158.7783660888672 712.4404296875 226.18006896972656 0.9781303 1.7812594 0.5905786 2.1472228 1.4096336 19.46585 -0.23277828097343445 0.10454942286014557
Car 0.0 0 2.099419593811035 72.80912017822266 197.74940490722656 220.01007080078125 264.12054443359375 3.8455038 1.4823728 1.6226698 -12.397395 2.2239354 19.527945 1.533765435218811 0.9616684317588806
Car 0.0 0 -1.339682936668396 346.0516662597656 179.20285034179688 509.12286376953125 299.4984130859375 3.9781976 1.615656 1.6947201 -2.8340986 1.7381803 11.889774 -1.5736807584762573 0.9447542428970337
Car 0.0 0 1.5609592199325562 590.1293334960938 174.6587677001953 617.2379150390625 203.65235900878906 4.156987 1.7898488 1.6839625 -0.4655986 1.9127498 46.895115 1.5510309934616089 0.7085456252098083
Car 0.0 0 1.9874606132507324 229.5959930419922 193.65322875976562 283.0417785644531 218.28817749023438 4.272913 1.5082457 1.7457774 -24.460295 3.0125637 50.002247 1.5325032472610474 0.4566035568714142
Car 0.0 0 -0.26967430114746094 818.1181030273438 168.1803741455078 962.0612182617188 213.667236328125 4.177447 1.4435362 1.5309218 9.120658 1.2955755 23.85655 0.09549188613891602 0.42531126737594604
Car 0.0 0 1.7901949882507324 464.7936096191406 182.26458740234375 493.7649841308594 201.47422790527344 3.5866299 1.432881 1.5265487 -10.393855 2.206027 57.426514 1.6111394166946411 0.33843275904655457
Car 0.0 0 -0.9363539814949036 68.02745056152344 152.0958251953125 154.5426025390625 186.1324005126953 3.8446767 1.6502246 1.6921777 -25.449493 0.64414656 36.92785 -1.5397731065750122 0.31781286001205444
