Pedestrian 0.0 0 -1.708631157875061 773.8338623046875 170.64520263671875 795.5318603515625 223.70948791503906 0.67769486 1.8375977 0.6520045 6.1723022 1.3341577 25.260181 -1.4689780473709106 0.4522845149040222
Car 0.0 0 -1.274571418762207 311.88079833984375 189.72422790527344 444.72442626953125 269.3414306640625 3.8207653 1.4244272 1.5706204 -4.656683 1.5315926 14.988335 -1.5758038759231567 0.9686288833618164
Car 0.0 0 -0.9736952781677246 50.23277282714844 187.119140625 207.6536407470703 245.17062377929688 3.9412925 1.4072654 1.6128975 -12.844833 1.4653844 19.535408 -1.5553356409072876 0.9528769850730896
Car 0.0 0 -1.59147310256958 569.740478515625 178.95079040527344 654.4992065429688 253.5319366455078 3.5121875 1.495471 1.7021906 0.0041417256 1.370981 16.183538 -1.5912171602249146 0.9499905109405518
Car 0.0 0 -1.1595160961151123 223.6642303466797 185.12924194335938 349.84979248046875 246.57492065429688 3.8871486 1.4709392 1.6399981 -8.427543 1.4700009 19.151062 -1.5740699768066406 0.942608118057251
Car 0.0 0 -1.4170831441879272 428.8985290527344 181.78407287597656 502.692138671875 233.43748474121094 4.315444 1.5148218 1.69457 -4.5248156 1.415315 23.266493 -1.6091632843017578 0.9157223105430603
Car 0.0 0 1.4871042966842651 632.6303100585938 180.07562255859375 658.817626953125 200.3184356689453 4.056534 1.5359912 1.7192563 2.9374435 1.1471019 56.59646 1.538959264755249 0.7514132857322693
Car 0.0 0 -1.2597017288208008 350.0801696777344 168.31687927246094 404.2127685546875 200.285888671875 3.9338436 1.6324818 1.6478666 -12.363017 0.77068317 38.672527 -1.5691187381744385 0.467977911233902
Car 0.0 0 -1.401710033416748 391.1464538574219 179.73123168945312 441.5250244140625 213.61309814453125 3.5418682 1.4271221 1.6017723 -8.522058 1.1972449 32.110786 -1.6611253023147583 0.3631196916103363
Car 0.0 0 2.2974560260772705 0.0 190.85586547851562 51.3058967590332 295.98626708984375 4.375386 1.496827 1.6096718 -12.30241 1.6149743 12.689842 1.52755868434906 0.3329060673713684
Car 0.0 0 -1.4148041009902954 429.8804626464844 180.8419647216797 470.4269104003906 209.70143127441406 3.6427104 1.5177361 1.6407366 -8.673876 1.2888495 39.66803 -1.6300774812698364 0.3298031687736511
