Pedestrian 0.0 0 -0.4202643036842346 313.2818603515625 145.16024780273438 411.4147033691406 338.07977294921875 0.6435137 1.7180513 0.73177576 -2.4312234 1.4717815 6.909833 -0.7585861086845398 0.43835213780403137
Pedestrian 0.0 0 -2.0405452251434326 438.8290100097656 179.13511657714844 494.7001953125 282.09228515625 0.7231979 1.8292925 0.77355206 -2.7148995 1.9509219 13.404643 -2.2403764724731445 0.386018842458725
Pedestrian 0.0 0 1.5376543998718262 930.3594360351562 170.5413360595703 956.024658203125 228.7839813232422 0.9435946 1.7203695 0.67307264 10.046309 1.6524163 21.875288 1.968177080154419 0.3667883276939392
Pedestrian 0.0 0 -0.2569277286529541 1051.3677978515625 156.6240692138672 1077.01025390625 192.3335723876953 1.0816237 1.8945743 0.45704332 24.293291 1.03385 38.65856 0.30411744117736816 0.1902412623167038
Pedestrian 0.0 0 -1.4146969318389893 678.91796875 170.01417541503906 690.7323608398438 199.2685546875 0.5519392 1.8365508 0.66627085 4.703448 1.6586283 45.646465 -1.3120185136795044 0.14584016799926758
Pedestrian 0.0 0 -1.6419265270233154 776.3895263671875 171.47393798828125 789.2815551757812 201.3625946044922 0.5800689 1.7799381 0.71236134 10.338701 1.6981101 43.310535 -1.4076006412506104 0.13541944324970245
Cyclist 0.0 0 -0.23511844873428345 294.9202575683594 184.82435607910156 332.8179931640625 220.32473754882812 1.732653 1.8011484 0.6758522 -15.591827 2.4434896 37.913033 -0.6252874135971069 0.5172392129898071
Car 0.0 0 2.100792169570923 119.96903228759766 191.9431915283203 373.3223571777344 312.00042724609375 4.271768 1.5027212 1.7715815 -5.7020373 1.8771017 11.931838 1.6549931764602661 0.9221093058586121
Car 0.0 0 1.3839054107666016 940.3065185546875 176.8898468017578 981.71923828125 202.87713623046875 3.9469125 1.5491742 1.6506996 22.184126 1.8175268 45.789288 1.8350623846054077 0.1775568127632141
Car 0.0 0 -2.086668014526367 1143.3232421875 143.1347198486328 1242.0 198.38360595703125 3.8302577 1.7300795 1.8450679 20.260561 0.79979926 24.636667 -1.3984323740005493 0.14977143704891205
