Pedestrian 0.0 0 -1.649057388305664 301.41534423828125 161.06948852539062 321.4385681152344 215.04747009277344 0.5885952 1.8219216 0.589405 -10.288186 1.4245163 24.7475 -2.0430469512939453 0.18204335868358612
Pedestrian 0.0 0 0.25790464878082275 804.1296997070312 149.85340881347656 841.2428588867188 220.6494140625 0.80937004 1.8266109 0.6290542 5.581877 1.2335296 19.091951 0.5423450469970703 0.17016908526420593
Cyclist 0.0 0 -1.8904438018798828 725.0762329101562 140.6881866455078 759.579833984375 196.82032775878906 1.7790688 1.688828 0.5265706 4.083413 0.72142434 22.623629 -1.7118730545043945 0.3667924106121063
Cyclist 0.0 0 2.9824259281158447 448.4263000488281 131.2759246826172 491.2657165527344 189.7996826171875 1.3158497 1.8941985 0.5675988 -4.678608 0.5488272 23.844484 2.7886738777160645 0.1311880648136139
Cyclist 0.0 0 -2.1307742595672607 1002.975830078125 115.04598999023438 1088.3369140625 234.4459991455078 1.4368763 1.7349275 0.43081737 6.6717052 0.8953129 11.204658 -1.5937142372131348 0.12740375101566315
Car 0.0 0 1.8331537246704102 192.54385375976562 187.51100158691406 457.4862976074219 364.4554443359375 4.534219 1.430652 1.651842 -3.0018687 1.651714 8.539049 1.4951022863388062 0.9692521691322327
Car 0.0 0 1.7859094142913818 446.4794616699219 168.75511169433594 544.4979858398438 238.75765991210938 4.412694 1.6843435 1.7129236 -3.0151858 1.5860775 19.613892 1.6333764791488647 0.8946056365966797
Car 0.0 0 -1.2418038845062256 645.3862915039062 168.99029541015625 694.4293212890625 198.85501098632812 3.3447006 1.4669 1.5276024 3.0997944 1.27748 37.27614 -1.1588371992111206 0.8064122200012207
Car 0.0 0 1.7591198682785034 382.9979248046875 165.04698181152344 506.39794921875 267.46026611328125 4.018995 1.7397815 1.6314539 -3.1510303 1.6075147 14.286748 1.542039155960083 0.21603024005889893
Car 0.0 0 1.4718376398086548 730.928466796875 167.8296661376953 778.6726684570312 207.06246948242188 3.904366 1.5343087 1.5683613 5.95969 1.3381759 30.233171 1.666466474533081 0.117177814245224
Car 0.0 0 1.533974289894104 516.4591064453125 172.05706787109375 546.4248046875 200.58360290527344 3.3408465 1.486081 1.4951599 -4.3521385 1.4449226 39.347424 1.423814058303833 0.11557763069868088
Car 0.0 0 -1.3110271692276 546.3622436523438 167.97091674804688 587.1201171875 194.65963745117188 3.4566529 1.5334429 1.6094841 -2.5867214 1.2532356 43.308155 -1.3706846237182617 0.10515992343425751
