Pedestrian 0.0 0 -2.933657169342041 832.4429931640625 136.73428344726562 890.85546875 242.35540771484375 0.83699274 1.7689612 0.708763 4.347165 1.1643796 12.600839 -2.601452350616455 0.18508101999759674
Pedestrian 0.0 0 1.8453598022460938 157.1845245361328 181.63494873046875 181.59878540039062 230.1238555908203 0.622982 1.810015 0.64929765 -16.806368 2.149302 27.459469 1.2961324453353882 0.15584181249141693
Pedestrian 0.0 0 -0.29875388741493225 963.720458984375 225.33035278320312 1053.572265625 348.4857482910156 1.1706326 1.8879399 0.5584025 6.433772 2.7737467 11.781489 0.20108366012573242 0.1431806981563568
Pedestrian 0.0 0 -2.013967514038086 1042.3302001953125 31.4088077545166 1221.348876953125 348.5552673339844 0.6121439 1.8034389 0.6982029 3.1261015 0.99947524 4.4604187 -1.4026687145233154 0.14114241302013397
Pedestrian 0.0 0 2.1871132850646973 314.677490234375 183.69122314453125 337.5856018066406 213.74258422851562 1.3237183 1.7180861 0.60169137 -16.737934 2.3672307 42.47865 1.8117624521255493 0.1352957934141159
Cyclist 0.0 0 1.561051368713379 470.3081359863281 174.15261840820312 478.26324462890625 198.81625366210938 1.7024876 1.7895892 0.5594387 -10.0639 1.8875456 53.335037 1.3745520114898682 0.2333785742521286
Cyclist 0.0 0 -0.5367435812950134 944.394287109375 240.93499755859375 1081.19384765625 355.64813232421875 1.9031782 1.7533706 0.6155501 6.4911995 2.8961687 11.766446 -0.032618824392557144 0.2105889618396759
Cyclist 0.0 0 -1.922060489654541 835.53662109375 129.9308319091797 898.6419067382812 237.99871826171875 1.4194224 1.758212 0.56454307 4.3539653 1.0602306 12.450146 -1.5856423377990723 0.1428525596857071
Cyclist 0.0 0 2.1871132850646973 314.677490234375 183.69122314453125 337.5856018066406 213.74258422851562 1.3237183 1.7180861 0.60169137 -16.737934 2.3672307 42.47865 1.8117624521255493 0.1225205808877945
Cyclist 0.0 0 -3.3680524826049805 989.2371826171875 157.97598266601562 1111.7154541015625 276.5599670410156 1.512771 1.7319307 0.5458565 6.639793 1.5149934 11.029498 -2.8261613845825195 0.11357247084379196
Car 0.0 0 1.8102951049804688 422.33709716796875 180.20327758789062 475.9070129394531 212.4454345703125 3.9081395 1.43601 1.6561441 -7.7716427 1.8129969 35.00291 1.5918108224868774 0.9504626989364624
Car 0.0 0 -1.2700598239898682 781.9781494140625 163.60601806640625 815.4710083007812 184.1522979736328 3.5922642 1.6346073 1.6786835 15.530809 0.8992212 59.36933 -1.0141968727111816 0.32011112570762634
Car 0.0 0 2.0183937549591064 148.76437377929688 197.82936096191406 218.79837036132812 229.9532470703125 3.7504432 1.437205 1.6501023 -21.937315 2.7934694 37.230965 1.4859366416931152 0.2530643045902252
Car 0.0 0 -1.528577208518982 631.6351318359375 166.1552276611328 654.6849975585938 188.12210083007812 4.2386456 1.7154298 1.692346 2.6984024 1.1926697 58.529015 -1.4825061559677124 0.193815216422081
