Pedestrian 0.0 0 -0.3997806906700134 1154.7098388671875 114.49659729003906 1242.0 331.4440002441406 0.7914405 1.8424287 0.658902 5.5028486 1.3471856 6.5561786 0.2984907627105713 0.4170764982700348
Pedestrian 0.0 0 2.374622344970703 1063.302490234375 150.34071350097656 1167.3988037109375 322.6705627441406 0.7028431 1.8654815 0.66612226 5.6658897 1.6221316 8.193314 2.9796383380889893 0.23215913772583008
Pedestrian 0.0 0 1.4306652545928955 760.1907958984375 134.49732971191406 800.85009765625 216.0096435546875 1.1916487 1.8935829 0.79038125 4.0428667 1.0028912 17.387398 1.6591229438781738 0.18699660897254944
Pedestrian 0.0 0 3.293396234512329 248.56114196777344 172.65142822265625 286.0057373046875 233.76373291015625 0.9173703 1.7739054 0.6394382 -10.191753 1.7683833 21.379894 2.8485634326934814 0.17712070047855377
Pedestrian 0.0 0 1.3916455507278442 780.0067138671875 167.80706787109375 817.28271484375 237.9932861328125 1.7190467 1.8178332 0.67634183 5.045834 1.6874751 19.567144 1.6440200805664062 0.1638428121805191
Cyclist 0.0 0 1.4734432697296143 1131.0841064453125 135.95162963867188 1207.6767578125 296.1573181152344 1.6449003 1.7940212 0.58054864 6.824917 1.3811377 8.929114 2.1260616779327393 0.16600336134433746
Cyclist 0.0 0 1.3916455507278442 780.0067138671875 167.80706787109375 817.28271484375 237.9932861328125 1.7190467 1.8178332 0.67634183 5.045834 1.6874751 19.567144 1.6440200805664062 0.1610572636127472
Cyclist 0.0 0 1.4706511497497559 761.6631469726562 136.94772338867188 799.3417358398438 218.5685577392578 1.2533569 1.897598 0.7600717 4.05567 1.0631729 17.442398 1.699109673500061 0.10576171427965164
Car 0.0 0 1.8492414951324463 268.9094543457031 184.63711547851562 454.51092529296875 304.85296630859375 4.1304545 1.5408098 1.735644 -3.8279335 1.7673415 11.751491 1.534340262413025 0.9553173184394836
Car 0.0 0 1.7367149591445923 472.3363342285156 184.63111877441406 533.1439819335938 226.51486206054688 4.4441805 1.4704092 1.687966 -4.234817 1.9778502 28.825695 1.5908472537994385 0.9452710151672363
Car 0.0 0 1.4696621894836426 644.3080444335938 181.6663055419922 711.623779296875 239.01773071289062 3.8328695 1.5721622 1.6686162 1.9653629 1.8684 22.296173 1.557582974433899 0.9353513717651367
Car 0.0 0 -1.7122968435287476 625.413818359375 183.50042724609375 676.7610473632812 224.64544677734375 3.4854074 1.5075896 1.5841546 1.5601909 1.965114 29.17507 -1.6588709354400635 0.3865138590335846
Car 0.0 0 1.4643287658691406 618.3439331054688 185.6397247314453 661.254638671875 221.79696655273438 3.894214 1.5486668 1.6218624 1.3221806 2.192489 34.312256 1.5028434991836548 0.2179287225008011
Car 0.0 0 1.6407530307769775 511.6982727050781 184.51194763183594 542.5704345703125 211.422119140625 3.8203056 1.5070875 1.6104761 -5.0488777 2.2503676 44.034615 1.5265945196151733 0.1853441447019577
Car 0.0 0 -1.7935547828674316 485.56317138671875 181.00033569335938 535.84375 214.66714477539062 3.7533355 1.5174212 1.6567707 -4.982845 1.9423947 35.55791 -1.932781457901001 0.15103839337825775
