Pedestrian 0.0 0 -2.933546304702759 681.2014770507812 156.39927673339844 738.3409423828125 274.1350402832031 0.6854691 1.5996659 0.6400753 1.4974155 1.259948 10.176374 -2.7874484062194824 0.9026037454605103
Pedestrian 0.0 0 1.7334078550338745 285.09234619140625 160.2086944580078 346.6992492675781 291.305908203125 0.7567362 1.6661993 0.6515822 -3.8309464 1.3969288 9.567105 1.3525316715240479 0.8769040703773499
Pedestrian 0.0 0 -1.6259713172912598 625.4883422851562 160.54713439941406 669.3274536132812 277.8063659667969 0.7981345 1.5688453 0.56101805 0.5832838 1.289837 10.008119 -1.5677560567855835 0.8579220175743103
Pedestrian 0.0 0 -1.721612572669983 450.3504943847656 167.19952392578125 476.5547180175781 219.11732482910156 1.1435331 1.7444404 0.7222208 -4.794222 1.2650228 24.793205 -1.9126235246658325 0.7017576694488525
Pedestrian 0.0 0 -1.9862737655639648 727.237060546875 164.27371215820312 752.440185546875 222.3887481689453 0.5868654 1.5976844 0.49627852 3.836245 1.1252578 20.08739 -1.7975683212280273 0.5965039134025574
Pedestrian 0.0 0 -1.7400712966918945 662.7424926757812 167.97430419921875 690.4046020507812 229.2915802001953 0.98637503 1.8139147 0.6742482 2.2394862 1.41492 21.762056 -1.6375243663787842 0.3750931918621063
Pedestrian 0.0 0 1.9686764478683472 104.42707061767578 170.96434020996094 158.34010314941406 269.32196044921875 0.7353936 1.6852717 0.55932957 -8.349589 1.506033 12.717892 1.387729287147522 0.3712232708930969
Pedestrian 0.0 0 0.3448874354362488 754.3772583007812 144.3797149658203 793.4495239257812 223.3188934326172 0.7456805 1.8149039 0.57972044 4.0386925 0.96267444 16.959328 0.5786728858947754 0.3535785675048828
Pedestrian 0.0 0 0.13603049516677856 177.4329071044922 154.93116760253906 200.9517059326172 214.2741241455078 0.576572 1.8684015 0.6160607 -13.2252245 1.0329921 23.007877 -0.38566315174102783 0.3212800920009613
Pedestrian 0.0 0 -1.1574338674545288 377.8678894042969 176.93968200683594 396.2511901855469 211.9539031982422 0.6549658 1.7108272 0.663296 -10.588231 1.4888989 35.461655 -1.4475897550582886 0.2969367802143097
Pedestrian 0.0 0 -1.0317449569702148 235.12310791015625 182.56137084960938 285.8673400878906 277.78216552734375 0.4625816 1.6891139 0.69155943 -6.209133 1.7099898 13.008287 -1.4770855903625488 0.27516117691993713
Pedestrian 0.0 0 0.626059889793396 76.22142028808594 168.00704956054688 130.61900329589844 250.8344268798828 0.76894027 1.8008921 0.63108003 -11.07679 1.5087428 15.938621 0.01872086524963379 0.2748144268989563
Pedestrian 0.0 0 1.6526856422424316 680.2708129882812 177.48292541503906 700.2525024414062 231.2327880859375 0.5590692 1.6834941 0.5876806 2.7997952 1.5587833 22.82953 1.7747154235839844 0.2284971922636032
Pedestrian 0.0 0 -0.35117819905281067 605.4830322265625 169.5404510498047 623.7451782226562 200.6815643310547 0.9324092 1.7764974 0.5112406 0.7583888 1.0950378 41.36993 -0.33284837007522583 0.22336767613887787
Pedestrian 0.0 0 -1.7935247421264648 714.5185546875 155.7250213623047 731.2706909179688 197.12307739257812 0.6302239 1.859112 0.6245569 5.494887 0.7025461 32.588512 -1.6264817714691162 0.21747040748596191
Cyclist 0.0 0 1.7478642463684082 500.1990051269531 165.59925842285156 540.1012573242188 247.3352508544922 1.7692131 1.793194 0.6213994 -1.8969692 1.4455718 16.659422 1.634484887123108 0.8961706161499023
Cyclist 0.0 0 1.8994396924972534 398.5130615234375 162.46351623535156 469.1795959472656 284.9454040527344 1.5685534 1.7076662 0.56382555 -2.5321088 1.443575 10.8208065 1.669572114944458 0.8718342781066895
Cyclist 0.0 0 1.7375741004943848 483.64080810546875 167.32546997070312 512.7536010742188 230.42604064941406 1.65803 1.7057173 0.5482485 -2.9243414 1.3237151 20.25041 1.5941565036773682 0.8689976334571838
Cyclist 0.0 0 0.4826850891113281 129.477294921875 174.47979736328125 232.37017822265625 248.26235961914062 1.9314803 1.637314 0.6613418 -9.5608225 1.4827471 16.31408 -0.04741193354129791 0.3053297698497772
Cyclist 0.0 0 -1.7291584014892578 449.97003173828125 167.85354614257812 475.9326477050781 219.24488830566406 1.1500077 1.7309464 0.7071633 -4.8230143 1.2723897 24.853508 -1.920833706855774 0.29875969886779785
Car 0.0 0 -1.4590916633605957 506.74517822265625 171.56430053710938 540.8330688476562 199.0333251953125 4.1627717 1.6262164 1.652311 -4.767752 1.0387716 44.609825 -1.5655642747879028 0.3566456437110901
