Pedestrian 0.0 0 -2.600037097930908 156.087158203125 184.413330078125 228.43605041503906 301.57916259765625 0.7990456 1.7383225 0.5290085 -6.4250693 1.9196854 11.025621 -3.127668619155884 0.5727856159210205
Pedestrian 0.0 0 3.4899721145629883 316.0514831542969 189.105224609375 353.2778015136719 267.825927734375 0.6316578 1.7855676 0.64034003 -6.462122 2.1722527 16.82387 3.123243570327759 0.35676079988479614
Pedestrian 0.0 0 -1.6778758764266968 621.6380615234375 169.6584930419922 634.0751953125 199.28587341308594 0.7685986 1.8562244 0.70702523 1.0939275 1.6563767 45.61561 -1.653899073600769 0.2502458989620209
Pedestrian 0.0 0 2.144010066986084 655.9771118164062 165.00502014160156 679.6878662109375 212.50938415527344 0.82893497 1.9226332 0.624459 2.3428345 1.6053209 29.718786 2.2226808071136475 0.22256186604499817
Pedestrian 0.0 0 -1.432759165763855 684.4810180664062 170.9673309326172 707.4542236328125 224.31822204589844 0.6332175 1.7337483 0.67416036 2.7985609 1.672795 23.836496 -1.315887689590454 0.19486184418201447
Pedestrian 0.0 0 2.0927693843841553 760.6550903320312 179.11441040039062 806.5770874023438 268.2063903808594 0.7387781 1.8123854 0.6644263 3.618928 1.9493222 15.24187 2.3258860111236572 0.18388599157333374
Pedestrian 0.0 0 3.3612401485443115 251.3094482421875 177.3383331298828 292.5806884765625 270.55242919921875 0.626068 1.7197477 0.4389368 -6.42561 1.806523 13.619227 2.9204025268554688 0.17410245537757874
Car 0.0 0 -1.465651273727417 445.88531494140625 185.50430297851562 502.350830078125 235.18258666992188 3.3575459 1.5008646 1.5331553 -4.5753508 1.9597278 24.414345 -1.6509066820144653 0.9565523266792297
Car 0.0 0 3.4265079498291016 131.83628845214844 175.60235595703125 348.1653137207031 252.0135040283203 4.5335093 1.7803559 1.7857682 -9.18522 1.8549291 18.191416 2.9589316844940186 0.9067914485931396
Car 0.0 0 1.64316987991333 476.166259765625 181.61268615722656 520.5723266601562 224.393310546875 3.9746387 1.6656579 1.6005709 -4.7703023 2.0668526 30.972866 1.490355134010315 0.8393961787223816
Car 0.0 0 1.6909873485565186 504.9004211425781 180.1524658203125 537.4427490234375 207.27862548828125 4.11975 1.6759125 1.656646 -5.862569 2.1801105 47.74623 1.5688128471374512 0.17196324467658997
