Pedestrian 0.0 0 1.3805466890335083 792.8287963867188 135.29458618164062 854.3457641601562 277.6907958984375 0.7917794 1.7068413 0.5947096 2.7293112 1.1543404 9.032169 1.673999309539795 0.8778203129768372
Pedestrian 0.0 0 -0.7040573954582214 561.9500732421875 163.8556365966797 647.82763671875 281.0513000488281 1.0759739 1.705677 0.7841217 0.012682892 1.4501909 11.0990095 -0.7029147148132324 0.8007038831710815
Pedestrian 0.0 0 -1.4066476821899414 548.2342529296875 169.5415496826172 571.8811645507812 225.94244384765625 0.8681135 1.750663 0.61628246 -1.3311298 1.380588 22.75839 -1.4650707244873047 0.7629767656326294
Pedestrian 0.0 0 -1.431130290031433 521.72998046875 168.59625244140625 543.7255249023438 218.76332092285156 0.8580843 1.6820056 0.6360986 -2.3636506 1.2504481 24.524275 -1.5272135734558105 0.7517144680023193
Pedestrian 0.0 0 -0.6133085489273071 830.8157958984375 154.9238739013672 881.2211303710938 237.91966247558594 0.80683845 1.714983 0.604339 5.358571 1.1670648 15.241129 -0.2752213180065155 0.6864135265350342
Pedestrian 0.0 0 1.9459643363952637 389.3409729003906 159.4962615966797 458.7138366699219 291.3334655761719 0.83263034 1.7717456 0.6935686 -2.5245364 1.4773651 10.108893 1.7012358903884888 0.6672175526618958
Pedestrian 0.0 0 -2.3483338356018066 896.5238647460938 135.11141967773438 1013.6664428710938 311.3298645019531 0.91651267 1.6945987 0.6219469 3.587752 1.2498766 7.4392605 -1.8989684581756592 0.6299551725387573
Pedestrian 0.0 0 1.281447172164917 570.2030639648438 173.17213439941406 594.7879638671875 225.78515625 0.7974539 1.7111137 0.6118437 -0.65837747 1.4413624 23.833748 1.2538304328918457 0.6011228561401367
Pedestrian 0.0 0 0.6455063819885254 444.800048828125 187.64271545410156 484.9330749511719 260.7879943847656 0.5643027 1.7131736 0.84121305 -3.3373919 1.8675337 17.407892 0.456087589263916 0.5052369236946106
Pedestrian 0.0 0 1.3643734455108643 134.61029052734375 160.60012817382812 204.2750701904297 311.1200866699219 0.63393563 1.725587 0.60140824 -5.2635818 1.4873366 8.669402 0.8187170028686523 0.48353490233421326
Pedestrian 0.0 0 -2.261241912841797 564.2044067382812 168.7003173828125 581.7109985351562 203.10653686523438 0.67409843 1.7779546 0.6300265 -1.4954082 1.1173851 37.57887 -2.3010149002075195 0.4688839018344879
Pedestrian 0.0 0 -1.6451905965805054 583.3276977539062 167.75997924804688 601.8389282226562 219.23324584960938 0.6962789 1.5972213 0.5317829 -0.31017107 1.1719776 22.657581 -1.658879280090332 0.44839298725128174
Pedestrian 0.0 0 -0.9980111122131348 152.9394989013672 211.10281372070312 293.9110412597656 374.0 0.77575153 1.5514625 0.68444276 -3.0283933 1.8058603 5.721106 -1.4848519563674927 0.4096059203147888
Pedestrian 0.0 0 0.9826014041900635 470.5902404785156 169.84388732910156 493.0100402832031 215.72998046875 0.6212895 1.6783198 0.5732592 -4.4675 1.2530315 26.693714 0.8167767524719238 0.3582760989665985
Pedestrian 0.0 0 -3.2816507816314697 706.8530883789062 151.4620361328125 739.8197631835938 208.9154815673828 0.9498725 1.7879015 0.5973503 3.8123703 0.8542557 22.662556 -3.114987850189209 0.3462425470352173
Pedestrian 0.0 0 1.2494319677352905 628.345947265625 164.7777862548828 646.8219604492188 203.59591674804688 0.73447555 1.6889966 0.6123798 1.5776786 0.96236324 31.688442 1.299178123474121 0.33960890769958496
Pedestrian 0.0 0 1.514854073524475 574.8718872070312 164.97544860839844 592.9003295898438 210.32821655273438 0.82356256 1.902901 0.72069395 -0.767079 1.2105448 30.576725 1.4897723197937012 0.3106912672519684
Pedestrian 0.0 0 -2.1378371715545654 686.4171142578125 161.30189514160156 709.4219360351562 208.20350646972656 0.73724055 1.8184121 0.59482574 3.7806072 1.0363322 28.307339 -2.0050671100616455 0.2935742437839508
Cyclist 0.0 0 1.685052752494812 473.9263916015625 171.88320922851562 519.70751953125 278.26129150390625 1.8421692 1.6967864 0.5794201 -1.816221 1.5446881 12.38492 1.5394428968429565 0.9163702130317688
Cyclist 0.0 0 -1.6451905965805054 583.3276977539062 167.7599639892578 601.8389282226562 219.23324584960938 0.6962789 1.5972213 0.5317829 -0.31017107 1.1719775 22.657581 -1.658879280090332 0.10461074858903885
