Car 0.0 0 -1.8767988681793213 733.079345703125 193.5362548828125 970.7486572265625 346.53155517578125 4.3210707 1.4570264 1.6451693 2.8242614 1.7960376 9.634563 -1.591648817062378 0.9724288582801819
Car 0.0 0 1.9333547353744507 238.753662109375 206.32061767578125 457.72332763671875 345.13555908203125 3.9977167 1.4541924 1.6398321 -3.586434 2.03844 10.559441 1.6059367656707764 0.9507562518119812
Car 0.0 0 -1.7724969387054443 702.8053588867188 189.51065063476562 824.3077392578125 276.3791198730469 4.4158454 1.5407227 1.7029322 3.1395423 1.9582837 15.85657 -1.577028751373291 0.9485868811607361
Car 0.0 0 -1.719612956047058 685.018798828125 187.4435577392578 758.0626831054688 247.4893341064453 3.5815825 1.5621207 1.6083854 3.1761274 2.0321176 21.431456 -1.5724844932556152 0.945970892906189
Car 0.0 0 1.7368746995925903 443.3474426269531 194.5270538330078 519.2070922851562 254.59666442871094 3.7449358 1.4676952 1.5558531 -3.6704717 2.1511781 20.861115 1.5627093315124512 0.9426332116127014
Car 0.0 0 2.1531448364257812 0.0 204.987548828125 335.58203125 375.0 3.7203138 1.5352097 1.5891136 -3.4582255 1.8446386 5.06399 1.5539841651916504 0.9390602111816406
Car 0.0 0 1.7606487274169922 386.4453430175781 196.67559814453125 485.67822265625 278.4581604003906 3.4092882 1.5030226 1.5136006 -3.789469 2.0891433 16.004189 1.5281507968902588 0.9031378626823425
Car 0.0 0 -2.2243077754974365 870.334228515625 187.8138885498047 1242.0 375.0 3.6656036 1.4982241 1.5933789 2.7423348 1.6128248 3.6657224 -1.5820223093032837 0.8979560136795044
Car 0.0 0 -0.27120718359947205 887.021240234375 161.69314575195312 1008.9901733398438 202.98472595214844 4.0486674 1.5578707 1.6300545 13.144762 1.1371462 28.352394 0.16291594505310059 0.7144638895988464
Car 0.0 0 1.4752057790756226 648.2379760742188 188.2425537109375 681.468994140625 217.65762329101562 3.909733 1.5871996 1.5982456 3.1883218 2.545999 42.96501 1.549277424812317 0.609845757484436
