Pedestrian 0.0 0 3.249345302581787 479.1650695800781 173.74673461914062 493.4051513671875 201.3849334716797 0.89562887 1.8479466 0.50545883 -8.350424 1.9087107 48.539093 3.0789780616760254 0.1902385950088501
Pedestrian 0.0 0 -0.6117039322853088 1135.6561279296875 82.86458587646484 1242.0 266.0962829589844 1.1155099 1.8386157 0.60157585 6.252483 0.9359861 7.580751 0.07796764373779297 0.15907180309295654
Pedestrian 0.0 0 -0.6325615644454956 680.5435180664062 165.61805725097656 706.54833984375 216.4354248046875 0.6534535 1.8080294 0.69033396 2.9795778 1.5509403 26.130604 -0.5190255641937256 0.14775453507900238
Pedestrian 0.0 0 1.4521657228469849 762.6220092773438 151.4824676513672 803.8736572265625 245.12074279785156 0.90366113 1.8226223 0.7019085 3.424532 1.4069939 14.530098 1.6836271286010742 0.12959244847297668
Cyclist 0.0 0 2.420686721801758 369.8401794433594 188.36929321289062 415.7657775878906 240.52191162109375 1.4797086 1.6351467 0.51949537 -7.206972 2.1646705 23.8406 2.1271228790283203 0.19315622746944427
Car 0.0 0 -1.2291020154953003 212.20684814453125 190.8948974609375 422.6897277832031 326.5054016113281 3.2742574 1.3826714 1.5037572 -3.6456099 1.6608254 9.451152 -1.5972480773925781 0.9775407910346985
Car 0.0 0 1.7617915868759155 385.8726501464844 180.84902954101562 495.9852600097656 264.1947021484375 3.9331467 1.5756583 1.6440182 -3.6508443 1.7755607 16.013062 1.5376315116882324 0.9757222533226013
Car 0.0 0 1.684319019317627 485.081298828125 180.25404357910156 532.9234008789062 215.78826904296875 4.4731264 1.4521469 1.6483132 -4.5398054 1.8108294 32.679474 1.54628324508667 0.8979503512382507
Car 0.0 0 1.8776700496673584 527.8587036132812 169.13174438476562 561.9937744140625 191.83155822753906 3.9499624 1.7632182 1.6236861 -5.2271957 1.4744482 58.146507 1.7880140542984009 0.44353994727134705
Car 0.0 0 1.694483757019043 502.59527587890625 179.4398651123047 538.5838623046875 207.70074462890625 3.775789 1.5034676 1.5846364 -5.087322 1.8966992 41.151398 1.5714832544326782 0.2240205705165863
