Pedestrian 0.0 0 -1.0471796989440918 925.0349731445312 136.5149688720703 1032.9737548828125 326.86663818359375 0.69054645 1.7889576 0.7214787 3.6553316 1.4477952 7.2694674 -0.5812678933143616 0.2085949182510376
Pedestrian 0.0 0 1.4267215728759766 252.3966827392578 150.91734313964844 295.0800476074219 229.80596923828125 1.1355525 1.8872627 0.8052178 -8.424968 1.3628272 17.954325 0.9879796504974365 0.18613874912261963
Pedestrian 0.0 0 -0.49787139892578125 1003.9736328125 100.57463836669922 1078.7735595703125 239.90602111816406 0.6851734 1.8540452 0.58224314 5.851941 0.892601 9.9017935 0.03590273857116699 0.14833953976631165
Pedestrian 0.0 0 -0.9939485788345337 708.6793823242188 147.92396545410156 725.6437377929688 187.79110717773438 0.48748618 1.9336759 0.6650031 5.2188063 0.7248524 35.39676 -0.847565770149231 0.1193830594420433
Cyclist 0.0 0 2.8830983638763428 345.588134765625 142.36581420898438 404.4064636230469 196.88536071777344 1.8509936 1.8298483 0.56830895 -8.162777 0.8069265 24.955885 2.566978931427002 0.15477213263511658
Car 0.0 0 1.8252944946289062 335.42059326171875 189.71888732910156 488.5488586425781 289.4779357910156 4.505129 1.5434821 1.7796589 -3.703313 1.9279279 14.176364 1.5697733163833618 0.9784151911735535
Car 0.0 0 1.7723878622055054 438.25726318359375 175.1651153564453 514.99072265625 235.45709228515625 3.8768246 1.6921691 1.5877023 -4.076452 1.770394 22.352774 1.5920013189315796 0.9735400080680847
Car 0.0 0 1.6264320611953735 521.8975219726562 175.54779052734375 554.9644775390625 204.60597229003906 3.9327772 1.4978521 1.589474 -3.914043 1.6533741 39.559444 1.5278122425079346 0.7061553001403809
Car 0.0 0 1.8897039890289307 468.54730224609375 177.4801788330078 526.5272827148438 209.23550415039062 4.1924095 1.4656942 1.6367155 -5.5942016 1.7119321 36.14443 1.7361488342285156 0.12438361346721649
Car 0.0 0 1.632055401802063 500.9977722167969 179.800537109375 529.78466796875 205.58302307128906 3.552112 1.5828612 1.6511204 -6.1719017 2.0543864 47.10873 1.5017833709716797 0.12077905982732773
Car 0.0 0 -1.425248384475708 565.31591796875 165.97488403320312 588.9273681640625 184.89599609375 4.101772 1.728109 1.647808 -3.085864 1.1001805 68.02 -1.4705842733383179 0.10924869775772095
