Pedestrian 0.0 0 -2.701725721359253 373.68682861328125 154.0072021484375 410.1976013183594 213.40167236328125 0.90110487 1.8513393 0.69159186 -6.9588213 1.2642385 22.894941 -2.996798515319824 0.5406869053840637
Pedestrian 0.0 0 1.516913890838623 953.4627685546875 140.3453826904297 977.1788330078125 201.28640747070312 0.5732123 1.8299694 0.6188327 10.806547 0.8541415 22.048761 1.9726265668869019 0.23760269582271576
Pedestrian 0.0 0 -0.6257104277610779 970.5152587890625 146.100341796875 1022.45947265625 236.85711669921875 0.71440196 1.7554383 0.5581632 7.5904436 1.2383208 14.278688 -0.13710938394069672 0.19057324528694153
Pedestrian 0.0 0 -1.5272384881973267 458.3802490234375 158.40841674804688 471.1985168457031 192.48367309570312 0.59616655 1.8793463 0.6746488 -8.1108265 1.0829893 40.13892 -1.7266225814819336 0.15670888125896454
Car 0.0 0 1.7838433980941772 435.87750244140625 179.81414794921875 524.0881958007812 241.0515899658203 3.7828703 1.5141736 1.6596836 -3.5736973 1.7279147 20.196516 1.6087099313735962 0.9612276554107666
Car 0.0 0 -1.7963553667068481 719.3001708984375 156.7611541748047 854.3811645507812 252.13873291015625 4.223867 1.6475549 1.6861765 3.3240988 1.3699245 14.574154 -1.572109580039978 0.9457761645317078
Car 0.0 0 -1.3949284553527832 548.0582885742188 170.66506958007812 604.376953125 210.04005432128906 4.5530577 1.5704429 1.6539029 -1.41504 1.4834967 31.140026 -1.440338373184204 0.8938543796539307
Car 0.0 0 -1.2488020658493042 689.017333984375 173.77182006835938 759.8605346679688 215.5885772705078 3.6119769 1.4579394 1.5760118 4.3329277 1.4954083 27.205723 -1.0908632278442383 0.8785391449928284
Car 0.0 0 -1.3979377746582031 478.3218688964844 178.76939392089844 530.0549926757812 215.15965270996094 3.8601308 1.4734929 1.6155297 -4.635854 1.7505822 31.799946 -1.5426998138427734 0.22436018288135529
Car 0.0 0 -3.205434799194336 727.8561401367188 180.68580627441406 801.41796875 205.5557098388672 4.3585153 1.4785506 1.5525488 9.4841585 1.9754584 44.66018 -2.996180772781372 0.1823994219303131
