Pedestrian 0.0 0 1.4405829906463623 539.1478271484375 154.8727264404297 569.2310791015625 222.39706420898438 0.93580246 1.777274 0.6936396 -1.3178351 1.0775992 19.431286 1.3728663921356201 0.8331277966499329
Pedestrian 0.0 0 2.6390902996063232 468.3013610839844 156.84678649902344 516.6973266601562 237.88108825683594 0.9369608 1.8182067 0.59639627 -2.557277 1.2662662 16.636889 2.486572742462158 0.7288419604301453
Pedestrian 0.0 0 -1.7369744777679443 1064.771240234375 130.6748504638672 1161.5875244140625 316.5003356933594 0.8141842 1.6390628 0.61751854 4.7867227 1.1921445 6.833754 -1.1259446144104004 0.6988039612770081
Pedestrian 0.0 0 1.0104445219039917 612.7050170898438 159.68727111816406 639.3634033203125 207.09584045410156 0.9348341 1.7572004 0.60219526 0.90591365 0.9497479 27.177929 1.0437648296356201 0.6666730046272278
Pedestrian 0.0 0 -0.9178194999694824 806.7545166015625 145.81326293945312 869.6504516601562 251.91334533691406 0.78218615 1.6868095 0.6493512 3.8810012 1.1207471 11.906855 -0.6027315258979797 0.6310959458351135
Pedestrian 0.0 0 -0.4473666250705719 565.76416015625 159.58082580566406 614.9321899414062 237.1337432861328 0.88881904 1.6837347 0.6933334 -0.288661 1.2090766 16.102213 -0.46529150009155273 0.5792275667190552
Pedestrian 0.0 0 1.9313251972198486 566.772216796875 158.703369140625 589.1963500976562 204.41348266601562 0.9404026 1.795861 0.60597646 -0.95150733 0.90123594 28.762033 1.8982552289962769 0.5009747743606567
Pedestrian 0.0 0 1.3975143432617188 715.483642578125 150.07476806640625 744.6830444335938 217.36322021484375 0.7166914 1.6840893 0.6170969 3.2437143 0.8987657 18.334715 1.5726189613342285 0.4875921905040741
Pedestrian 0.0 0 -1.4014196395874023 500.65496826171875 176.8657684326172 527.8384399414062 241.494140625 0.8042656 1.6234031 0.5680836 -2.2660134 1.5081787 18.456367 -1.5235850811004639 0.45978137850761414
Pedestrian 0.0 0 2.5438294410705566 598.6800537109375 161.45852661132812 625.094482421875 207.0489959716797 0.86630297 1.7674468 0.5783544 0.39363146 0.9914976 28.325779 2.557725191116333 0.45074373483657837
Pedestrian 0.0 0 1.9100611209869385 422.91741943359375 179.74240112304688 482.7165222167969 275.4317626953125 0.87674683 1.6081325 0.7785924 -2.6237826 1.5798789 12.555761 1.7040551900863647 0.3863550126552582
Pedestrian 0.0 0 -1.2518794536590576 20.891010284423828 162.6626739501953 153.10174560546875 374.0 0.580646 1.6792002 0.6175545 -3.6874979 1.555947 5.120877 -1.875962495803833 0.31434887647628784
Pedestrian 0.0 0 1.287308931350708 592.1559448242188 157.75552368164062 610.3665161132812 201.38429260253906 0.7495895 1.6249576 0.49800605 -0.030435354 0.7416278 27.18147 1.2861891984939575 0.2934532165527344
Pedestrian 0.0 0 -1.1278632879257202 531.7140502929688 161.36172485351562 552.1906127929688 203.80157470703125 0.86732244 1.7625742 0.54359925 -2.5230973 0.9271918 30.332245 -1.2108542919158936 0.2690773606300354
Pedestrian 0.0 0 1.911087989807129 342.9942932128906 170.448486328125 441.70111083984375 331.7655334472656 1.4686092 1.6421851 0.6106009 -2.345794 1.5310476 8.060464 1.6278855800628662 0.22047355771064758
Cyclist 0.0 0 1.9315345287322998 337.52154541015625 170.84921264648438 444.80194091796875 338.30914306640625 1.6449468 1.6809318 0.61394006 -2.346228 1.5753882 8.051594 1.647986888885498 0.6062798500061035
Cyclist 0.0 0 -1.1278632879257202 531.7140502929688 161.36172485351562 552.1906127929688 203.80157470703125 0.86732244 1.7625742 0.54359925 -2.5230973 0.9271918 30.332245 -1.2108542919158936 0.11841603368520737
Cyclist 0.0 0 -1.4093079566955566 500.9425048828125 176.59988403320312 528.8235473632812 240.84141540527344 0.8648727 1.617752 0.5849449 -2.2576866 1.4955378 18.530598 -1.5305460691452026 0.10625966638326645
