Pedestrian 0.0 0 1.5501562356948853 827.6658935546875 169.5403289794922 847.5050659179688 224.50018310546875 0.5687259 1.6498073 0.5639949 6.891466 1.5506943 22.008432 1.8536134958267212 0.37184852361679077
Pedestrian 0.0 0 -1.6283507347106934 765.7385864257812 166.43014526367188 781.7864379882812 206.42543029785156 0.62677646 1.8353002 0.69000876 7.554236 1.5408806 33.472744 -1.406386137008667 0.36430811882019043
Pedestrian 0.0 0 3.488906145095825 153.35800170898438 145.84786987304688 204.05992126464844 227.49818420410156 0.85516447 1.8608633 0.6229035 -10.097097 1.2457341 16.829275 2.948507070541382 0.34406915307044983
Pedestrian 0.0 0 1.4401835203170776 337.4048156738281 170.8728485107422 359.1529541015625 221.27549743652344 0.9533908 1.8336257 0.6395153 -9.775844 1.76191 26.816963 1.0906150341033936 0.3281030058860779
Pedestrian 0.0 0 -0.22515755891799927 698.5972900390625 182.2281951904297 729.0302734375 253.94671630859375 0.6182586 1.7265052 0.61996937 2.505039 1.9623796 17.789898 -0.08526487648487091 0.16519933938980103
Pedestrian 0.0 0 -1.7419830560684204 283.190673828125 179.13088989257812 306.1757507324219 229.59628295898438 0.8536275 1.5618566 0.53088355 -10.082094 1.7663065 22.955563 -2.155819892883301 0.1365211457014084
Pedestrian 0.0 0 2.7764642238616943 832.4830932617188 143.7276153564453 886.866943359375 213.01422119140625 1.2256666 1.8039973 0.60381943 6.5537395 1.0459994 19.106731 3.1068954467773438 0.13379904627799988
Pedestrian 0.0 0 1.6070367097854614 350.5197448730469 189.6318359375 373.3539123535156 251.8129119873047 0.5589741 1.5090095 0.5215387 -6.2452555 1.9368215 18.036514 1.2737009525299072 0.12142765522003174
Pedestrian 0.0 0 3.164545774459839 287.0299377441406 144.33177185058594 331.8804626464844 214.09432983398438 1.1042405 1.8403554 0.5957754 -8.162804 1.0882891 19.51034 2.7682926654815674 0.11581318080425262
Cyclist 0.0 0 2.1001358032226562 153.89833068847656 145.7056121826172 203.49952697753906 226.66940307617188 0.8466112 1.8414901 0.657037 -10.099848 1.2243685 16.835249 1.5597732067108154 0.17927183210849762
Cyclist 0.0 0 0.7104886770248413 329.30517578125 167.2396240234375 373.0894775390625 216.29034423828125 1.4876589 1.7813083 0.6129636 -9.639304 1.5777763 26.751959 0.36464858055114746 0.16963784396648407
Cyclist 0.0 0 2.031855583190918 365.4104309082031 167.63400268554688 391.9286193847656 200.3540496826172 2.0775707 1.7438209 0.51435214 -12.687979 1.4659778 39.51732 1.7211787700653076 0.16255879402160645
Car 0.0 0 -1.4775409698486328 562.0699462890625 178.30984497070312 592.1613159179688 202.4464569091797 3.6668072 1.4719632 1.6136273 -2.1231248 1.839714 46.715218 -1.5229579210281372 0.5459245443344116
Car 0.0 0 -3.255403518676758 1134.8316650390625 67.04426574707031 1242.0 350.4153137207031 4.1801176 1.5410817 1.6277627 6.9551544 0.9660052 5.9414563 -2.3915648460388184 0.11671039462089539
