Pedestrian 0.0 0 -2.0632519721984863 737.0157470703125 166.3081817626953 834.9476928710938 330.23651123046875 1.0154549 1.8176817 0.7296122 2.1210918 1.6505848 8.5444765 -1.8199293613433838 0.7905502915382385
Pedestrian 0.0 0 -2.4473602771759033 785.4762573242188 169.41407775878906 832.1505126953125 247.27349853515625 0.93792295 1.7403249 0.48931256 4.7432675 1.4713954 16.579039 -2.16870379447937 0.7758567929267883
Pedestrian 0.0 0 2.3124232292175293 315.57421875 176.41262817382812 407.3620910644531 321.0302734375 0.9054324 1.8224807 0.7531069 -3.2423115 1.7597048 9.61623 1.9872230291366577 0.7677637934684753
Pedestrian 0.0 0 -1.4149932861328125 688.400634765625 183.11431884765625 729.6246948242188 280.2481384277344 0.78703725 1.6290859 0.59872514 1.8428396 1.6595525 12.525046 -1.2689090967178345 0.7368679642677307
Pedestrian 0.0 0 0.8578014969825745 706.017578125 173.9365234375 765.1182861328125 287.587890625 0.66418016 1.6856613 0.61094195 2.022826 1.5747892 11.092834 1.0381739139556885 0.713988721370697
Pedestrian 0.0 0 -1.5508151054382324 637.8319091796875 179.50814819335938 668.7567749023438 246.64505004882812 0.9508477 1.6571907 0.7628743 1.2909724 1.6092129 18.236593 -1.4801428318023682 0.6608163714408875
Pedestrian 0.0 0 1.5903284549713135 908.8034057617188 168.44187927246094 975.453369140625 312.5154724121094 0.6998601 1.6706531 0.71114945 4.125193 1.5205812 8.798156 2.02876353263855 0.5854949951171875
Pedestrian 0.0 0 0.20601385831832886 679.6624755859375 190.95152282714844 700.1990966796875 230.7382354736328 0.75572884 1.6780522 0.68073297 3.8012314 2.0920937 30.948704 0.32822537422180176 0.48234617710113525
Pedestrian 0.0 0 0.3735150694847107 668.3367919921875 180.62281799316406 689.3020629882812 223.95077514648438 0.6466618 1.6522083 0.56129867 2.975924 1.6197829 27.787647 0.48020362854003906 0.47860437631607056
Pedestrian 0.0 0 -1.8303627967834473 772.063720703125 174.1572723388672 824.0020141601562 266.0115661621094 0.7442256 1.6825951 0.77575624 3.6499827 1.5493563 13.529547 -1.5668573379516602 0.46349817514419556
Pedestrian 0.0 0 1.5169353485107422 244.3755340576172 180.99253845214844 302.8902587890625 315.26934814453125 0.7550631 1.7595816 0.6909901 -4.5739207 1.7542613 9.905797 1.084359884262085 0.43088698387145996
Pedestrian 0.0 0 1.6585748195648193 733.44189453125 180.60995483398438 763.978271484375 275.1515197753906 0.6800787 1.5447044 0.44967917 2.449695 1.531452 12.12398 1.857944369316101 0.42710182070732117
Pedestrian 0.0 0 0.4526677131652832 390.1061096191406 176.91546630859375 470.4696350097656 287.81536865234375 1.11667 1.7987475 0.72316515 -2.9177086 1.7256798 12.121521 0.21645641326904297 0.3664848506450653
Pedestrian 0.0 0 -0.5311515927314758 735.397216796875 171.07054138183594 776.0130004882812 252.60484313964844 0.61602634 1.7451276 0.67220604 3.348318 1.5231279 15.78868 -0.32217687368392944 0.32124829292297363
Pedestrian 0.0 0 -2.596771717071533 149.15560913085938 147.4296417236328 185.50682067871094 214.20379638671875 0.6625542 1.848336 0.59491783 -12.218856 0.9064064 20.17876 -3.1412479877471924 0.3048156201839447
Pedestrian 0.0 0 0.03353951871395111 737.5339965820312 177.50608825683594 821.4664916992188 317.134033203125 1.0348171 1.7464652 0.7413955 2.306806 1.6978462 9.4784975 0.27227091789245605 0.27223193645477295
Cyclist 0.0 0 -1.2308803796768188 155.74111938476562 191.1200408935547 200.12672424316406 266.3038024902344 1.6592091 1.6733738 0.379123 -10.06419 1.9143667 17.053404 -1.764031171798706 0.3408202528953552
Cyclist 0.0 0 -1.9038244485855103 772.1168212890625 173.7219696044922 823.7654418945312 268.5537109375 0.7884588 1.7320124 0.71769315 3.6501143 1.5912204 13.535335 -1.640417456626892 0.1136588379740715
Cyclist 0.0 0 0.03353951871395111 737.5339965820312 177.50608825683594 821.4664916992188 317.134033203125 1.0348171 1.7464652 0.7413955 2.306806 1.697846 9.4784975 0.27227091789245605 0.10099564492702484
Car 0.0 0 1.6929594278335571 547.9788208007812 186.69882202148438 597.7284545898438 223.11358642578125 4.098427 1.4360955 1.6602156 -1.1813984 1.6769687 31.039759 1.6549170017242432 0.9615286588668823
