Car 0.0 0 -1.6800364255905151 662.3329467773438 176.86277770996094 717.4840698242188 221.10060119628906 3.5316415 1.4278331 1.5354375 2.6987438 1.5790097 25.374645 -1.5740787982940674 0.9638736844062805
Car 0.0 0 -1.8340458869934082 716.520751953125 175.265380859375 871.4317016601562 283.11871337890625 3.3564732 1.4674345 1.537252 2.7264023 1.5122328 11.592648 -1.6030597686767578 0.9576237797737122
Car 0.0 0 -0.17983195185661316 708.243408203125 171.45608520507812 813.2122192382812 212.4105224609375 4.1116257 1.6834661 1.6804198 6.2753534 1.626362 30.543533 0.02280426025390625 0.9265062808990479
Car 0.0 0 0.5822896361351013 0.0 177.5784454345703 350.6787109375 292.397216796875 4.380356 1.4777603 1.6031519 -6.21092 1.5509499 10.238362 0.037007808685302734 0.9168609976768494
Car 0.0 0 0.5234283208847046 126.55414581298828 180.37896728515625 390.45916748046875 271.446044921875 4.0178914 1.4992578 1.5745119 -6.252295 1.6445863 12.964152 0.07406044006347656 0.9135259985923767
Car 0.0 0 -2.841708183288574 313.91802978515625 177.47816467285156 472.89361572265625 235.93185424804688 4.067865 1.5989293 1.6392826 -6.175877 1.7373939 20.706938 -3.1315600872039795 0.7858651876449585
Car 0.0 0 3.5237319469451904 175.71290588378906 147.2938232421875 383.2519226074219 229.6311798095703 3.6494272 1.6423984 1.6447781 -6.926368 1.1329026 15.290323 3.0983941555023193 0.7447493076324463
Car 0.0 0 -2.420416831970215 907.6136474609375 204.77005004882812 1242.0 375.0 3.7776492 1.5509167 1.6383818 2.7594514 1.7578796 2.7338138 -1.6303516626358032 0.7366095185279846
Car 0.0 0 0.3110269010066986 383.4491882324219 170.6118621826172 499.7146301269531 214.09593200683594 4.054124 1.6133349 1.6145371 -6.4666085 1.5305061 27.738125 0.08198714256286621 0.7080230116844177
Car 0.0 0 3.724607229232788 0.0 168.048583984375 204.91818237304688 375.0 3.9000602 1.5210246 1.5687908 -5.56247 1.4923358 5.524931 2.935823440551758 0.6699024438858032
