Pedestrian 0.0 0 1.401923656463623 729.0842895507812 176.333984375 754.6246948242188 233.55844116210938 1.6477617 1.8334982 0.5637137 4.3342957 1.9538139 24.042698 1.5802829265594482 0.12218385934829712
Pedestrian 0.0 0 -0.22806623578071594 936.4454956054688 150.4597625732422 1048.404052734375 327.8971252441406 0.9326934 1.7662864 0.5560416 3.925774 1.5437227 7.5647407 0.25063157081604004 0.11785018444061279
Pedestrian 0.0 0 -0.7693603038787842 71.08721160888672 195.3028106689453 114.75563049316406 250.4017791748047 1.0400239 1.7758398 0.64452726 -17.436766 2.5495558 24.285103 -1.3920665979385376 0.1172439306974411
Pedestrian 0.0 0 2.7017385959625244 899.6181640625 177.27870178222656 1002.3670043945312 331.8562927246094 0.8938723 1.6924815 0.57959884 3.8043504 1.7449741 8.206535 3.13582444190979 0.11668537557125092
Cyclist 0.0 0 -1.56216299533844 919.0767211914062 164.46551513671875 976.8199462890625 325.8420104980469 1.816989 1.7574512 0.5782978 4.0665402 1.6664554 8.800005 -1.1292870044708252 0.31115493178367615
Car 0.0 0 1.9717276096343994 240.36033630371094 188.3816375732422 367.62725830078125 247.95216369628906 4.176958 1.3331846 1.6210011 -8.063125 1.79462 19.329489 1.5765323638916016 0.9531301259994507
Car 0.0 0 1.7905750274658203 442.0506591796875 179.48301696777344 487.8897399902344 207.295654296875 4.2452054 1.4792202 1.7022469 -8.316573 1.8808589 41.53387 1.5929526090621948 0.8788272142410278
Car 0.0 0 2.7464141845703125 59.853092193603516 192.80154418945312 190.34274291992188 239.51815795898438 3.5461698 1.4450203 1.589302 -17.337362 2.2136407 25.869646 2.15598201751709 0.1849556565284729
Car 0.0 0 -2.254136562347412 676.856689453125 179.97557067871094 745.3215942382812 210.45162963867188 3.7849777 1.5115945 1.6091517 5.339273 1.9147353 38.771137 -2.1172847747802734 0.16210854053497314
Car 0.0 0 1.2067664861679077 635.4064331054688 178.45083618164062 701.1798095703125 214.2359619140625 4.0115156 1.4588252 1.59141 2.4867418 1.7258971 32.2328 1.2837634086608887 0.1391855776309967
