Pedestrian 0.0 0 -1.6485496759414673 439.4985656738281 177.69224548339844 465.4940185546875 241.4656524658203 0.97667485 1.8264537 0.67379093 -4.706447 1.9735328 21.312878 -1.8658881187438965 0.5228159427642822
Pedestrian 0.0 0 1.4995613098144531 627.9618530273438 166.9950714111328 642.6849365234375 202.1073760986328 1.3200722 1.7499689 0.6524219 1.2415941 1.4583223 36.629875 1.5334440469741821 0.15008659660816193
Cyclist 0.0 0 1.4995613098144531 627.9618530273438 166.9950714111328 642.6849365234375 202.1073760986328 1.3200722 1.7499689 0.6524219 1.2415941 1.4583223 36.629875 1.5334440469741821 0.34601008892059326
Cyclist 0.0 0 -1.6296623945236206 441.4418640136719 177.2449493408203 467.09857177734375 240.69471740722656 1.0027502 1.8151567 0.6795709 -4.65005 1.9486071 21.292953 -1.8446712493896484 0.10366439074277878
Car 0.0 0 1.8493220806121826 316.76202392578125 187.46502685546875 475.56317138671875 281.99432373046875 4.2669497 1.4363365 1.7564764 -3.8947399 1.7585709 13.756758 1.5734275579452515 0.9594230651855469
Car 0.0 0 -1.7518864870071411 704.5968017578125 182.5686492919922 830.1837768554688 281.0516052246094 3.3998988 1.4706907 1.5465987 2.596858 1.6668319 12.824587 -1.5520973205566406 0.9484171867370605
Car 0.0 0 -2.0962367057800293 835.5419311523438 187.9327850341797 1242.0 375.0 4.280052 1.4625561 1.678187 2.8683414 1.605853 4.6769595 -1.5461009740829468 0.9108570218086243
Car 0.0 0 -1.655038833618164 648.446044921875 176.7772216796875 712.134765625 227.74200439453125 4.2665696 1.489399 1.6896175 2.1547728 1.6294628 23.552006 -1.5638028383255005 0.907069206237793
Car 0.0 0 3.324570417404175 399.8702392578125 172.854248046875 501.5133056640625 213.6045379638672 3.9519641 1.6686845 1.6597928 -6.699484 1.6690531 30.439465 3.1079323291778564 0.8892319798469543
Car 0.0 0 -0.9321975708007812 0.0 190.15675354003906 327.9538879394531 375.0 4.1274753 1.4961362 1.6641884 -3.188513 1.6422589 3.9830556 -1.6072551012039185 0.8594474792480469
Car 0.0 0 -1.5673458576202393 542.1425170898438 179.6130828857422 559.3795166015625 196.9676971435547 3.373802 1.5474224 1.5656573 -5.550094 2.1958334 67.43415 -1.649464726448059 0.28320035338401794
