Pedestrian 0.0 0 -1.7953953742980957 751.7374877929688 160.7416534423828 769.5735473632812 197.468994140625 0.9123102 1.8873211 0.7220409 7.796041 1.2652577 37.538403 -1.5906245708465576 0.29945698380470276
Pedestrian 0.0 0 1.1084073781967163 954.5615234375 139.48048400878906 982.937744140625 193.02593994140625 0.7120759 1.9002206 0.6656153 12.857767 0.7162198 25.960056 1.5682802200317383 0.258077472448349
Pedestrian 0.0 0 -2.421853542327881 313.7108459472656 180.88259887695312 332.07354736328125 213.09764099121094 0.603447 1.6764324 0.6817152 -15.226089 2.1063206 38.177563 -2.801344871520996 0.2189251184463501
Pedestrian 0.0 0 2.611910820007324 987.9443969726562 126.73644256591797 1043.6251220703125 206.21188354492188 0.9101245 1.8727598 0.7588558 9.716887 0.7864033 17.388067 3.121504068374634 0.2005281299352646
Pedestrian 0.0 0 -1.552049994468689 482.1420593261719 160.12937927246094 496.85711669921875 193.59176635742188 0.78730094 1.7767823 0.76616687 -6.5043855 1.10149 38.75508 -1.71833336353302 0.1886865198612213
Pedestrian 0.0 0 -1.9442777633666992 689.6884155273438 169.45706176757812 702.6395874023438 194.481689453125 0.5411319 1.7036545 0.7346661 5.87716 1.4727516 49.47345 -1.8260376453399658 0.15725009143352509
Cyclist 0.0 0 3.129159688949585 329.40283203125 177.20526123046875 362.99462890625 209.05905151367188 1.8147186 1.8101689 0.60188365 -15.303495 2.066078 41.769375 2.7779669761657715 0.5952431559562683
Car 0.0 0 -1.5030437707901 586.200927734375 172.24884033203125 620.0189208984375 200.57583618164062 4.0094886 1.5010095 1.6215483 -0.37411645 1.4693006 40.27928 -1.5123316049575806 0.726445198059082
Car 0.0 0 1.7826614379882812 398.4049072265625 164.2747039794922 462.706298828125 205.319580078125 4.133944 1.522669 1.660002 -7.126072 1.204755 28.85575 1.540550708770752 0.245771124958992
Car 0.0 0 -0.6760525107383728 1024.96923828125 158.91839599609375 1099.6475830078125 181.1216278076172 4.174672 1.4795456 1.6863921 30.757374 0.5512837 49.159058 -0.11697113513946533 0.22815193235874176
Car 0.0 0 -0.8412611484527588 0.0 179.0379638671875 123.3791275024414 375.0 4.092926 1.4410723 1.5722957 -6.780144 1.5181998 6.872057 -1.619926929473877 0.1525031477212906
