Pedestrian 0.0 0 -1.8500568866729736 968.306396484375 140.81944274902344 1076.8070068359375 350.9078674316406 0.6357444 1.7889143 0.7003454 3.650481 1.5164963 6.5306406 -1.3403472900390625 0.22690321505069733
Pedestrian 0.0 0 2.5357465744018555 474.97149658203125 173.30743408203125 502.07476806640625 203.78741455078125 1.5313545 1.7360276 0.51203597 -7.071055 1.7631271 41.832794 2.368298053741455 0.17783379554748535
Pedestrian 0.0 0 1.6110100746154785 296.5121154785156 140.014404296875 330.8664855957031 209.71958923339844 1.2236091 1.8416668 0.82509816 -8.153649 0.9743764 19.777178 1.2199662923812866 0.16304230690002441
Cyclist 0.0 0 2.2800610065460205 475.1871643066406 173.8270721435547 500.1425476074219 204.4499053955078 1.6027066 1.7378182 0.5050925 -7.114416 1.7956709 41.81282 2.111525774002075 0.28269079327583313
Car 0.0 0 1.8148409128189087 384.68817138671875 174.7961883544922 494.56292724609375 258.7763366699219 4.048573 1.7809583 1.6366733 -4.0129323 1.8337322 17.431639 1.5885733366012573 0.9750769138336182
Car 0.0 0 1.9524035453796387 138.96536254882812 193.3636932373047 435.7989196777344 361.27154541015625 4.5012484 1.4720377 1.7487408 -3.6721637 1.7958359 9.1244755 1.5697851181030273 0.9730746746063232
Car 0.0 0 1.6473435163497925 510.1756286621094 173.69467163085938 550.7238159179688 207.88916015625 3.8146453 1.5385203 1.6405321 -3.7873046 1.5813179 34.48982 1.537972331047058 0.8557435274124146
Car 0.0 0 -1.6254162788391113 557.3466796875 168.0037078857422 578.2063598632812 186.1961212158203 3.584754 1.503345 1.576726 -3.645359 1.1028949 61.49248 -1.6846283674240112 0.3070734441280365
Car 0.0 0 1.9228962659835815 372.80474853515625 167.41262817382812 426.8489074707031 195.7033233642578 3.767327 1.4234328 1.5451387 -11.10586 1.1500108 38.233788 1.6402031183242798 0.2068062275648117
Car 0.0 0 1.5356521606445312 524.394775390625 170.60452270507812 556.20751953125 200.65377807617188 3.8387659 1.6060745 1.6377572 -3.9941492 1.4862022 40.57322 1.4375252723693848 0.13718143105506897
