Cyclist 0.0 0 1.7700681686401367 450.7167053222656 174.33311462402344 488.8468017578125 254.32315063476562 1.7905959 1.8189338 0.5594642 -3.39489 1.8566717 17.334766 1.5766730308532715 0.9298868775367737
Car 0.0 0 -1.7111164331436157 628.0536499023438 180.6915740966797 687.74658203125 221.7183380126953 4.1453385 1.3817977 1.6656526 1.6829042 1.7012846 27.245058 -1.6494256258010864 0.9623331427574158
Car 0.0 0 3.458667755126953 286.3462219238281 183.66099548339844 444.34967041015625 236.50567626953125 4.113178 1.472667 1.6128176 -7.1678348 1.8038845 21.264456 3.1335484981536865 0.9459452033042908
Car 0.0 0 -0.5319446325302124 800.2715454101562 189.63771057128906 1106.25830078125 291.718994140625 4.235407 1.4581708 1.6289481 5.3703227 1.7536739 11.662971 -0.10042691230773926 0.9377809166908264
Car 0.0 0 2.483180046081543 889.6482543945312 182.02972412109375 1242.0 336.5336608886719 4.0532928 1.6461703 1.606305 5.6772866 1.7704328 8.770353 3.057673931121826 0.9147694706916809
Car 0.0 0 3.8401036262512207 0.0 179.07162475585938 188.5624542236328 349.7126159667969 4.11484 1.5635619 1.6838945 -7.070841 1.6377308 7.6200705 3.092073678970337 0.9058723449707031
Car 0.0 0 -0.437491238117218 788.2364501953125 172.30487060546875 1034.9168701171875 266.6658630371094 4.1198716 1.7159455 1.663886 5.701364 1.7063178 14.056572 -0.05216547101736069 0.8753355741500854
Car 0.0 0 -0.8605900406837463 1055.9713134765625 181.48239135742188 1242.0 375.0 4.143524 1.4697273 1.6495628 6.378845 1.5568757 6.2908516 -0.0682467594742775 0.8672837018966675
Car 0.0 0 -1.7031904458999634 613.7335205078125 179.68328857421875 647.4248657226562 206.60870361328125 3.376343 1.4785597 1.5336106 1.1343741 1.8956925 42.271336 -1.676361322402954 0.8121805787086487
Car 0.0 0 3.4181265830993652 333.81951904296875 183.00439453125 466.4257507324219 230.64503479003906 3.934835 1.4998257 1.5387825 -6.9046435 1.8463694 23.825516 3.1360533237457275 0.6729788780212402
