Pedestrian 0.0 0 -3.1848368644714355 803.8886108398438 166.36529541015625 849.0823974609375 234.27511596679688 1.12317 1.7629287 0.55646425 5.680954 1.5948409 19.13458 -2.8962314128875732 0.5223056077957153
Pedestrian 0.0 0 -0.8707015514373779 748.8759765625 171.55947875976562 777.1099853515625 227.74974060058594 0.6090421 1.6803559 0.588068 4.6168323 1.6420016 21.99388 -0.6637913584709167 0.4550061523914337
Pedestrian 0.0 0 1.3511664867401123 37.19232177734375 170.51344299316406 78.18673706054688 258.2152099609375 0.59578294 1.8437706 0.5865006 -11.979139 1.7949225 15.582302 0.695763111114502 0.3401413857936859
Car 0.0 0 -1.7610098123550415 571.98486328125 180.17208862304688 669.959228515625 255.83140563964844 3.7364063 1.5911486 1.6732124 0.10344895 1.7896776 17.54634 -1.7551140785217285 0.9669960737228394
Car 0.0 0 -1.4955779314041138 354.62615966796875 182.39195251464844 411.23504638671875 230.69566345214844 4.084391 1.5443915 1.6482607 -8.17364 1.9185815 26.101574 -1.7990524768829346 0.9293855428695679
Car 0.0 0 -1.734513521194458 548.9497680664062 179.15345764160156 615.430419921875 235.1653594970703 3.6852584 1.6670407 1.6008198 -1.041338 1.8931113 23.882406 -1.7780886888504028 0.9183574914932251
Car 0.0 0 -1.7169427871704102 528.2559204101562 180.912353515625 584.5220947265625 223.0772247314453 3.894668 1.4878886 1.6379908 -2.214951 1.8279624 28.334408 -1.794955849647522 0.8746171593666077
Car 0.0 0 -1.5801706314086914 511.3948974609375 178.6161346435547 539.6295776367188 206.0402069091797 3.4341342 1.4619031 1.5282733 -4.855509 1.8042176 41.017063 -1.6980000734329224 0.8731407523155212
Car 0.0 0 1.818790078163147 0.0 129.27932739257812 329.15301513671875 375.0 4.5355897 2.031569 1.7733147 -4.1865497 1.7250284 7.4989204 1.3096067905426025 0.8650272488594055
Car 0.0 0 -1.5769906044006348 486.673828125 177.67153930664062 504.3516540527344 194.96774291992188 3.2576482 1.5016168 1.5423794 -10.398012 1.9498076 65.337746 -1.7348096370697021 0.5206755995750427
