Pedestrian 0.0 0 -1.384026288986206 1002.750732421875 133.2536163330078 1075.449951171875 281.4020080566406 0.8328927 1.7026317 0.6220792 5.1907115 1.2478724 8.807914 -0.8514940738677979 0.5462157130241394
Pedestrian 0.0 0 -2.1100540161132812 553.321533203125 155.2281036376953 569.91015625 195.1556396484375 0.4606416 1.9160583 0.65999675 -2.3856683 1.070578 35.000145 -2.178110361099243 0.4836154580116272
Pedestrian 0.0 0 -3.2223024368286133 838.64404296875 147.4091339111328 885.7138061523438 244.62269592285156 0.76001775 1.7037716 0.48908374 4.47278 1.2581809 12.974321 -2.890320301055908 0.3797247111797333
Pedestrian 0.0 0 -1.3254221677780151 1086.3355712890625 135.41856384277344 1170.447021484375 296.9283142089844 0.785219 1.792061 0.6357277 6.054829 1.3770471 8.499856 -0.7064589858055115 0.3389328718185425
Pedestrian 0.0 0 -1.220758080482483 541.4722290039062 163.44342041015625 565.8639526367188 212.16510009765625 1.0957563 1.7062778 0.5299202 -2.055867 1.3770686 25.864943 -1.3000760078430176 0.3040063679218292
Pedestrian 0.0 0 0.14869660139083862 852.7683715820312 142.33493041992188 907.3212890625 251.85223388671875 0.78426737 1.7633822 0.52899086 4.454706 1.2723402 12.03583 0.5031824111938477 0.303268700838089
Pedestrian 0.0 0 2.5119166374206543 902.8953857421875 148.56007385253906 982.9025268554688 287.7797546386719 0.6845183 1.7312691 0.6599527 4.2525477 1.4295194 9.36224 2.938277244567871 0.19313307106494904
Pedestrian 0.0 0 1.2448153495788574 866.51123046875 133.13929748535156 921.91015625 251.5091552734375 0.74542993 1.7438226 0.5752595 4.2707357 1.1591041 11.01194 1.6147844791412354 0.18143703043460846
Pedestrian 0.0 0 -2.0894997119903564 968.5194091796875 135.64393615722656 995.6279907226562 190.8179168701172 0.5874645 1.9521862 0.65744734 13.27433 0.6359638 25.834898 -1.6148622035980225 0.15163512527942657
Cyclist 0.0 0 -1.2123799324035645 540.32373046875 163.57553100585938 566.815185546875 211.9605255126953 1.2616866 1.690007 0.54117334 -2.0585597 1.3662837 25.880333 -1.2917542457580566 0.17913956940174103
Car 0.0 0 1.350175142288208 608.8323974609375 163.87193298339844 649.39697265625 191.2442169189453 3.9130127 1.5673692 1.6126627 1.066654 1.0534036 43.389458 1.374753475189209 0.8764752745628357
Car 0.0 0 -1.3776969909667969 569.1329956054688 168.8529815673828 613.7471923828125 200.98080444335938 3.9473355 1.6519431 1.6966966 -0.98814976 1.4465773 39.184837 -1.402909278869629 0.2720135450363159
Car 0.0 0 -1.620448350906372 724.6646728515625 160.2622528076172 746.7130737304688 179.84451293945312 4.043926 1.6097387 1.6444104 10.644621 0.5750059 61.417465 -1.4488372802734375 0.18770822882652283
