Pedestrian 0.0 0 -1.0194575786590576 295.4824523925781 152.63137817382812 316.5791015625 192.0560302734375 0.6540977 1.8987682 0.7094663 -14.832993 0.92516524 35.12484 -1.4190335273742676 0.15534313023090363
Pedestrian 0.0 0 -2.2982726097106934 228.27252197265625 152.33056640625 246.3737335205078 189.49757385253906 0.47034135 1.9035859 0.69679916 -19.332912 0.8527936 37.36177 -2.7757837772369385 0.11563476920127869
Pedestrian 0.0 0 0.07747429609298706 335.3866882324219 164.93467712402344 362.1925964355469 240.11080932617188 0.50912315 1.6148856 0.6291969 -5.7888913 1.4451255 15.868342 -0.27233076095581055 0.10617895424365997
Car 0.0 0 -1.6109492778778076 577.9703369140625 163.0461883544922 606.5264892578125 190.48561096191406 3.034333 1.5170536 1.513272 -1.0834103 0.9751637 41.453144 -1.637079119682312 0.7232401371002197
Car 0.0 0 -1.5718870162963867 542.6466064453125 164.55413818359375 567.1503295898438 188.1433563232422 3.8889804 1.5850981 1.6440152 -3.888023 1.0277392 50.484188 -1.6487499475479126 0.2139485627412796
Car 0.0 0 -1.5624339580535889 696.052734375 165.16754150390625 728.0325317382812 193.44151306152344 4.0437455 1.4793367 1.6620371 5.6156654 1.0775275 39.87165 -1.4225107431411743 0.16914691030979156
Car 0.0 0 1.9088274240493774 305.1676025390625 173.6597442626953 365.1341857910156 205.4063262939453 3.980735 1.5211824 1.6195554 -13.928167 1.5647508 36.682636 1.5459480285644531 0.14291386306285858
Car 0.0 0 -2.893604040145874 1142.2086181640625 173.46958923339844 1242.0 207.33843994140625 3.995073 1.5714345 1.609257 28.912813 1.6039717 35.632683 -2.211942672729492 0.133927583694458
Car 0.0 0 1.611425518989563 212.74166870117188 189.59474182128906 247.8209228515625 218.2987518310547 3.415404 1.4889411 1.6510992 -21.847727 2.497024 41.53418 1.127180814743042 0.13373753428459167
Car 0.0 0 -1.8309805393218994 600.50537109375 177.33103942871094 635.9147338867188 199.80227661132812 3.7010283 1.4829073 1.567292 0.5051045 1.8082803 50.391117 -1.8209571838378906 0.11478728801012039
Car 0.0 0 2.0267202854156494 209.71688842773438 182.16197204589844 295.3233642578125 221.93284606933594 3.6366057 1.3790485 1.4923366 -13.654271 1.7601037 27.6883 1.5685738325119019 0.1040700376033783
