Pedestrian 0.0 0 -0.10885879397392273 656.01318359375 156.16796875 670.4689331054688 189.11000061035156 0.7979697 1.9404217 0.5626507 3.1215408 0.9579033 42.79433 -0.036044891923666 0.3666437566280365
Cyclist 0.0 0 -1.646973967552185 518.0125122070312 175.0242156982422 530.2124633789062 207.39108276367188 1.6769489 1.8142625 0.56725067 -4.9737597 1.9419014 41.43695 -1.7664344310760498 0.40012291073799133
Car 0.0 0 -1.7461451292037964 691.3330078125 164.46014404296875 802.1514892578125 246.6995849609375 4.3048983 1.6101832 1.6787151 2.8702085 1.4461961 16.277523 -1.5716097354888916 0.9381871223449707
Car 0.0 0 -1.7770181894302368 635.0990600585938 172.961181640625 687.3897094726562 212.34971618652344 3.4114609 1.5694803 1.5311009 2.0715008 1.5746436 30.5526 -1.7093206644058228 0.9197479486465454
Car 0.0 0 -1.602752923965454 460.49639892578125 181.6904754638672 498.1913146972656 216.71673583984375 3.5614781 1.4641306 1.5747392 -6.061919 1.8923583 33.02761 -1.784273624420166 0.8959440588951111
Car 0.0 0 -1.7744220495224 571.59765625 177.08641052246094 605.6126098632812 202.28759765625 3.5544646 1.6294442 1.6278094 -1.5253767 1.9297351 49.21193 -1.805408239364624 0.8952696919441223
Car 0.0 0 1.3923090696334839 673.8916015625 176.01844787597656 753.1690673828125 232.87130737304688 4.011269 1.5099903 1.6159146 2.9198587 1.613271 21.426502 1.5277479887008667 0.6939295530319214
Car 0.0 0 -1.7774730920791626 547.925537109375 177.5515594482422 576.81787109375 197.91297912597656 3.869998 1.595958 1.6162131 -3.9903371 1.9978718 59.594185 -1.8443317413330078 0.6922901272773743
Car 0.0 0 -1.7967565059661865 607.5979614257812 174.0249481201172 650.4127197265625 203.6586151123047 3.3703206 1.4506396 1.4847115 0.89984953 1.5143906 37.260246 -1.7726107835769653 0.6603484153747559
Car 0.0 0 -2.401522159576416 0.0 0.0 1242.0 375.0 3.7063124 1.5158387 1.5825523 2.7487738 1.5370437 1.6223233 -1.3639073371887207 0.5230176448822021
