Pedestrian 0.0 0 1.715092658996582 915.7672729492188 135.8050994873047 934.126953125 183.80078125 0.47603923 1.9189196 0.6197455 12.709973 0.43802273 29.210651 2.1254990100860596 0.2566969096660614
Pedestrian 0.0 0 3.455758571624756 268.0037536621094 152.63136291503906 310.9998474121094 237.92323303222656 0.69426113 1.7884058 0.59159476 -6.907756 1.3647339 15.457401 3.035494089126587 0.1272365301847458
Cyclist 0.0 0 3.5235376358032227 141.31887817382812 151.35342407226562 217.9868927001953 257.3963928222656 1.0749321 1.870482 0.5255955 -7.829619 1.4915932 13.068398 2.9837608337402344 0.15592215955257416
Cyclist 0.0 0 1.8775397539138794 459.28057861328125 173.9833984375 475.4945983886719 202.68704223632812 1.4935802 1.6610906 0.5134082 -8.443153 1.7293141 42.58417 1.6818084716796875 0.12021244317293167
Car 0.0 0 -0.3537220358848572 718.636474609375 182.6869354248047 976.3305053710938 265.34320068359375 4.282817 1.41664 1.6065037 4.261901 1.6130987 13.4829235 -0.0475643128156662 0.9714691638946533
Car 0.0 0 -3.212569236755371 650.04736328125 177.59852600097656 735.8775024414062 208.34117126464844 4.0991116 1.4673733 1.6238316 4.0032225 1.7077812 35.60837 -3.1006157398223877 0.8427175879478455
Car 0.0 0 0.11473897099494934 851.27587890625 178.69082641601562 923.75048828125 203.31788635253906 4.1325097 1.4796555 1.7234589 17.60739 1.8651292 45.88454 0.4811434745788574 0.18584617972373962
Car 0.0 0 -1.2768999338150024 647.8067626953125 175.4517059326172 692.1448364257812 203.26510620117188 3.4484594 1.4871006 1.5695249 3.3988419 1.6412466 40.821205 -1.193829894065857 0.17912821471691132
Car 0.0 0 -3.0970890522003174 644.4016723632812 174.19802856445312 702.9251708984375 198.6161651611328 3.823821 1.5902185 1.611246 4.2406917 1.6822358 48.153564 -3.009249687194824 0.17624257504940033
Car 0.0 0 1.6729296445846558 766.2828979492188 187.3804473876953 847.9180908203125 254.19204711914062 4.3133216 1.4661884 1.6507672 5.279083 1.8985264 19.144793 1.941988468170166 0.14342951774597168
