Pedestrian 0.0 0 3.0047781467437744 444.33990478515625 164.98880004882812 484.2296142578125 242.6035919189453 0.88302594 1.8685919 0.6659558 -3.521779 1.4967576 17.477203 2.805933952331543 0.6194698810577393
Pedestrian 0.0 0 1.8565627336502075 410.5577697753906 168.3011016845703 432.43560791015625 213.75070190429688 0.6767444 1.8459053 0.70962965 -7.5611567 1.3519471 29.060644 1.6020209789276123 0.6153399348258972
Pedestrian 0.0 0 1.7135714292526245 717.2023315429688 129.14968872070312 755.9036865234375 224.8884735107422 0.8726606 1.8290118 0.6395056 2.5754116 0.8496396 14.018124 1.8952654600143433 0.23872436583042145
Pedestrian 0.0 0 -1.6303001642227173 626.6607055664062 147.64520263671875 644.454345703125 196.8950958251953 0.7634536 1.8511294 0.63184917 1.1351161 0.6177455 26.957682 -1.5882177352905273 0.1956460326910019
Pedestrian 0.0 0 1.4617438316345215 700.4201049804688 129.50350952148438 739.6688842773438 220.47918701171875 0.81855434 1.886594 0.7384846 2.402462 0.8306854 15.084176 1.619687557220459 0.18199338018894196
Pedestrian 0.0 0 0.19643738865852356 793.4756469726562 115.15052795410156 851.11083984375 249.98443603515625 0.67847383 1.8257892 0.59076756 3.0281968 0.9425612 9.9895935 0.4907679557800293 0.159690722823143
Pedestrian 0.0 0 1.6277709007263184 659.159912109375 145.6979217529297 684.656494140625 208.95970153808594 1.0289879 1.840337 0.70342386 1.974745 0.8294837 21.124992 1.72097909450531 0.13935789465904236
Pedestrian 0.0 0 -0.07738447189331055 429.4786071777344 178.90966796875 441.641845703125 206.3986053466797 0.7232447 1.7567822 0.5238983 -10.917532 1.6564838 45.542084 -0.31266850233078003 0.12835778295993805
Pedestrian 0.0 0 0.38403600454330444 380.9775085449219 188.4954376220703 426.04803466796875 262.9176330566406 0.85821706 1.6945834 0.5793031 -4.734327 1.8865774 16.49877 0.10459399223327637 0.11814607679843903
Pedestrian 0.0 0 1.4647191762924194 691.93115234375 137.07603454589844 726.1672973632812 220.59658813476562 0.87315017 1.8847568 0.69383323 2.3640857 0.9064458 16.399704 1.6078870296478271 0.11796847730875015
Pedestrian 0.0 0 -2.0778770446777344 399.8631896972656 178.89779663085938 418.2845458984375 215.47181701660156 0.5617313 1.7352101 0.66386235 -9.431362 1.6606423 33.973145 -2.348670244216919 0.11779145151376724
Car 0.0 0 -1.6510289907455444 551.4203491210938 165.32720947265625 592.2272338867188 200.75543212890625 3.9574428 1.6150782 1.6530977 -1.6789322 0.92485046 34.2962 -1.6999437808990479 0.6711903214454651
Car 0.0 0 -1.6167391538619995 545.4904174804688 171.61009216308594 578.6101684570312 201.6433868408203 4.131073 1.5845461 1.6455673 -2.4513702 1.116929 39.44088 -1.6788123846054077 0.41117337346076965
Car 0.0 0 1.7788114547729492 409.98455810546875 172.0530548095703 448.60931396484375 198.34902954101562 3.582873 1.5025209 1.532804 -10.44695 1.021256 42.21186 1.5361979007720947 0.15125809609889984
