Pedestrian 0.0 0 0.9255061149597168 1128.1104736328125 107.09431457519531 1208.83251953125 233.387451171875 0.83920425 1.7969823 0.5494975 8.196047 0.86166775 10.68583 1.5797996520996094 0.6508395075798035
Car 0.0 0 1.8405845165252686 313.27301025390625 192.40386962890625 476.7547302246094 294.9571228027344 4.3468165 1.4731264 1.7622532 -3.7897735 1.8948963 13.371548 1.5644066333770752 0.9823089241981506
Car 0.0 0 2.0638391971588135 92.86921691894531 203.3324737548828 322.86077880859375 314.0260009765625 4.3017325 1.4473624 1.669536 -6.8279204 2.078161 12.769566 1.5728164911270142 0.9583408832550049
Car 0.0 0 1.7755122184753418 433.4969177246094 188.6312713623047 508.06103515625 244.76553344726562 3.5111072 1.4668741 1.5071326 -4.1273475 1.9785327 21.613035 1.5868184566497803 0.9344266653060913
Car 0.0 0 -1.5928914546966553 641.8638305664062 177.44056701660156 677.9467163085938 210.8736572265625 3.8920953 1.4713811 1.612208 2.2824101 1.7022164 34.275066 -1.5263986587524414 0.8713518381118774
Car 0.0 0 2.796322822570801 760.5107421875 165.126953125 886.2535400390625 205.35853576660156 4.2256584 1.4602149 1.6491383 7.9226527 1.1801174 27.13792 3.080368995666504 0.7631925940513611
Car 0.0 0 1.6633838415145874 490.9700622558594 183.305419921875 518.78662109375 207.23269653320312 3.8475726 1.524115 1.5462184 -7.2231197 2.271842 49.632324 1.5188658237457275 0.6358710527420044
Car 0.0 0 1.7850377559661865 447.7816162109375 179.35060119628906 497.3960266113281 211.03509521484375 4.509971 1.4977387 1.5968673 -7.06692 1.8545783 37.31367 1.5978624820709229 0.5733257532119751
Car 0.0 0 -0.09970006346702576 716.9380493164062 172.79063415527344 802.4717407226562 202.6240692138672 4.070749 1.4598304 1.6133244 7.437535 1.4570878 36.31437 0.10231590270996094 0.5030682682991028
Car 0.0 0 -3.353630542755127 742.43798828125 156.73049926757812 852.1865234375 199.5020294189453 4.2059007 1.744806 1.6799393 7.7687726 1.0874277 30.351776 -3.1030523777008057 0.4893127679824829
