Pedestrian 0.0 0 0.662826657295227 0.0 206.47821044921875 28.33429718017578 269.6973571777344 0.8711123 1.7489531 0.681626 -17.442688 2.7304785 20.695095 -0.03749692812561989 0.1726314127445221
Pedestrian 0.0 0 -0.5050325989723206 996.5075073242188 225.87493896484375 1099.249755859375 375.0 0.87843096 1.8019996 0.5524329 5.0929594 2.449554 8.513639 0.03407096862792969 0.1669352799654007
Pedestrian 0.0 0 -1.1155965328216553 94.57463836669922 186.40110778808594 143.294921875 269.0094909667969 0.74701077 1.7434574 0.616134 -10.774261 2.0478177 15.774969 -1.7148199081420898 0.1461866945028305
Pedestrian 0.0 0 -1.84502112865448 924.424560546875 180.92799377441406 952.6495361328125 246.13540649414062 0.8285136 1.7045085 0.48287317 8.784442 1.9271317 19.414312 -1.42011296749115 0.10769671946763992
Cyclist 0.0 0 -1.7874089479446411 908.7638549804688 194.7515869140625 936.2142333984375 258.83843994140625 1.240936 1.6647962 0.43242902 8.531439 2.2869334 19.83513 -1.3812116384506226 0.17734502255916595
Cyclist 0.0 0 -1.7969335317611694 886.4112548828125 204.97210693359375 914.3051147460938 268.9989013671875 1.4352071 1.6334143 0.39732924 7.941654 2.5520203 19.886261 -1.4169843196868896 0.17086344957351685
Car 0.0 0 1.7653535604476929 470.9130554199219 180.03269958496094 507.20416259765625 205.04542541503906 4.0528355 1.5350187 1.604194 -7.9431076 2.028397 47.502403 1.5996716022491455 0.814888596534729
Car 0.0 0 -2.1891930103302 97.21668243408203 197.4740447998047 192.58457946777344 236.9466094970703 3.3771203 1.4949123 1.764337 -19.735271 2.5877461 30.56988 -2.762454032897949 0.3599705696105957
Car 0.0 0 3.1562089920043945 154.0511016845703 190.34173583984375 233.61473083496094 221.02316284179688 3.9900143 1.652286 1.6514288 -24.466429 2.723164 42.4747 2.633605718612671 0.16049924492835999
Car 0.0 0 -2.0893149375915527 885.3837280273438 175.62570190429688 1008.321533203125 233.04794311523438 3.630917 1.5295565 1.6896008 9.742473 1.6189133 21.282194 -1.6600134372711182 0.15349791944026947
Car 0.0 0 1.7392938137054443 247.18667602539062 197.2030029296875 277.6943664550781 217.17965698242188 3.8638806 1.503847 1.7211214 -29.610792 3.6508746 61.515297 1.290671944618225 0.1508755385875702
