Pedestrian 0.0 0 -1.7584013938903809 630.154296875 168.4548797607422 645.519287109375 199.57992553710938 0.9601907 1.8880956 0.77606475 1.6719433 1.6215951 44.29956 -1.7206774950027466 0.4188935160636902
Pedestrian 0.0 0 1.0636992454528809 1031.198974609375 152.8677978515625 1075.0242919921875 230.61508178710938 0.7497619 1.7358638 0.55855036 10.068919 1.28999 16.493044 1.611799955368042 0.16350039839744568
Pedestrian 0.0 0 -3.4685895442962646 1151.4256591796875 80.1888427734375 1242.0 313.52618408203125 0.73512995 1.7858514 0.5635434 4.922439 1.0769949 5.9144793 -2.774479627609253 0.1604810655117035
Car 0.0 0 1.6783615350723267 425.66204833984375 183.4302978515625 468.3809814453125 214.0146026611328 4.0666018 1.4283228 1.7263911 -8.395035 2.0061784 37.277172 1.4568512439727783 0.906377911567688
Car 0.0 0 1.8033840656280518 115.2674331665039 152.19195556640625 192.8326416015625 195.69802856445312 3.4863553 1.4127282 1.5366391 -15.947333 0.7421486 25.32501 1.2414072751998901 0.3052718937397003
Car 0.0 0 1.756003975868225 475.8399963378906 181.52767944335938 510.6824645996094 206.99620056152344 3.9822388 1.5935625 1.6085637 -7.8338685 2.201437 48.524048 1.5959420204162598 0.24998492002487183
Car 0.0 0 1.7563087940216064 403.50433349609375 180.5874481201172 437.02105712890625 204.15350341796875 3.6280906 1.5022329 1.5641279 -12.893866 2.0486674 49.081512 1.4994105100631714 0.20065712928771973
Car 0.0 0 1.9204881191253662 250.3920135498047 175.6958770751953 283.4528503417969 192.44468688964844 3.8110647 1.506861 1.5870965 -32.09501 1.7810614 67.55322 1.4769524335861206 0.17986369132995605
Car 0.0 0 2.651388645172119 522.80810546875 186.32608032226562 586.7813110351562 210.92335510253906 4.136863 1.5587791 1.5254854 -3.7886531 2.5142648 49.39797 2.5748419761657715 0.17786499857902527
Car 0.0 0 -1.5837464332580566 192.3312530517578 164.58412170410156 233.48097229003906 201.89112854003906 3.5468218 1.681083 1.6454108 -19.022541 1.3087938 34.458527 -2.088155746459961 0.1683071106672287
