Pedestrian 0.0 0 -2.5650558471679688 1086.163818359375 43.30399703979492 1242.0 375.0 0.57462466 1.7138426 0.4821958 3.0616834 1.0509073 4.0435867 -1.91698157787323 0.30148887634277344
Car 0.0 0 -1.9281516075134277 759.2139282226562 181.64610290527344 1034.5418701171875 352.6742858886719 3.8516536 1.5082558 1.6425167 2.9634993 1.6359465 8.503574 -1.5928133726119995 0.9631166458129883
Car 0.0 0 -1.8177016973495483 707.3512573242188 175.35618591308594 843.0196533203125 262.7496337890625 4.1643 1.499754 1.6512749 3.1022809 1.5581182 14.612248 -1.6085010766983032 0.9592771530151367
Car 0.0 0 1.9138561487197876 227.5464630126953 184.5086669921875 425.9378967285156 316.093994140625 4.1048803 1.6590437 1.6078428 -4.2939577 1.8789008 11.523185 1.5571593046188354 0.9533047676086426
Car 0.0 0 2.141507148742676 0.0 187.25486755371094 273.8348083496094 375.0 3.7325811 1.5632778 1.5538902 -4.4545217 1.7236475 6.105174 1.5111703872680664 0.9529172778129578
Car 0.0 0 -1.608505129814148 504.96917724609375 181.58779907226562 533.5869140625 206.5765838623047 4.2558217 1.4868028 1.6710538 -5.9457207 2.079858 46.726723 -1.7350695133209229 0.6238919496536255
Car 0.0 0 -1.6876170635223389 629.48046875 176.7185821533203 663.1140747070312 205.25363159179688 3.992813 1.6467626 1.5961165 2.1475575 1.8950335 44.237785 -1.6391093730926514 0.5120669603347778
Car 0.0 0 1.4627580642700195 654.7290649414062 175.00363159179688 704.9251708984375 215.66110229492188 3.7774518 1.5426998 1.628369 2.7458098 1.6365479 29.476994 1.5556409358978271 0.38724485039711
Car 0.0 0 3.2330362796783447 465.5080261230469 186.39796447753906 517.4935302734375 209.40414428710938 3.4682724 1.5506108 1.6896073 -8.326352 2.5214493 50.73229 3.0703632831573486 0.28778257966041565
Car 0.0 0 -1.6708028316497803 611.9169921875 175.4876251220703 640.4985961914062 198.992919921875 3.9631479 1.5760461 1.6199192 1.0761786 1.7695445 50.87306 -1.6496517658233643 0.26078200340270996
