Pedestrian 0.0 0 2.0420570373535156 195.3103790283203 167.23135375976562 254.50949096679688 272.5178527832031 0.75829405 1.6584448 0.57392514 -6.1586137 1.4349862 11.695372 1.5573680400848389 0.8895714282989502
Pedestrian 0.0 0 -2.2304930686950684 678.1859130859375 151.4586181640625 771.1458740234375 301.31439208984375 0.9481637 1.6450638 0.6243715 1.3850219 1.3166356 8.448595 -2.0680031776428223 0.8305681347846985
Pedestrian 0.0 0 1.1113481521606445 596.1404418945312 164.57113647460938 634.3450317382812 238.06491088867188 0.82769537 1.717659 0.6144796 0.29139295 1.3232106 17.291504 1.1281983852386475 0.8113338351249695
Pedestrian 0.0 0 0.9422914981842041 739.4949340820312 139.32858276367188 835.6287231445312 291.5180969238281 0.97132045 1.7398912 0.6978285 2.2099428 1.2591206 8.790426 1.1885905265808105 0.7708625793457031
Pedestrian 0.0 0 -3.6313891410827637 1053.7574462890625 138.22613525390625 1224.2032470703125 351.1679382324219 0.99392426 1.745066 0.67104137 4.608228 1.3918246 6.2869635 -2.998868942260742 0.7260982394218445
Pedestrian 0.0 0 1.0289534330368042 722.3912353515625 154.3921661376953 780.2554321289062 265.0768737792969 0.77238417 1.6927755 0.5859675 2.3349 1.2795 11.445244 1.2301980257034302 0.6568529009819031
Pedestrian 0.0 0 -3.3706798553466797 990.0711059570312 134.0463104248047 1083.6634521484375 278.8414306640625 0.9040393 1.7476108 0.562937 5.428555 1.1762086 9.073332 -2.831512928009033 0.6248053908348083
Pedestrian 0.0 0 1.7769526243209839 666.9357299804688 169.3234100341797 692.9031982421875 228.17022705078125 0.57362676 1.7234178 0.66719407 2.3140743 1.3679403 21.410698 1.8846149444580078 0.45224902033805847
Pedestrian 0.0 0 0.7287465333938599 190.0223388671875 166.31272888183594 233.24363708496094 233.18960571289062 0.8173849 1.7129484 0.5756451 -10.2136965 1.3251269 18.769981 0.23040533065795898 0.4015267491340637
Pedestrian 0.0 0 -1.4741369485855103 319.4554138183594 168.7945098876953 339.6052551269531 222.52792358398438 1.2288536 1.8376291 0.54829264 -9.564233 1.4041864 25.228577 -1.8365000486373901 0.3919508159160614
Pedestrian 0.0 0 1.1748579740524292 618.4274291992188 163.97666931152344 651.76171875 235.46286010742188 0.64282256 1.7527152 0.6354102 0.80654514 1.3242643 18.020784 1.2195844650268555 0.3683911859989166
Pedestrian 0.0 0 -3.7842609882354736 1176.4376220703125 145.94288635253906 1238.0 283.19024658203125 0.63192946 1.7045897 0.66115654 7.9506307 1.264314 9.269766 -3.0753166675567627 0.3085615634918213
Pedestrian 0.0 0 1.8351030349731445 1026.3358154296875 122.91496276855469 1094.4345703125 257.3383483886719 0.76687205 1.7882653 0.62572277 6.374547 1.0102222 10.043213 2.400655746459961 0.28959399461746216
Pedestrian 0.0 0 0.6529445052146912 644.8289794921875 156.79150390625 667.5482788085938 194.6612091064453 0.99534065 1.8063406 0.5034229 2.6398656 0.62868106 34.78032 0.7287003993988037 0.2658165395259857
Pedestrian 0.0 0 1.8536065816879272 1119.9371337890625 131.79017639160156 1238.0 305.0029296875 1.8035859 1.6394515 0.57590437 6.104326 1.1703241 7.547834 2.533661365509033 0.11894609779119492
Cyclist 0.0 0 1.8368160724639893 1121.5191650390625 130.4276123046875 1238.0 306.33416748046875 1.8037666 1.6563768 0.58495605 6.094479 1.176842 7.5257554 2.5175139904022217 0.6441022753715515
Cyclist 0.0 0 0.721300482749939 188.7281494140625 166.10983276367188 236.16937255859375 233.91775512695312 0.9403726 1.7354152 0.5819447 -10.192029 1.3427106 18.769892 0.2238483428955078 0.17503993213176727
Car 0.0 0 1.6257994174957275 511.3338623046875 162.78799438476562 564.5178833007812 209.17703247070312 4.078613 1.5972418 1.7526792 -2.3136146 0.95403004 26.796295 1.5396721363067627 0.8396286368370056
Car 0.0 0 0.958533763885498 0.0 156.4190216064453 170.4149932861328 224.50390625 3.7871726 1.4967842 1.5882667 -12.460442 0.94662285 17.154737 0.3303375244140625 0.34507739543914795
