Pedestrian 0.0 0 -1.7508329153060913 844.923828125 157.59564208984375 884.2683715820312 238.14430236816406 0.82245827 1.6737059 0.6547664 5.388585 1.3570131 15.446954 -1.4151878356933594 0.5909077525138855
Pedestrian 0.0 0 -1.8203108310699463 0.0 173.46168518066406 26.001510620117188 247.65347290039062 0.6469748 1.7813798 0.5674832 -14.877766 1.7970407 17.747822 -2.517965316772461 0.41376060247421265
Pedestrian 0.0 0 -1.881834626197815 732.0096435546875 162.81517028808594 751.625 198.71363830566406 1.0310901 1.8456767 0.7248457 6.836125 1.3299004 37.65284 -1.7022342681884766 0.3009820282459259
Pedestrian 0.0 0 -2.5239431858062744 1188.35009765625 137.7969207763672 1242.0 264.3625183105469 0.6647162 1.6763548 0.51973414 8.456627 1.2123833 9.939998 -1.819003701210022 0.18713761866092682
Pedestrian 0.0 0 -0.186091810464859 749.3740234375 177.14453125 769.61474609375 204.1353302001953 1.2146127 1.7525957 0.5579054 9.75113 2.035542 47.230503 0.017505884170532227 0.17191532254219055
Pedestrian 0.0 0 -1.7911087274551392 1192.8287353515625 122.39463806152344 1242.0 248.65042114257812 1.600907 1.744812 0.46781507 9.157203 1.0478384 10.786085 -1.087205410003662 0.13488119840621948
Cyclist 0.0 0 -1.790675401687622 1191.302490234375 126.600830078125 1242.0 251.7469024658203 1.6207842 1.7351745 0.45225054 9.157425 1.0942233 10.824348 -1.0885066986083984 0.40981748700141907
Car 0.0 0 2.168616533279419 19.121349334716797 195.75146484375 214.3678741455078 278.0620422363281 4.1540794 1.5405147 1.6717371 -11.2177 2.1384242 16.743826 1.5783370733261108 0.9588388800621033
Car 0.0 0 -1.5615347623825073 599.8013305664062 174.60731506347656 626.3063354492188 200.37376403808594 3.8285546 1.5570786 1.6117579 0.17760254 1.6733801 45.78675 -1.557655930519104 0.7334375381469727
Car 0.0 0 1.9762717485427856 206.5758056640625 189.5020294189453 290.4436950683594 230.85609436035156 4.335792 1.5615535 1.6662123 -15.562503 2.3336973 31.235329 1.5140379667282104 0.3709448277950287
Car 0.0 0 1.9131155014038086 127.87474060058594 173.28738403320312 215.1197509765625 216.84434509277344 3.5760782 1.4323397 1.5377748 -15.530105 1.4492611 25.6683 1.3690053224563599 0.2826743721961975
Car 0.0 0 1.8673710823059082 511.377197265625 181.92800903320312 541.0408935546875 198.89422607421875 3.9927466 1.4900037 1.6739734 -7.848101 2.3688865 67.74036 1.7520296573638916 0.22641722857952118
