Pedestrian 0.0 0 -1.6757328510284424 710.0765991210938 162.293701171875 731.69482421875 214.28402709960938 0.9362944 1.8478916 0.67720574 3.964326 1.472905 26.125978 -1.525142788887024 0.8545371890068054
Pedestrian 0.0 0 -2.6985392570495605 965.4600219726562 70.05458068847656 1122.5738525390625 375.0 0.703072 1.7866226 0.51318777 2.6781745 1.1973299 4.570935 -2.168541431427002 0.3124006688594818
Pedestrian 0.0 0 0.632915198802948 344.1409912109375 152.71957397460938 372.7764892578125 206.99591064453125 0.71843296 1.869229 0.62101597 -8.843538 1.1761754 25.248154 0.2960045337677002 0.24964246153831482
Cyclist 0.0 0 1.68405282497406 491.1414489746094 175.98171997070312 514.6988525390625 232.62855529785156 1.8083642 1.8128395 0.58110756 -3.607632 1.9216533 24.103058 1.5354804992675781 0.9222357273101807
Cyclist 0.0 0 1.7735204696655273 360.5434265136719 171.85841369628906 435.938720703125 310.5381774902344 2.0734236 1.7782719 0.63037986 -3.0244253 1.7658634 10.308631 1.4881410598754883 0.9033195376396179
Cyclist 0.0 0 1.8188676834106445 305.381591796875 182.92674255371094 388.9891357421875 326.5830383300781 2.0580873 1.7366587 0.59351516 -3.6075125 1.8902669 9.921332 1.470118522644043 0.8797369003295898
Car 0.0 0 1.85938560962677 342.193603515625 190.5780029296875 455.97320556640625 257.4790954589844 4.406932 1.4634368 1.6973528 -5.478025 1.9889622 19.164652 1.5809696912765503 0.9032701253890991
Car 0.0 0 1.7778908014297485 484.8374938964844 183.71495056152344 533.0751953125 215.98265075683594 4.0373383 1.5380806 1.7128868 -5.273399 2.1395411 37.85825 1.6394881010055542 0.8360426425933838
Car 0.0 0 -1.5544310808181763 639.0176391601562 177.063720703125 671.5218505859375 207.8816375732422 3.9732714 1.5969315 1.709329 2.503527 1.8425899 39.99337 -1.49191415309906 0.8079794049263
Car 0.0 0 -1.2471672296524048 654.1353149414062 171.55300903320312 696.5628051757812 197.05181884765625 4.2655067 1.6959563 1.6756829 4.572156 1.6097848 50.277206 -1.156477689743042 0.21316151320934296
