Pedestrian 0.0 0 -2.045231580734253 984.9742431640625 137.83279418945312 1122.987548828125 354.8621520996094 0.8730918 1.654033 0.6285259 3.6430397 1.3226311 5.931238 -1.4944273233413696 0.926083505153656
Pedestrian 0.0 0 2.4486382007598877 597.0189819335938 170.80397033691406 691.6304931640625 304.97064208984375 1.0036283 1.6536982 0.7365206 0.5183513 1.5232012 9.446086 2.503458023071289 0.8783547282218933
Pedestrian 0.0 0 1.4441206455230713 465.2817687988281 171.55120849609375 488.1148376464844 224.8437042236328 0.79094005 1.7146326 0.6421318 -4.12528 1.3956372 23.581755 1.2709378004074097 0.8650773763656616
Pedestrian 0.0 0 2.0067219734191895 277.2138977050781 145.48098754882812 386.4961853027344 353.8948059082031 0.90253174 1.8469074 0.65705967 -2.5844486 1.529098 6.837557 1.6453427076339722 0.7969072461128235
Pedestrian 0.0 0 -1.4966621398925781 548.2386474609375 167.3582763671875 571.1148681640625 224.66639709472656 0.82650423 1.6798127 0.62519246 -1.2703062 1.266423 21.471094 -1.5557568073272705 0.7911432981491089
Pedestrian 0.0 0 -1.6233901977539062 512.6072998046875 167.2495880126953 532.9949951171875 220.8256378173828 0.89827394 1.6894233 0.6042497 -2.5651205 1.2411672 23.14099 -1.7337870597839355 0.7518927454948425
Pedestrian 0.0 0 1.155478835105896 909.0989990234375 112.57837677001953 1036.51123046875 329.97100830078125 0.759334 1.5884123 0.63015014 2.831054 1.0862263 5.640898 1.6206293106079102 0.6619962453842163
Pedestrian 0.0 0 0.46618229150772095 584.2260131835938 170.914306640625 610.8011474609375 226.3394775390625 0.61209315 1.6142738 0.5377817 -0.14307742 1.3070967 21.29582 0.45946383476257324 0.5858851671218872
Pedestrian 0.0 0 -3.094135284423828 717.3306274414062 149.87948608398438 757.7162475585938 216.6175994873047 1.0999879 1.8541297 0.5700862 3.8315742 0.9767935 20.358854 -2.908109426498413 0.4576108753681183
Pedestrian 0.0 0 1.6531107425689697 570.7464599609375 164.84251403808594 587.4795532226562 209.84237670898438 0.88526183 1.8017323 0.61117595 -0.9202175 1.1357902 29.216114 1.621624231338501 0.39257776737213135
Pedestrian 0.0 0 2.212336301803589 1107.44091796875 73.870849609375 1238.0 330.8768615722656 0.7882916 1.7930526 0.5970393 4.342005 1.0435611 5.396263 2.88989520072937 0.3736584186553955
Pedestrian 0.0 0 0.6540263891220093 572.7049560546875 169.45526123046875 601.5062866210938 226.13563537597656 0.69797134 1.7344741 0.5666846 -0.47385404 1.3670094 22.414017 0.6328885555267334 0.34469205141067505
Pedestrian 0.0 0 1.4556124210357666 847.5518188476562 153.96726989746094 891.836669921875 248.21885681152344 0.76389205 1.7051181 0.6898641 4.968027 1.2082882 13.445566 1.8095452785491943 0.336088091135025
Pedestrian 0.0 0 -0.8811376690864563 658.2935791015625 162.42633056640625 680.6905517578125 211.0876007080078 0.5205827 1.6989292 0.5955307 2.3904054 1.0340658 25.471436 -0.7875652313232422 0.334567129611969
Pedestrian 0.0 0 3.4640419483184814 0.0 147.71466064453125 113.54518127441406 322.20458984375 0.8866977 1.7246748 0.6472817 -5.796024 1.3921063 7.54807 2.809194564819336 0.33153602480888367
Pedestrian 0.0 0 1.3258734941482544 597.8062133789062 171.69735717773438 621.2703247070312 225.4840545654297 0.86801 1.6883858 0.5565129 0.22779608 1.3817837 23.033081 1.3357630968093872 0.3114657700061798
Pedestrian 0.0 0 3.2317094802856445 350.18206787109375 194.5709991455078 421.47027587890625 329.61334228515625 0.8576092 1.7027549 0.55121803 -2.8747041 1.883133 9.480791 2.937307119369507 0.30499330163002014
Pedestrian 0.0 0 0.9111127853393555 189.2113037109375 177.93478393554688 275.23095703125 324.74114990234375 0.69067234 1.7298596 0.66531837 -4.6176057 1.6891953 8.9085655 0.4329063892364502 0.2864784002304077
Pedestrian 0.0 0 -0.19212877750396729 695.4470825195312 158.45875549316406 721.9443969726562 207.41893005371094 0.8621303 1.7553033 0.53796285 3.8620377 0.93028873 26.03894 -0.04488443583250046 0.275102436542511
Cyclist 0.0 0 1.7355159521102905 399.6563720703125 162.68585205078125 482.0199279785156 330.9700927734375 1.7535911 1.6787208 0.6246593 -1.7984576 1.4924079 8.055761 1.515866756439209 0.9492414593696594
Cyclist 0.0 0 -3.084970235824585 716.9476318359375 149.07257080078125 759.6754760742188 215.6946563720703 1.1604898 1.8492943 0.5520377 3.850795 0.95032537 20.344778 -2.8979063034057617 0.11090222746133804
Cyclist 0.0 0 2.618572235107422 0.0 147.23318481445312 116.70951080322266 322.0223388671875 0.8735936 1.7120396 0.6413766 -5.804247 1.3777701 7.5597 1.9637837409973145 0.10787688940763474
Car 0.0 0 -1.6937673091888428 581.9032592773438 168.69384765625 640.9886474609375 213.66656494140625 3.8947835 1.4775941 1.6228527 0.25887942 1.0579324 25.624926 -1.6836650371551514 0.35976341366767883
