Pedestrian 0.0 0 -1.4448028802871704 985.2316284179688 168.99929809570312 1024.4432373046875 241.76467895507812 1.0779694 1.6919498 0.70262766 9.489567 1.6026782 17.417196 -0.9459307193756104 0.7212823033332825
Pedestrian 0.0 0 -0.5163748860359192 1195.3353271484375 168.7930145263672 1242.0 240.7147979736328 0.7192842 1.7320267 0.6008257 14.931776 1.6345875 17.73436 0.18343806266784668 0.3778185546398163
Pedestrian 0.0 0 2.431112766265869 826.0909423828125 146.2577362060547 866.9219970703125 212.20455932617188 0.8487019 1.8161799 0.69157106 6.6198125 1.0840751 20.351156 2.7455973625183105 0.25220632553100586
Pedestrian 0.0 0 -2.3178040981292725 837.563232421875 168.775146484375 888.609130859375 244.5247039794922 1.0906131 1.7524323 0.5621259 6.0068316 1.658428 17.301966 -1.983647108078003 0.20670968294143677
Pedestrian 0.0 0 -2.6354987621307373 393.4431457519531 186.2469940185547 419.3375549316406 238.599853515625 0.57719785 1.608067 0.5762706 -6.4438715 2.035943 22.683279 -2.9122869968414307 0.19911447167396545
Pedestrian 0.0 0 -2.024972438812256 712.6256103515625 155.36822509765625 731.3826904296875 190.5523223876953 0.7931469 1.7636698 0.6594336 5.647277 0.8875203 36.642258 -1.8720563650131226 0.1742199957370758
Pedestrian 0.0 0 -2.4991044998168945 620.2450561523438 174.5673828125 636.6988525390625 204.11106872558594 0.79942083 1.7577608 0.5853239 1.0791587 1.862458 43.4592 -2.474277973175049 0.171334370970726
Car 0.0 0 3.735525608062744 0.0 188.19667053222656 210.48770141601562 272.0574035644531 3.316443 1.4794983 1.505289 -9.774253 1.7902403 13.804845 3.1194303035736084 0.9571544528007507
Car 0.0 0 1.637060284614563 462.7637634277344 178.44117736816406 512.840087890625 218.9119415283203 4.2098703 1.4643826 1.6998901 -4.859192 1.7053196 28.886484 1.470403790473938 0.921554684638977
Car 0.0 0 1.6530269384384155 488.5682678222656 178.81219482421875 526.7630615234375 210.10202026367188 4.3507047 1.5010719 1.6232035 -5.3219495 1.8308853 37.67552 1.5126979351043701 0.42764320969581604
Car 0.0 0 1.331427812576294 653.8955078125 165.94851684570312 720.3557739257812 211.51010131835938 4.0677686 1.6421564 1.640424 2.876894 1.3936231 28.130411 1.4333434104919434 0.31177303194999695
