Pedestrian 0.0 0 2.5295164585113525 992.0739135742188 124.2551498413086 1063.1993408203125 251.8822479248047 0.758932 1.7206901 0.38492447 5.774313 0.96405864 9.748779 3.064263343811035 0.5229854583740234
Pedestrian 0.0 0 -2.940507650375366 990.2853393554688 152.01962280273438 1025.1239013671875 224.86053466796875 0.6725652 1.8258983 0.5988447 10.31225 1.1135768 18.16528 -2.4241843223571777 0.42623621225357056
Pedestrian 0.0 0 -0.13057568669319153 776.2215576171875 156.5402069091797 793.6674194335938 187.96006774902344 0.91252375 1.7880822 0.48896864 10.304557 0.4259317 40.52936 0.11839818954467773 0.32904744148254395
Pedestrian 0.0 0 3.5196852684020996 119.70011138916016 120.32388305664062 206.67929077148438 258.03387451171875 0.8774576 1.8479342 0.57854956 -6.181438 1.0421005 9.847021 2.959113121032715 0.3259676396846771
Pedestrian 0.0 0 -1.0260827541351318 114.13975524902344 150.19625854492188 140.42271423339844 191.99603271484375 0.8410777 2.02943 0.7436726 -23.497236 0.5595863 34.761612 -1.6204872131347656 0.28136900067329407
Pedestrian 0.0 0 -0.5988199710845947 787.4456176757812 162.5810089111328 806.9057006835938 195.654296875 0.8481354 1.7509006 0.5388998 10.267818 0.80367947 37.819702 -0.3337162733078003 0.15069419145584106
Pedestrian 0.0 0 0.24937157332897186 722.90380859375 162.49917602539062 737.3809204101562 186.689697265625 1.0463922 1.897082 0.45542932 9.900914 0.48665413 55.866722 0.424774169921875 0.13985493779182434
Pedestrian 0.0 0 0.7715668678283691 273.38189697265625 179.6143035888672 323.22015380859375 262.5909729003906 0.70541304 1.6502641 0.61769444 -6.314851 1.6342778 14.470333 0.3600802421569824 0.1381249576807022
Cyclist 0.0 0 0.9869155883789062 875.1909790039062 157.6422882080078 907.3685302734375 195.44256591796875 1.7544684 1.7450843 0.5337281 13.550712 0.6912929 33.54935 1.3707828521728516 0.2975199520587921
Car 0.0 0 -0.821175217628479 0.0 208.61968994140625 298.9079895019531 370.0 4.0228243 1.4425641 1.6108782 -3.190284 1.6594598 3.3899536 -1.5762388706207275 0.8484393358230591
Car 0.0 0 1.8770674467086792 86.6169204711914 182.13723754882812 133.324462890625 205.80343627929688 3.8661451 1.5443852 1.5315374 -33.884914 1.6627781 48.494236 1.2671868801116943 0.20546503365039825
Car 0.0 0 -1.500455617904663 0.0 185.5341339111328 15.382430076599121 216.1389617919922 3.9812655 1.5181843 1.6309649 -32.758373 1.803812 37.834877 -2.2140653133392334 0.149357870221138
Car 0.0 0 1.318067193031311 453.5811767578125 171.70755004882812 484.42608642578125 190.37149047851562 3.74165 1.4798435 1.599702 -11.188429 0.78393525 58.089264 1.1277897357940674 0.13880284130573273
