Pedestrian 0.0 0 0.9101610779762268 398.9370422363281 147.2228240966797 477.6168518066406 281.4009094238281 0.9558244 1.8011715 0.6314462 -2.4168224 1.3561391 10.031176 0.6737358570098877 0.8647421598434448
Pedestrian 0.0 0 0.3918488621711731 678.7843017578125 149.05213928222656 750.9638061523438 256.7568054199219 1.0330529 1.7504653 0.68565863 1.8293593 1.241013 12.0465975 0.5425543785095215 0.8002722859382629
Pedestrian 0.0 0 -1.3372589349746704 147.94760131835938 152.6741485595703 167.9462432861328 190.62620544433594 0.7514679 1.9580053 0.73045444 -23.36955 0.52384603 36.94669 -1.9012482166290283 0.6624687910079956
Pedestrian 0.0 0 0.3815248906612396 49.49626922607422 168.0091094970703 106.165283203125 260.7983703613281 0.67902416 1.6482203 0.53782326 -9.6529 1.4279869 12.901738 -0.26081421971321106 0.5737888216972351
Pedestrian 0.0 0 3.369317054748535 204.8303985595703 117.75556945800781 270.8743591308594 227.44712829589844 0.8969526 1.8042046 0.54457927 -6.2613587 0.7738368 12.000497 2.8884146213531494 0.28374889492988586
Pedestrian 0.0 0 -0.8446291089057922 73.38278198242188 169.85337829589844 154.8778076171875 259.1575012207031 1.4893516 1.6903113 0.4714155 -9.824829 1.4904317 14.145159 -1.4517027139663696 0.1843525916337967
Pedestrian 0.0 0 0.010246694087982178 357.5953369140625 156.71697998046875 463.0276794433594 262.7067565917969 1.6881965 1.727057 0.6370429 -3.3433094 1.3411758 12.041325 -0.2605842649936676 0.12959511578083038
Pedestrian 0.0 0 -3.1227047443389893 759.198974609375 155.5916748046875 787.8873291015625 186.69664001464844 1.6769955 1.8602407 0.5033041 10.183207 0.37195712 42.73368 -2.888772964477539 0.11073803156614304
Cyclist 0.0 0 2.4112229347229004 1086.3582763671875 139.82354736328125 1144.7529296875 190.64093017578125 1.6956211 1.7594349 0.6029042 17.921124 0.35263747 24.86432 3.0357441902160645 0.8330339789390564
Cyclist 0.0 0 -1.6694304943084717 958.1513061523438 146.8878173828125 983.6455688476562 209.370849609375 1.7903752 1.7358537 0.47922337 10.591129 0.8036431 20.558228 -1.19371497631073 0.805482029914856
Cyclist 0.0 0 0.030653610825538635 355.16046142578125 157.52296447753906 466.38836669921875 263.4577941894531 1.7867298 1.731784 0.62662387 -3.3359337 1.3578159 12.069501 -0.2390078455209732 0.6322635412216187
Cyclist 0.0 0 -0.9132779836654663 72.4119873046875 169.96563720703125 154.96109008789062 259.74493408203125 1.6096354 1.6938355 0.47389057 -9.832103 1.496723 14.150382 -1.520525336265564 0.4310154914855957
Cyclist 0.0 0 3.3496575355529785 170.2747039794922 127.25276947021484 286.0716552734375 234.51919555664062 1.6613932 1.7435272 0.51076883 -6.384888 0.87969023 11.964095 2.8594374656677246 0.3350677788257599
Cyclist 0.0 0 -3.1227047443389893 759.198974609375 155.5916748046875 787.8873291015625 186.69664001464844 1.6769955 1.8602407 0.5033041 10.183207 0.37195712 42.73368 -2.888772964477539 0.2423442006111145
Car 0.0 0 -1.0500469207763672 0.0 187.4239501953125 374.0158996582031 370.0 3.767923 1.4415288 1.5788007 -3.249167 1.5159993 5.5352235 -1.580851435661316 0.9075695276260376
Car 0.0 0 1.7774420976638794 452.8673400878906 170.29702758789062 490.4963073730469 194.33921813964844 4.0154715 1.4963447 1.6190531 -8.626944 0.86267823 46.025124 1.5921522378921509 0.8089279532432556
Car 0.0 0 -0.7733288407325745 1171.571044921875 141.73635864257812 1224.0 193.1246795654297 4.0910897 1.4735687 1.600316 19.562262 0.36358535 21.123415 -0.026282990351319313 0.4993555545806885
