Car 0.0 0 -1.8310391902923584 711.90869140625 182.46881103515625 903.22119140625 304.6163330078125 4.3851657 1.451687 1.6641537 2.7071452 1.6298512 11.130539 -1.592453956604004 0.9707624912261963
Car 0.0 0 -0.29712241888046265 811.4769287109375 180.83343505859375 1017.3380737304688 251.18133544921875 3.9140935 1.450255 1.6646422 6.603598 1.6399472 16.109295 0.09191036224365234 0.928935706615448
Car 0.0 0 0.7204631567001343 0.0 170.85189819335938 235.6134796142578 329.00006103515625 4.1904507 1.5260164 1.5580413 -6.5843034 1.5070553 7.7758775 0.0178530216217041 0.8997718691825867
Car 0.0 0 3.625852584838867 0.0 169.70677185058594 243.59454345703125 292.2536926269531 3.4725285 1.535312 1.5090628 -7.2640867 1.4962401 10.030447 2.9990665912628174 0.8944575786590576
Car 0.0 0 -0.27065759897232056 728.9266967773438 181.23016357421875 837.524169921875 221.02513122558594 3.815216 1.4773651 1.5701549 6.627129 1.8127819 28.002382 -0.03827020525932312 0.8940536975860596
Car 0.0 0 0.36555713415145874 118.44889068603516 177.71896362304688 408.7226257324219 270.7014465332031 4.2423162 1.4731216 1.5698508 -5.8492494 1.5638654 12.464688 -0.07320203632116318 0.8834205269813538
Car 0.0 0 -0.15363483130931854 678.8905639648438 177.83570861816406 754.8643188476562 207.9174346923828 3.9455838 1.6195246 1.7453054 5.8489447 1.9024011 40.027092 -0.00853709876537323 0.8732370734214783
Car 0.0 0 -0.25373363494873047 717.31884765625 175.53675842285156 809.5850219726562 215.60377502441406 3.4969995 1.6260993 1.5906699 6.352217 1.7422899 30.274315 -0.04691193997859955 0.8326517939567566
Car 0.0 0 3.3562092781066895 369.7127685546875 178.24374389648438 501.6396179199219 222.38375854492188 4.235542 1.4749383 1.5326233 -6.0392537 1.6689953 25.116915 3.1202428340911865 0.8235517144203186
Car 0.0 0 0.21173584461212158 420.4541320800781 176.30638122558594 523.01025390625 214.98353576660156 3.9180882 1.5445372 1.561031 -5.697244 1.6913604 29.783287 0.022729158401489258 0.7561668753623962
Car 0.0 0 0.2886757552623749 323.50347900390625 179.16343688964844 473.40020751953125 228.78598022460938 4.2464466 1.491425 1.6006444 -6.620246 1.6973975 22.70026 0.004908561706542969 0.7347174286842346
