Pedestrian 0.0 0 3.044005870819092 424.4896240234375 185.13731384277344 441.8288879394531 220.6600341796875 0.755828 1.7075908 0.69179714 -8.5375 1.7049543 35.00326 2.8047709465026855 0.5693293809890747
Pedestrian 0.0 0 2.919048309326172 657.3560180664062 169.49853515625 682.3089599609375 212.5624237060547 0.9504488 1.829861 0.64192015 2.6307328 1.1631428 30.924837 3.0039126873016357 0.24034090340137482
Cyclist 0.0 0 3.2383172512054443 444.63580322265625 153.7759246826172 507.27642822265625 211.9267578125 1.8485322 1.7635942 0.6810198 -4.098225 0.81122243 22.216002 3.055896282196045 0.5666177868843079
Car 0.0 0 -1.13068425655365 111.49826049804688 195.06480407714844 386.07562255859375 346.78094482421875 3.3662207 1.3665254 1.515032 -3.9163537 1.5055431 8.374983 -1.5680983066558838 0.9604836702346802
Car 0.0 0 -0.9829319715499878 55.09318923950195 188.79075622558594 252.65150451660156 275.43572998046875 3.4308727 1.4516219 1.583826 -8.611587 1.5306835 13.924768 -1.5367976427078247 0.9135274291038513
Car 0.0 0 -1.595630168914795 567.2808227539062 179.6733856201172 603.978271484375 213.33348083496094 3.6691093 1.5185463 1.6489801 -1.134647 1.269641 34.305984 -1.628692388534546 0.8909847736358643
Car 0.0 0 -0.7826788425445557 0.0 187.5612030029297 78.14021301269531 374.75469970703125 3.9646127 1.4531242 1.5734254 -7.895324 1.4856371 7.620324 -1.585799217224121 0.6742913722991943
Car 0.0 0 -1.166318416595459 243.6593475341797 183.4808349609375 330.0226745605469 221.56190490722656 4.2748895 1.4173895 1.6132119 -12.811582 1.3539487 28.899858 -1.583594560623169 0.5603642463684082
Car 0.0 0 1.8075493574142456 369.04644775390625 175.62843322753906 434.41912841796875 220.03616333007812 4.195473 1.7247729 1.6864909 -8.551879 1.3535402 30.046402 1.5302594900131226 0.4919677972793579
Car 0.0 0 1.9923597574234009 87.7599105834961 184.7834014892578 208.65673828125 243.66946411132812 3.4795668 1.5094072 1.5781986 -12.842114 1.4994576 20.257145 1.42734694480896 0.29287058115005493
