Pedestrian 0.0 0 -1.263639211654663 998.84912109375 163.89772033691406 1042.423095703125 240.37808227539062 0.786107 1.6696581 0.6471058 9.202828 1.4744896 16.253849 -0.7484481334686279 0.766521692276001
Pedestrian 0.0 0 -0.21378540992736816 543.969970703125 172.4754638671875 557.8475341796875 194.59083557128906 1.0295262 1.7589431 0.47615492 -4.756073 1.7291937 57.76249 -0.29593852162361145 0.3229138255119324
Pedestrian 0.0 0 -0.8550048470497131 1213.8636474609375 167.06675720214844 1242.0 240.9161834716797 0.62874305 1.6866945 0.5426195 14.54161 1.554874 16.789778 -0.14123839139938354 0.26456817984580994
Pedestrian 0.0 0 0.997151255607605 844.138916015625 163.89768981933594 892.2171020507812 243.25619506835938 1.009061 1.7059858 0.5451 5.6840124 1.5138081 16.062202 1.3372740745544434 0.19699297845363617
Pedestrian 0.0 0 2.1761693954467773 826.0310668945312 150.91058349609375 867.882568359375 220.6096954345703 0.8726137 1.7990197 0.6809749 6.243549 1.2329911 19.156181 2.491240978240967 0.1920233964920044
Pedestrian 0.0 0 0.7549043893814087 185.72476196289062 188.8625030517578 227.65843200683594 258.4037780761719 0.6727187 1.6082602 0.5585577 -9.658397 1.9980599 17.198183 0.24320340156555176 0.16056247055530548
Pedestrian 0.0 0 1.782645583152771 370.095947265625 185.8074951171875 394.6588439941406 241.8094482421875 0.6574008 1.6193027 0.5700127 -6.7860045 2.0098798 21.378916 1.4752886295318604 0.14112721383571625
Car 0.0 0 1.6385596990585327 445.4578857421875 177.65158081054688 497.71575927734375 220.57102966308594 4.1382527 1.4803839 1.679147 -5.244996 1.6780822 27.521498 1.4502397775650024 0.9307499527931213
Car 0.0 0 3.7899909019470215 0.0 191.61309814453125 156.6248779296875 285.36376953125 3.4410737 1.4558759 1.5200812 -10.018682 1.7985252 12.346023 3.1082828044891357 0.892342746257782
Car 0.0 0 1.681961178779602 471.5596923828125 177.88504028320312 510.16839599609375 208.0367431640625 3.78552 1.3887272 1.4805154 -5.898279 1.6521893 35.802223 1.5186816453933716 0.640451192855835
Car 0.0 0 1.3173309564590454 645.4805908203125 162.22921752929688 718.1276245117188 211.0757598876953 3.9908555 1.6686808 1.7151865 2.526707 1.3060786 26.752403 1.4114995002746582 0.5705326199531555
