Pedestrian 0.0 0 1.5130947828292847 613.4799194335938 160.51121520996094 627.2113037109375 196.27618408203125 0.82544845 1.7664928 0.6382974 0.59367234 0.5474277 35.927246 1.5296175479888916 0.2774801254272461
Pedestrian 0.0 0 2.9158687591552734 504.6354064941406 162.56771850585938 545.5615234375 211.4595489501953 1.3799314 1.7432071 0.5949248 -3.0467677 0.93683934 26.138073 2.799828052520752 0.17106954753398895
Pedestrian 0.0 0 1.7577416896820068 240.4060821533203 175.27789306640625 268.5992736816406 229.46597290039062 1.468241 1.6256504 0.52523595 -11.006966 1.328646 22.339624 1.2999427318572998 0.11855749785900116
Cyclist 0.0 0 2.952831745147705 503.2942810058594 162.900146484375 547.72021484375 211.2633514404297 1.5159147 1.7231879 0.6125253 -3.0314245 0.92921305 26.128439 2.8373279571533203 0.3362284004688263
Cyclist 0.0 0 1.7577416896820068 240.4060821533203 175.27789306640625 268.5992736816406 229.46597290039062 1.468241 1.6256504 0.52523595 -11.006966 1.328646 22.339624 1.2999427318572998 0.22019760310649872
Cyclist 0.0 0 1.494899034500122 613.2363891601562 160.47181701660156 627.3304443359375 196.59400939941406 0.9265414 1.7806861 0.6341073 0.5897946 0.5620389 35.914383 1.5113197565078735 0.10866022855043411
Car 0.0 0 -1.6251780986785889 556.8368530273438 188.6920928955078 716.8156127929688 337.6515808105469 3.4102058 1.4004368 1.5311061 0.1664898 1.4513822 8.566115 -1.60574471950531 0.957143247127533
Car 0.0 0 -1.6657326221466064 562.4144287109375 176.67886352539062 653.8507690429688 254.10086059570312 3.7226157 1.4815956 1.6114092 -0.15180199 1.3193605 15.6879635 -1.6754086017608643 0.8392473459243774
Car 0.0 0 -1.599584698677063 565.8563842773438 172.1971435546875 619.9266967773438 223.119140625 3.6938612 1.5330681 1.6317701 -0.5890743 1.1422598 23.526392 -1.6246182918548584 0.5919167399406433
Car 0.0 0 -2.6723854541778564 286.63909912109375 154.24740600585938 388.3292541503906 187.51954650878906 4.4678273 1.6146532 1.7280363 -13.519206 0.112934366 35.985027 -3.0317606925964355 0.2791267931461334
