Pedestrian 0.0 0 -0.34363308548927307 556.994384765625 173.13992309570312 589.4526977539062 226.93617248535156 0.872347 1.6591451 0.58758605 -0.91653174 1.4024227 22.587608 -0.38418757915496826 0.8537381887435913
Pedestrian 0.0 0 1.931361436843872 358.8922119140625 164.17083740234375 444.7488708496094 313.7045593261719 0.7940613 1.6635735 0.73934877 -2.3653073 1.4721391 8.416428 1.6573935747146606 0.7342593669891357
Pedestrian 0.0 0 -1.6360023021697998 718.2936401367188 161.79336547851562 742.0983276367188 228.2000274658203 1.2839661 1.7322172 0.5459606 3.4359007 1.219341 19.403227 -1.460740327835083 0.21236130595207214
Pedestrian 0.0 0 -0.6011862754821777 848.8856811523438 154.46092224121094 869.3280639648438 192.16952514648438 0.66867465 1.8172108 0.68287396 12.554129 0.51507473 35.029808 -0.2570618987083435 0.20180155336856842
Pedestrian 0.0 0 2.2820017337799072 259.5777282714844 132.58819580078125 313.79107666015625 239.95159912109375 0.5656061 1.8031509 0.6474251 -5.4810886 0.9829694 12.426589 1.866592526435852 0.19237147271633148
Pedestrian 0.0 0 -0.4844241738319397 801.1907958984375 195.96707153320312 880.2677612304688 343.7091064453125 0.6180195 1.610375 0.6791136 2.69913 1.7865138 8.289727 -0.16965027153491974 0.1689426302909851
Pedestrian 0.0 0 -1.6439062356948853 804.4417724609375 169.39503479003906 834.3348999023438 241.47686767578125 0.90158075 1.6643964 0.61301136 5.1409216 1.386096 17.090637 -1.3517125844955444 0.15249066054821014
Pedestrian 0.0 0 -3.117478847503662 736.9668579101562 161.82302856445312 750.0355834960938 198.48048400878906 0.59980077 1.7356411 0.6054907 6.7902007 0.8048966 34.369507 -2.9224259853363037 0.14300504326820374
Pedestrian 0.0 0 -2.9166178703308105 758.3871459960938 152.2699737548828 773.78857421875 190.5520782470703 0.5905661 1.8279151 0.6758244 7.953813 0.43313038 34.729576 -2.691479206085205 0.14004601538181305
Pedestrian 0.0 0 1.8216649293899536 335.177734375 154.80165100097656 378.81634521484375 239.85458374023438 1.1042678 1.8303932 0.67172056 -5.475603 1.2570544 16.033108 1.4925658702850342 0.13325348496437073
Pedestrian 0.0 0 -0.431039035320282 685.9388427734375 167.7150115966797 736.2775268554688 239.40859985351562 1.0720029 1.729274 0.6137136 2.6741028 1.3979704 17.767616 -0.2816559374332428 0.1314225047826767
Pedestrian 0.0 0 1.1662447452545166 756.5054321289062 196.7256622314453 846.1162719726562 333.9397888183594 1.5799296 1.607429 0.5402526 2.5279057 1.8257376 9.414672 1.4285645484924316 0.11244317144155502
Cyclist 0.0 0 1.1930921077728271 760.9277954101562 196.48822021484375 852.903076171875 336.08953857421875 1.7253546 1.6087741 0.5372399 2.5768683 1.8237889 9.35253 1.4619475603103638 0.4297143220901489
Cyclist 0.0 0 -1.7317445278167725 688.5396118164062 164.7030029296875 723.8773193359375 238.37860107421875 1.8012204 1.7465478 0.58428437 2.560238 1.3495595 17.93221 -1.5899298191070557 0.2696126699447632
Cyclist 0.0 0 1.1540803909301758 822.3961181640625 173.45724487304688 917.3652954101562 312.50408935546875 1.5540123 1.6431731 0.5553161 3.3728461 1.5494738 9.280345 1.5026776790618896 0.22618402540683746
Cyclist 0.0 0 2.925475597381592 448.72650146484375 171.78550720214844 510.0203857421875 254.60877990722656 1.212248 1.7674363 0.7029683 -2.7397206 1.5613592 15.880774 2.754639148712158 0.21034014225006104
Cyclist 0.0 0 1.4244452714920044 770.6935424804688 156.6779022216797 797.2869262695312 217.1570281982422 1.582699 1.6511823 0.50205076 5.145491 0.97465354 20.421679 1.6712698936462402 0.20772872865200043
Cyclist 0.0 0 -1.686057448387146 717.0967407226562 162.79891967773438 743.894287109375 229.13272094726562 1.6597823 1.7191106 0.52098954 3.4492118 1.2356259 19.457851 -1.5106141567230225 0.1989201009273529
Car 0.0 0 2.5957486629486084 653.8300170898438 161.0718231201172 742.2854614257812 193.3397674560547 3.9560459 1.4773117 1.5746241 4.621989 0.54298687 34.398575 2.7293143272399902 0.19619441032409668
Car 0.0 0 -2.181739568710327 735.8578491210938 197.818115234375 988.6522216796875 324.496337890625 3.7828584 1.4107511 1.5353702 3.5076609 1.6979554 10.552202 -1.8608200550079346 0.17935849726200104
