Pedestrian 0.0 0 1.0039122104644775 450.6173095703125 173.92575073242188 500.56494140625 259.39825439453125 0.66749275 1.585819 0.69399637 -2.6371417 1.607508 13.877249 0.8161180019378662 0.6488635540008545
Pedestrian 0.0 0 3.1790497303009033 307.11700439453125 134.18626403808594 396.37420654296875 313.1199951171875 0.8074734 1.6874506 0.67123514 -2.6303065 1.323149 7.2447906 2.8307862281799316 0.19151635468006134
Pedestrian 0.0 0 -1.6920040845870972 682.4711303710938 168.5977020263672 694.441650390625 197.96224975585938 0.6304447 1.8601958 0.6871854 4.970552 1.5909244 46.025356 -1.5844250917434692 0.1908794343471527
Pedestrian 0.0 0 1.0016844272613525 918.918701171875 163.11317443847656 962.8592529296875 219.6604461669922 1.399008 1.6813915 0.5595865 10.108237 1.3921132 22.18363 1.429236888885498 0.11719981580972672
Cyclist 0.0 0 2.9382736682891846 304.00457763671875 181.56906127929688 340.052734375 216.68858337402344 1.6856303 1.8192067 0.6684623 -15.3927145 2.2934246 38.485626 2.5578017234802246 0.36460524797439575
Cyclist 0.0 0 0.8918529152870178 916.9208984375 162.46006774902344 964.4088134765625 218.61575317382812 1.4311529 1.6690172 0.54911804 10.109864 1.3604544 22.20366 1.3191256523132324 0.21072418987751007
Car 0.0 0 2.0092103481292725 154.1281280517578 190.74679565429688 345.3236389160156 284.76788330078125 4.218401 1.4712605 1.7032188 -6.8688445 1.8767068 14.213622 1.5590460300445557 0.9619762301445007
Car 0.0 0 2.635474443435669 457.0663146972656 177.9735870361328 613.5444946289062 230.38079833984375 4.6947885 1.4876244 1.7359867 -2.3520334 1.6652983 22.933796 2.5332741737365723 0.5179153084754944
Car 0.0 0 -0.7488023638725281 1180.4569091796875 156.92808532714844 1242.0 224.87583923339844 4.0192704 1.549034 1.6983198 16.32552 1.1863222 17.310318 0.007325887680053711 0.4577324390411377
Car 0.0 0 1.4826982021331787 299.2625427246094 182.41786193847656 337.408447265625 212.56668090820312 3.468465 1.5270847 1.6399525 -16.106533 2.0788183 39.67803 1.0970895290374756 0.15219342708587646
