Pedestrian 0.0 0 -3.0479726791381836 548.8745727539062 167.10215759277344 566.4129028320312 197.87799072265625 0.9906945 1.8018004 0.4820585 -2.7930634 1.018785 41.644028 -3.1149423122406006 0.6296129822731018
Pedestrian 0.0 0 -2.247441291809082 970.7159423828125 125.22852325439453 1015.6231079101562 195.1918182373047 0.9855183 1.8693877 0.5937101 10.617672 0.39414203 19.424269 -1.7471976280212402 0.49953705072402954
Pedestrian 0.0 0 0.3339213728904724 443.7008056640625 171.57586669921875 461.3464050292969 204.68540954589844 0.82318497 1.8662765 0.6224717 -8.676949 1.36464 40.207848 0.12137842178344727 0.3917067348957062
Pedestrian 0.0 0 0.8345584869384766 502.3503112792969 166.58901977539062 520.148681640625 197.24842834472656 0.9914905 1.8336215 0.5428292 -5.683063 1.0030249 42.808407 0.7025744915008545 0.39112192392349243
Pedestrian 0.0 0 0.7502033710479736 488.6311340332031 169.20228576660156 505.82373046875 200.80152893066406 0.8683862 1.8425225 0.53815067 -6.361861 1.1851381 41.689373 0.5987701416015625 0.37277379631996155
Pedestrian 0.0 0 2.922578811645508 542.284423828125 168.1388702392578 559.4841918945312 194.4000244140625 1.1140361 1.8178244 0.5028987 -3.7740688 0.9634769 49.340385 2.8462369441986084 0.3393593728542328
Pedestrian 0.0 0 -0.2910487949848175 775.8543701171875 151.1956787109375 793.3422241210938 185.14895629882812 0.84906006 1.9769313 0.6296821 10.531391 0.2720619 41.49559 -0.04250118508934975 0.3345407545566559
Pedestrian 0.0 0 -1.8580288887023926 996.2256469726562 138.19876098632812 1020.5101928710938 183.25863647460938 0.6512761 1.8862456 0.7395841 17.086021 0.11696276 29.994251 -1.3402297496795654 0.32160070538520813
Pedestrian 0.0 0 0.484295129776001 825.19873046875 160.47341918945312 850.2747802734375 185.9459228515625 1.6483463 1.777919 0.49047884 16.492771 0.3814112 50.10834 0.8022689819335938 0.1348690241575241
Cyclist 0.0 0 -1.2375737428665161 373.7755432128906 177.7674102783203 396.6768798828125 214.53953552246094 1.7976785 1.6969811 0.47792095 -10.426318 1.5723312 33.530304 -1.5390478372573853 0.8027708530426025
Cyclist 0.0 0 -0.24523544311523438 604.2754516601562 167.26458740234375 634.4588623046875 196.8418426513672 1.7812968 1.8088741 0.5668406 0.8829942 1.0007845 43.71146 -0.22503767907619476 0.7384764552116394
Cyclist 0.0 0 -2.9441018104553223 662.073486328125 162.0569305419922 694.9208984375 193.318359375 1.7969809 1.7693228 0.57097346 4.208169 0.72687495 40.551292 -2.840698003768921 0.49235138297080994
Cyclist 0.0 0 0.484295129776001 825.19873046875 160.47341918945312 850.2747802734375 185.9459228515625 1.6483463 1.777919 0.49047884 16.492771 0.3814112 50.10834 0.8022689819335938 0.2796258330345154
Cyclist 0.0 0 2.9092705249786377 541.7900390625 168.06893920898438 559.6427612304688 194.2518310546875 1.1565303 1.8123406 0.5082228 -3.7866836 0.95318437 49.35378 2.832695245742798 0.23944313824176788
Cyclist 0.0 0 0.7276854515075684 501.8677062988281 166.71803283691406 520.26611328125 197.246337890625 0.99276847 1.827911 0.5465887 -5.6968613 1.0040678 42.834927 0.5954656600952148 0.13271793723106384
Car 0.0 0 -1.4947184324264526 511.1249694824219 173.3869171142578 548.8116455078125 204.90151977539062 3.5946794 1.5084465 1.6232008 -3.7501454 1.1694225 35.657837 -1.599503517150879 0.9167095422744751
Car 0.0 0 2.544678211212158 972.6704711914062 136.17001342773438 1135.7210693359375 184.93922424316406 4.0330577 1.4360316 1.5756224 13.656291 0.1322805 21.67155 3.106971025466919 0.866510272026062
Car 0.0 0 -1.360470175743103 553.2196044921875 176.09515380859375 586.5488891601562 199.35565185546875 3.855103 1.6324519 1.6653363 -2.5172777 1.3246119 51.653126 -1.4091659784317017 0.25996696949005127
