Pedestrian 0.0 0 -0.06175820529460907 510.8380432128906 174.44920349121094 542.105712890625 244.48715209960938 0.6867683 1.614276 0.7694885 -2.0347502 1.6533915 17.08781 -0.1802762746810913 0.6757093071937561
Pedestrian 0.0 0 1.9692472219467163 255.06492614746094 164.20504760742188 272.08538818359375 197.39041137695312 0.87403345 1.9285316 0.6108455 -20.3776 1.4262652 42.380314 1.5210553407669067 0.21504248678684235
Pedestrian 0.0 0 2.7346622943878174 358.4349365234375 185.7620849609375 387.4065246582031 215.6914825439453 1.4870045 1.6859255 0.5964751 -13.821855 2.4500785 41.975677 2.4165618419647217 0.19652590155601501
Pedestrian 0.0 0 2.3964898586273193 627.3551025390625 152.0017547607422 641.74072265625 186.23521423339844 0.5125638 1.946588 0.6620298 1.3747033 0.7612423 41.44348 2.4296481609344482 0.16543817520141602
Pedestrian 0.0 0 -0.1685582399368286 1052.291015625 155.7867889404297 1074.17333984375 188.31838989257812 0.98293006 1.8376797 0.52513486 25.831713 0.8739268 41.1865 0.3916134834289551 0.15028077363967896
Cyclist 0.0 0 -0.3713371753692627 363.3078308105469 187.16326904296875 392.7112121582031 217.74462890625 1.5251783 1.7292352 0.5933958 -13.58978 2.5801392 42.174137 -0.6830618381500244 0.3352941572666168
Cyclist 0.0 0 -1.899552583694458 1136.2099609375 96.08345031738281 1242.0 296.53515625 1.6123316 1.7775753 0.58797634 5.8620024 1.0971437 7.2538385 -1.2198774814605713 0.2932305932044983
Car 0.0 0 2.373901128768921 390.02880859375 181.82867431640625 518.1825561523438 231.14378356933594 4.227584 1.4428984 1.6473935 -5.143828 1.7709203 24.127283 2.1638503074645996 0.8829818964004517
Car 0.0 0 2.582460880279541 611.4974975585938 175.9688262939453 721.96435546875 215.111572265625 4.2508397 1.4738355 1.5886999 2.2693026 1.6072103 29.121994 2.6602277755737305 0.8462498188018799
Car 0.0 0 -0.021290689706802368 550.9488525390625 170.44973754882812 723.1132202148438 238.7003631591797 4.500299 1.782099 1.7362095 0.66599685 1.719679 19.73344 0.012446165084838867 0.7112133502960205
Car 0.0 0 1.3679003715515137 886.1209106445312 167.0733184814453 955.03857421875 212.1630401611328 3.4495797 1.4185979 1.4717817 10.429196 1.2370863 24.53428 1.76984441280365 0.187850683927536
