Pedestrian 0.0 0 0.9155410528182983 1019.99462890625 154.580322265625 1065.757568359375 234.22999572753906 0.7350113 1.8079317 0.58475655 10.005081 1.3935037 16.774343 1.4533472061157227 0.8259212374687195
Pedestrian 0.0 0 -2.9005613327026367 538.2698364257812 183.7576446533203 558.1849975585938 226.52040100097656 0.66675824 1.6687671 0.59509057 -2.4942155 2.107722 28.675726 -2.987323045730591 0.20886729657649994
Pedestrian 0.0 0 2.174083709716797 158.964599609375 180.16659545898438 201.12399291992188 251.99899291992188 0.75772005 1.7902808 0.60424125 -11.03898 1.9817678 18.45858 1.635106086730957 0.15748292207717896
Pedestrian 0.0 0 1.5473756790161133 658.5043334960938 169.63458251953125 674.417724609375 213.8021240234375 1.2213243 1.6752338 0.5841671 2.140793 1.5534816 27.989758 1.6237119436264038 0.15083803236484528
Pedestrian 0.0 0 0.8582611083984375 1135.968505859375 129.30360412597656 1186.376708984375 215.3113250732422 0.6565921 1.7371814 0.5263095 11.333851 0.8579096 14.915001 1.5080657005310059 0.14358730614185333
Cyclist 0.0 0 1.5473756790161133 658.5043334960938 169.63458251953125 674.417724609375 213.8021240234375 1.2213243 1.6752338 0.5841671 2.140793 1.5534816 27.989758 1.6237119436264038 0.21313434839248657
Car 0.0 0 2.369581699371338 0.0 210.68624877929688 375.9676208496094 375.0 3.8191907 1.5029224 1.6002579 -2.4502463 1.747304 2.6963422 1.6319644451141357 0.680468738079071
Car 0.0 0 1.3913249969482422 668.2239990234375 173.56353759765625 703.6622314453125 201.3365478515625 3.9304922 1.7486674 1.6395096 4.9278865 1.7977772 47.552567 1.494586706161499 0.2622215151786804
Car 0.0 0 1.8081278800964355 573.3632202148438 177.99024963378906 607.587890625 202.83961486816406 4.198826 1.8245997 1.7239357 -1.5001646 2.2404585 56.13356 1.7814092636108398 0.13797920942306519
Car 0.0 0 -1.1426085233688354 0.0 148.4636688232422 157.31939697265625 243.54446411132812 3.868474 1.901472 1.6222805 -12.086126 1.4140601 16.485548 -1.7752281427383423 0.1253049224615097
