Pedestrian 0.0 0 1.9919787645339966 482.45611572265625 157.53553771972656 528.655029296875 250.5907745361328 0.82069653 1.8322928 0.65631735 -1.9816102 1.3616726 14.62804 1.8573318719863892 0.8672001957893372
Pedestrian 0.0 0 1.9785826206207275 559.5982666015625 163.9931182861328 609.7835693359375 254.37655639648438 0.849548 1.6364154 0.66404945 -0.3458655 1.3207175 13.520987 1.9530082941055298 0.8239388465881348
Pedestrian 0.0 0 1.0434950590133667 840.9628295898438 144.51039123535156 920.8255004882812 282.8296813964844 0.91250354 1.7486479 0.6127828 3.659295 1.2823564 9.578439 1.4084187746047974 0.8179288506507874
Pedestrian 0.0 0 1.3533377647399902 733.4752807617188 146.44833374023438 778.4851684570312 238.4981231689453 0.62248355 1.6983149 0.7111181 2.869338 1.0528772 13.56507 1.5617891550064087 0.768613338470459
Pedestrian 0.0 0 2.080688238143921 0.0 131.07713317871094 209.87806701660156 374.0 0.82481784 1.623593 0.63199776 -2.4504225 1.4135329 3.4542637 1.463687539100647 0.6159018874168396
Pedestrian 0.0 0 -1.6519888639450073 563.62646484375 164.02197265625 583.6503295898438 212.916748046875 0.8000126 1.6674075 0.6297549 -0.99322605 1.0724458 24.929108 -1.6918097734451294 0.5865107178688049
Pedestrian 0.0 0 1.5938013792037964 358.5030212402344 159.79782104492188 394.68243408203125 258.60546875 0.5338126 1.665699 0.58634907 -3.930468 1.3011276 12.445212 1.2878931760787964 0.5555362105369568
Pedestrian 0.0 0 -1.4971833229064941 545.4675903320312 161.3657989501953 563.4215698242188 210.6350555419922 0.8473754 1.792019 0.60327077 -1.7528397 1.0607449 26.55062 -1.5631064176559448 0.4687207043170929
Pedestrian 0.0 0 -3.1709635257720947 623.8994750976562 161.0167236328125 637.369873046875 189.28529357910156 0.9001929 1.9128691 0.51867557 1.9955362 0.52747595 48.869923 -3.130152463912964 0.43085286021232605
Pedestrian 0.0 0 0.8198648691177368 582.2717895507812 162.55130004882812 608.50927734375 214.11196899414062 0.80060005 1.8259776 0.54697394 -0.2419718 1.155983 25.915161 0.810528039932251 0.4270966947078705
Pedestrian 0.0 0 2.839916944503784 806.771240234375 154.4456024169922 836.5272216796875 222.53794860839844 0.57555115 1.7178494 0.60088503 5.6091304 1.0364964 18.421902 3.1354801654815674 0.4264449179172516
Pedestrian 0.0 0 0.411720871925354 592.7647094726562 165.0104217529297 627.6133422851562 214.38421630859375 1.0725683 1.6802016 0.5653751 0.28115982 1.1201317 24.920406 0.4230027198791504 0.41782012581825256
Pedestrian 0.0 0 -1.0724804401397705 332.0980224609375 192.14427185058594 415.39581298828125 321.5276184082031 0.7055468 1.5453991 0.75882006 -2.9042706 1.6872572 9.0635805 -1.3825761079788208 0.3761198818683624
Pedestrian 0.0 0 0.494011789560318 626.1723022460938 159.67752075195312 671.1428833007812 222.4382781982422 1.1485084 1.7363532 0.55624217 1.3097931 1.1337594 20.411037 0.5580947399139404 0.3705618977546692
Pedestrian 0.0 0 1.9746240377426147 590.2471923828125 154.74839782714844 609.4218139648438 194.93637084960938 0.6642852 1.7981372 0.66242635 -0.082562715 0.60212845 32.5731 1.972089409828186 0.28737419843673706
Pedestrian 0.0 0 2.1218209266662598 639.4315795898438 159.35755920410156 659.1865844726562 198.0957794189453 0.83818865 1.7926706 0.57261795 2.241059 0.7689201 33.74691 2.188131332397461 0.284810334444046
Pedestrian 0.0 0 -2.372340202331543 401.47650146484375 176.79420471191406 439.75537109375 256.4041442871094 0.5611935 1.6783992 0.57488745 -3.9442952 1.5804201 15.530815 -2.6210479736328125 0.2811410129070282
Cyclist 0.0 0 1.533605933189392 524.2063598632812 165.44589233398438 548.8873901367188 233.3872528076172 1.6257572 1.6573288 0.5621252 -1.7051964 1.2669046 18.36252 1.4410085678100586 0.8721206784248352
Cyclist 0.0 0 0.7191477417945862 146.98037719726562 184.99765014648438 273.45361328125 277.66546630859375 1.966892 1.5702685 0.75636107 -6.9977903 1.636685 12.796036 0.21870946884155273 0.40714552998542786
Cyclist 0.0 0 1.6848680973052979 1080.1103515625 118.5673828125 1141.0673828125 249.11941528320312 1.4917256 1.6682478 0.52319497 6.994901 0.86540234 9.9071665 2.2996392250061035 0.33138176798820496
Cyclist 0.0 0 -1.6739107370376587 679.19189453125 165.3995361328125 690.1795654296875 199.12757873535156 1.5819972 1.6607883 0.3858764 4.178069 0.8688806 36.161865 -1.5588828325271606 0.3150235116481781
Cyclist 0.0 0 0.38187912106513977 590.5967407226562 165.18479919433594 628.817138671875 214.65557861328125 1.1911924 1.6819832 0.59282327 0.26476803 1.128349 24.92213 0.3925025463104248 0.1362387090921402
