Pedestrian 0.0 0 -2.0326974391937256 871.7179565429688 183.8760223388672 930.1497802734375 267.9447326660156 1.0243145 1.7402122 0.7977287 6.229134 1.987498 15.618701 -1.653204083442688 0.6745820641517639
Pedestrian 0.0 0 -1.6135058403015137 594.7388305664062 157.7124481201172 609.1163330078125 194.90963745117188 0.5470455 1.935051 0.73019516 -0.4624868 1.1477239 37.825813 -1.6257319450378418 0.283969908952713
Pedestrian 0.0 0 -1.343017339706421 456.5418395996094 147.432373046875 473.79730224609375 192.54058837890625 0.51008177 2.041013 0.6746056 -6.6430726 0.8911174 32.909283 -1.5422009229660034 0.179812952876091
Pedestrian 0.0 0 -0.8135380744934082 988.752197265625 163.73133850097656 1014.2960205078125 208.27603149414062 0.60418946 1.8026813 0.6969532 16.02948 1.4338537 29.622572 -0.31753507256507874 0.17580890655517578
Pedestrian 0.0 0 1.0435574054718018 1051.924072265625 145.79103088378906 1081.4754638671875 193.99359130859375 0.8619977 1.8463384 0.6213941 17.721226 0.81008303 28.076685 1.6065829992294312 0.17020566761493683
Pedestrian 0.0 0 -1.619521975517273 871.2291259765625 157.5424346923828 892.1790771484375 209.68577575683594 0.8536124 1.8026606 0.64871955 9.531805 1.2736785 25.447065 -1.2611249685287476 0.168714702129364
Pedestrian 0.0 0 -2.518455982208252 532.2036743164062 145.97882080078125 550.8175048828125 188.52662658691406 0.5888479 2.0058029 0.69805336 -3.3082666 0.7392027 34.462013 -2.6141602993011475 0.164078488945961
Pedestrian 0.0 0 -2.4386465549468994 1201.0543212890625 175.8218994140625 1242.0 305.9407958984375 0.5700078 1.6363832 0.5316638 8.158937 1.6767774 9.408347 -1.724250316619873 0.16282640397548676
Pedestrian 0.0 0 0.8566720485687256 945.5892944335938 166.1853485107422 1004.8783569335938 267.45916748046875 0.8639621 1.8645941 0.5858258 6.907286 1.7421725 13.772674 1.3215358257293701 0.15620003640651703
Pedestrian 0.0 0 -0.965755820274353 1126.72802734375 128.46681213378906 1182.43115234375 231.6619110107422 0.53035825 1.75614 0.5802104 9.47902 1.0011315 12.63528 -0.32212504744529724 0.1539096087217331
Pedestrian 0.0 0 -2.694706678390503 519.7127075195312 148.63021850585938 538.420654296875 193.72940063476562 0.55176723 1.9237633 0.7108977 -3.5377355 0.89082444 31.201614 -2.807607650756836 0.14866754412651062
Pedestrian 0.0 0 -1.6296597719192505 566.9894409179688 150.6640625 579.8446044921875 184.50440979003906 0.6753511 1.851916 0.6696843 -2.0590603 0.6379282 39.855988 -1.6812764406204224 0.14763884246349335
Pedestrian 0.0 0 -3.384584665298462 809.8700561523438 172.86865234375 844.6089477539062 237.39334106445312 0.8030718 1.7663652 0.60050726 5.9876933 1.7671374 20.068287 -3.094627618789673 0.1364068239927292
Pedestrian 0.0 0 -0.8619180917739868 1014.5982055664062 178.4394073486328 1048.5220947265625 231.82640075683594 0.75148034 1.633095 0.561266 13.120483 1.8109531 22.538702 -0.3347410261631012 0.12920109927654266
Pedestrian 0.0 0 2.018303394317627 1156.2080078125 199.67645263671875 1222.1749267578125 305.4477844238281 0.7725188 1.6586752 0.57626504 9.543046 2.119488 11.956345 2.6919198036193848 0.12867076694965363
Pedestrian 0.0 0 -1.9962432384490967 984.6478881835938 181.26719665527344 1016.5953369140625 234.24212646484375 0.9946812 1.6249025 0.52229154 12.291001 1.897213 22.806452 -1.501941442489624 0.11451119184494019
Pedestrian 0.0 0 -1.5261789560317993 854.5198364257812 162.75726318359375 878.81298828125 223.2737579345703 0.9272608 1.8142837 0.6648762 7.8509417 1.5119413 22.183455 -1.1860252618789673 0.11121059209108353
Pedestrian 0.0 0 -1.3278400897979736 466.7440185546875 153.47607421875 481.9411315917969 192.01309204101562 0.82538646 1.8977 0.5633985 -6.794411 0.9438202 35.9562 -1.514601469039917 0.10512914508581161
Pedestrian 0.0 0 -3.6469807624816895 1014.47900390625 204.41969299316406 1084.920654296875 325.127197265625 0.6393605 1.7064884 0.6910428 6.4769816 2.1925263 10.741892 -3.104384183883667 0.10501667112112045
Cyclist 0.0 0 -2.3821358680725098 965.9379272460938 193.5893096923828 1082.640869140625 319.89520263671875 1.6164346 1.7582862 0.56686693 6.3111773 2.1045592 11.178458 -1.8681646585464478 0.11240561306476593
Car 0.0 0 -1.7483909130096436 675.144287109375 184.2230987548828 762.8180541992188 248.1931610107422 4.1543536 1.4959148 1.6269583 2.8073602 1.84027 19.723715 -1.607006311416626 0.9501419067382812
Car 0.0 0 -0.9400380253791809 420.9421691894531 153.18186950683594 478.3197021484375 185.9403533935547 4.683437 2.3503325 1.7967999 -12.018649 0.9392678 54.27106 -1.1579766273498535 0.10655388236045837
Car 0.0 0 -1.6372519731521606 556.3731689453125 158.390869140625 580.8296508789062 183.46713256835938 4.5584 2.142669 1.8615679 -3.730848 0.90720916 64.02707 -1.6954560279846191 0.10628104209899902
