Pedestrian 0.0 0 -1.230402946472168 734.5553588867188 160.23167419433594 758.925537109375 209.38592529296875 0.73056334 1.7973449 0.68815964 5.0515585 1.3361628 26.869257 -1.0445669889450073 0.46593335270881653
Pedestrian 0.0 0 -1.6755280494689941 685.0369873046875 162.7261962890625 698.4304809570312 203.1256866455078 0.6356656 1.6758003 0.49295953 3.3822243 1.2560502 30.246632 -1.56416916847229 0.4600033462047577
Car 0.0 0 -1.8437860012054443 722.26416015625 173.61106872558594 871.4031982421875 271.5593566894531 3.6096797 1.492008 1.6038637 3.0926168 1.5077744 12.849617 -1.6076003313064575 0.984916090965271
Car 0.0 0 -1.8238675594329834 691.5064697265625 177.0465850830078 790.3995971679688 243.1431427001953 3.5789557 1.4834653 1.5904224 3.150791 1.6007698 18.274748 -1.6531338691711426 0.9555619359016418
Car 0.0 0 1.8632500171661377 334.07318115234375 185.4521942138672 437.7712097167969 252.1477813720703 3.7353563 1.5207136 1.5919975 -5.8235965 1.8860099 19.027126 1.5662355422973633 0.9513936638832092
Car 0.0 0 1.8026793003082275 405.42596435546875 187.28746032714844 474.465576171875 236.53431701660156 3.3914187 1.4588374 1.4999894 -5.6360164 1.9745517 24.063162 1.5726089477539062 0.9117199778556824
Car 0.0 0 -2.2199792861938477 884.61279296875 182.3080596923828 1242.0 375.0 3.8817575 1.5275878 1.6399964 3.1900663 1.6106899 4.3575945 -1.5880522727966309 0.8749880194664001
Car 0.0 0 -1.7175564765930176 684.9331665039062 178.22105407714844 748.3448486328125 224.88543701171875 3.40938 1.3976115 1.5621518 3.3843646 1.5870552 23.70908 -1.5757688283920288 0.8457818031311035
Car 0.0 0 2.502211570739746 0.0 222.31031799316406 87.36740112304688 375.0 4.1837215 1.5781505 1.6766218 -5.5087266 2.0137825 4.241968 1.5876224040985107 0.544660747051239
Car 0.0 0 0.5769926905632019 0.0 183.2667694091797 177.9064178466797 235.6967010498047 3.9850836 1.4066265 1.5243843 -14.822817 1.7159799 20.552036 -0.047842226922512054 0.4650362730026245
