Pedestrian 0.0 0 -1.722424030303955 355.873291015625 188.6194610595703 381.3321228027344 236.20384216308594 0.75633997 1.5824306 0.71519226 -8.18698 1.7018263 24.473225 -2.0452494621276855 0.6917502880096436
Pedestrian 0.0 0 3.2391111850738525 502.8279724121094 164.9275665283203 535.2952880859375 209.0858612060547 1.3031349 1.8381896 0.61560524 -3.7610803 0.99478084 30.245 3.1153924465179443 0.16866716742515564
Pedestrian 0.0 0 -0.46833473443984985 681.0300903320312 164.51150512695312 706.21484375 207.39401245117188 0.8120964 1.704395 0.62892246 3.424824 0.8826244 29.002506 -0.35079190135002136 0.1311243176460266
Cyclist 0.0 0 0.35706841945648193 378.4177551269531 148.37437438964844 473.14215087890625 234.2081298828125 1.786952 1.7044557 0.56450695 -3.745 0.974005 14.646845 0.10674500465393066 0.38472291827201843
Cyclist 0.0 0 3.0554304122924805 481.05670166015625 157.21315002441406 507.1478271484375 185.3720703125 1.694817 1.8798248 0.56653905 -7.686272 0.011569648 48.464592 2.8981447219848633 0.17558369040489197
Car 0.0 0 -1.2262028455734253 249.20448303222656 186.18116760253906 371.19140625 247.05410766601562 4.270538 1.4616821 1.6967539 -7.9318547 1.4919147 19.495079 -1.6126128435134888 0.890126645565033
Car 0.0 0 -1.6233580112457275 578.2189331054688 178.59059143066406 615.8116455078125 210.60165405273438 3.7528682 1.4869157 1.6408514 -0.607446 1.1803107 35.31618 -1.6405565738677979 0.8877602219581604
Car 0.0 0 -0.7688359022140503 0.0 109.90031433105469 75.6823501586914 269.54351806640625 3.978104 1.5753993 1.6893036 -9.120383 0.8332994 9.091553 -1.5558171272277832 0.29073187708854675
Car 0.0 0 -1.724379301071167 471.2990417480469 159.84092712402344 503.48065185546875 185.5941925048828 3.6685631 1.7146742 1.6539965 -8.403207 0.026331969 49.859673 -1.8913474082946777 0.1791306585073471
Car 0.0 0 -1.4190504550933838 361.7988586425781 182.5178680419922 425.2922058105469 228.8914337158203 3.958116 1.5606776 1.640336 -7.7744293 1.4710146 26.260954 -1.7068750858306885 0.13667351007461548
Car 0.0 0 -1.9101543426513672 586.0029296875 169.19149780273438 627.4473266601562 193.47276306152344 3.991937 1.6211468 1.6498593 -0.1387927 0.55241627 50.147945 -1.9129220247268677 0.12724296748638153
