Pedestrian 0.0 0 -2.715963840484619 1065.1112060546875 172.60360717773438 1117.2337646484375 266.35491943359375 0.6252401 1.6811646 0.5660729 8.849522 1.6770324 13.351195 -2.130624771118164 0.1440190076828003
Pedestrian 0.0 0 1.606613278388977 456.68853759765625 180.60850524902344 486.3021545410156 265.2868957519531 0.6554856 1.5769435 0.53831846 -2.7062833 1.7302938 13.867039 1.4138764142990112 0.11176363378763199
Pedestrian 0.0 0 -0.48778071999549866 856.5285034179688 156.23052978515625 877.8959350585938 200.7401885986328 0.59534496 1.8024421 0.63678837 10.497931 1.1296242 29.574787 -0.14669212698936462 0.10453053563833237
Cyclist 0.0 0 -1.974709391593933 784.957275390625 165.3133544921875 837.4969482421875 235.561279296875 2.039321 1.8262285 0.63143885 5.441977 1.6305528 19.808012 -1.7065885066986084 0.8924868702888489
Car 0.0 0 -1.6249221563339233 584.6624755859375 176.2682647705078 641.3626098632812 227.59762573242188 4.5022273 1.6786289 1.7932967 -0.0208447 1.8138279 26.196278 -1.6257178783416748 0.8961420059204102
Car 0.0 0 -1.4050135612487793 445.0980529785156 168.724365234375 499.55523681640625 211.1436767578125 3.399371 1.5478227 1.5389748 -5.328932 1.3974961 28.041393 -1.592812180519104 0.16557247936725616
Car 0.0 0 1.674471139907837 523.2349243164062 176.9156494140625 545.3201904296875 195.7989501953125 3.700028 1.5603278 1.5226781 -6.528206 1.9216166 62.26466 1.5700067281723022 0.1629188507795334
Car 0.0 0 1.633023977279663 585.2298583984375 177.9706573486328 619.5137329101562 204.79298400878906 4.349378 1.4317306 1.7091802 -0.42346698 1.742635 41.57346 1.6228383779525757 0.15501216053962708
Car 0.0 0 1.5043599605560303 708.049072265625 182.6204071044922 735.6953735351562 208.0640106201172 3.8680706 1.6107442 1.602397 7.5611863 2.3041432 49.20308 1.656840205192566 0.12765008211135864
Car 0.0 0 -1.7534403800964355 741.5997314453125 163.69186401367188 783.4959716796875 197.93043518066406 4.3556194 1.9729484 1.7132254 9.15802 1.4453511 43.772243 -1.547195553779602 0.12124206125736237
Car 0.0 0 -1.3247828483581543 476.38092041015625 167.8477783203125 530.0250244140625 202.65548706054688 3.6914313 1.5284616 1.6207608 -4.947469 1.3089883 33.5984 -1.4709852933883667 0.10753672569990158
Car 0.0 0 1.667563796043396 144.11001586914062 187.60243225097656 187.44244384765625 220.73155212402344 3.7439358 1.5782558 1.6007913 -23.504465 2.401349 38.214638 1.1161410808563232 0.10267000645399094
