Car 0.0 0 -0.616096019744873 966.8861694335938 181.68453979492188 1242.0 334.2894592285156 4.0606117 1.4690562 1.6198094 6.3268065 1.5782453 7.9697084 0.05488777160644531 0.9559817314147949
Car 0.0 0 3.4610822200775146 213.354248046875 186.14089965820312 416.6444396972656 260.7763977050781 4.1465015 1.6360536 1.707044 -6.923217 1.9703941 17.149202 3.0773861408233643 0.9451320171356201
Car 0.0 0 3.651496648788452 0.0 193.01512145996094 318.124267578125 315.0743408203125 4.439092 1.4891162 1.6424683 -6.694408 1.7995843 10.110531 3.0666468143463135 0.9031204581260681
Car 0.0 0 -2.930779457092285 408.0447082519531 187.11288452148438 504.7327575683594 223.16673278808594 3.8092525 1.4765399 1.6250718 -6.588471 2.10582 31.00709 -3.140148401260376 0.8790368437767029
Car 0.0 0 1.432547688484192 631.1152954101562 183.56692504882812 674.7672729492188 216.9952850341797 4.052252 1.5410682 1.6607808 2.0869431 2.1171303 36.68517 1.4893743991851807 0.8744093775749207
Car 0.0 0 -2.6066248416900635 85.30272674560547 193.0838165283203 365.0418701171875 289.905029296875 4.109008 1.5304768 1.572529 -6.6740856 1.9107887 12.661408 -3.0917325019836426 0.8733876347541809
Car 0.0 0 -2.4059739112854004 0.0 189.0045166015625 187.79676818847656 343.5635986328125 3.682425 1.4779199 1.579904 -6.965592 1.6728222 7.8774705 -3.130014419555664 0.8712226152420044
Car 0.0 0 -0.5856460332870483 894.6722412109375 189.7752685546875 1219.3128662109375 308.57098388671875 3.7454822 1.5336851 1.6088282 6.263882 1.8001626 10.455359 -0.0458831787109375 0.8697492480278015
Car 0.0 0 -0.4069157540798187 806.997802734375 187.597412109375 1005.4259643554688 265.69232177734375 3.6826606 1.5816416 1.593253 6.3229747 1.9215776 15.772522 -0.0256462674587965 0.8619111776351929
Car 0.0 0 2.701677083969116 818.7078857421875 193.07183837890625 1070.283935546875 288.99761962890625 3.8930063 1.6095583 1.6127939 5.9797516 2.006153 13.2982025 3.124253273010254 0.8518339991569519
Car 0.0 0 2.7270970344543457 756.7129516601562 189.29818725585938 936.3978271484375 260.2513122558594 4.0380664 1.6650232 1.6619657 5.922635 2.109419 18.445024 3.037794351577759 0.8251062631607056
Car 0.0 0 -2.486917018890381 920.7398681640625 219.6743621826172 1242.0 375.0 3.711534 1.5470442 1.6321224 2.823543 1.8427118 2.6239667 -1.6648988723754883 0.7884714603424072
Car 0.0 0 -2.280552864074707 0.0 217.77963256835938 138.91104125976562 375.0 4.112984 1.4701496 1.6321642 -6.0948296 1.8510807 5.2841616 -3.137073516845703 0.7675908803939819
Car 0.0 0 -0.3715825080871582 721.2828369140625 189.62925720214844 877.2868041992188 247.5904998779297 4.156202 1.5770916 1.5802745 5.4731064 2.0957983 21.259996 -0.1196168065071106 0.7472094297409058
