Pedestrian 0.0 0 1.8878096342086792 535.2697143554688 171.75479125976562 564.0191040039062 219.76846313476562 0.98228776 1.6589422 0.74589 -1.8453805 1.3232995 25.383713 1.8152378797531128 0.6179291605949402
Pedestrian 0.0 0 1.968201756477356 218.33775329589844 134.91127014160156 364.7859191894531 374.0 0.78957427 1.5891832 0.5882903 -1.9613711 1.3234454 4.5149956 1.5583856105804443 0.6014972925186157
Pedestrian 0.0 0 -3.1532363891601562 749.2125244140625 153.98312377929688 774.8970947265625 205.28297424316406 0.8873583 1.8099467 0.63116485 5.7279496 0.840163 25.741615 -2.93428635597229 0.5038012266159058
Pedestrian 0.0 0 -2.642185926437378 995.1339111328125 120.60755920410156 1187.72998046875 374.0 0.6158542 1.6277682 0.59742415 2.4655366 1.3487451 3.717641 -2.0565876960754395 0.46348682045936584
Pedestrian 0.0 0 -1.1904373168945312 1048.221923828125 59.11886978149414 1238.0 374.0 0.6239049 1.6172563 0.6216595 2.029053 1.2560188 2.550824 -0.5184769034385681 0.4305957853794098
Pedestrian 0.0 0 1.6272990703582764 689.82373046875 156.2614288330078 710.503173828125 207.5432891845703 1.0555272 1.7416468 0.6557531 3.4160092 0.8855635 24.974382 1.7632360458374023 0.25600141286849976
Pedestrian 0.0 0 1.6832807064056396 696.3970336914062 160.11338806152344 723.0327758789062 221.94581604003906 0.5631034 1.7646538 0.70735407 3.1189508 1.1554364 20.86141 1.8316895961761475 0.2550821602344513
Pedestrian 0.0 0 2.957665205001831 579.9990844726562 165.77020263671875 599.2740478515625 193.61624145507812 1.1602179 1.7695205 0.5112133 -0.7503427 0.77066064 46.010994 2.941358804702759 0.24033528566360474
Pedestrian 0.0 0 0.3599323630332947 589.6019287109375 163.08241271972656 602.3065795898438 185.90992736816406 0.9518922 1.8976601 0.48923254 -0.43029317 0.36707452 60.106834 0.35277366638183594 0.14934158325195312
Cyclist 0.0 0 1.5584670305252075 691.09521484375 158.02964782714844 710.9213256835938 210.9051971435547 1.0100348 1.7923858 0.6653566 3.4195254 0.99785894 24.889994 1.6949979066848755 0.2288326621055603
Cyclist 0.0 0 1.9095706939697266 536.527587890625 172.35699462890625 562.6929931640625 221.62242126464844 0.9195385 1.7032524 0.6545865 -1.8462716 1.3882191 25.362015 1.836902141571045 0.11034820973873138
Cyclist 0.0 0 -2.0199952125549316 748.5377197265625 154.4251708984375 776.01953125 205.10958862304688 0.87843305 1.7820425 0.64232206 5.738296 0.83116305 25.754597 -1.8007694482803345 0.10141301900148392
Car 0.0 0 1.7716038227081299 421.15802001953125 145.3685302734375 546.318603515625 256.30731201171875 3.9861226 1.8482856 1.6172974 -2.162647 1.2476065 13.994341 1.6182794570922852 0.6550863981246948
Car 0.0 0 -1.6350616216659546 662.9390258789062 159.42453002929688 694.6270141601562 187.060791015625 3.8476515 1.5709 1.6237644 4.566644 0.31688154 42.78525 -1.5287301540374756 0.3012797236442566
Car 0.0 0 1.352510690689087 754.5626220703125 171.02847290039062 807.5402221679688 207.2906036376953 3.4587848 1.4834356 1.5019906 7.7058764 1.0560492 31.130686 1.5951663255691528 0.1954311579465866
Car 0.0 0 -1.739596962928772 650.722412109375 170.3602294921875 679.7262573242188 192.8951873779297 3.768579 1.6717333 1.6047734 4.8886995 0.84592384 55.229046 -1.6513102054595947 0.15313521027565002
