Pedestrian 0.0 0 -0.5736206769943237 1061.48583984375 125.38684844970703 1105.546142578125 209.3456573486328 0.59347725 1.8464248 0.6012338 10.552573 0.8028833 16.167332 0.00465703010559082 0.20204508304595947
Pedestrian 0.0 0 -1.4185947179794312 60.25568771362305 152.0551300048828 85.80831146240234 199.6688995361328 0.64047927 1.9708807 0.77440053 -22.605513 1.1103091 30.328384 -2.0591185092926025 0.1813742071390152
Pedestrian 0.0 0 -0.2545717656612396 318.00274658203125 178.49163818359375 334.84771728515625 205.6255340576172 0.9584404 1.810068 0.5300649 -19.222315 2.1958754 48.83282 -0.6295791864395142 0.12107580155134201
Pedestrian 0.0 0 2.4451143741607666 844.9520263671875 174.5853729248047 870.4467163085938 218.1847686767578 0.6789047 1.6512169 0.63481975 9.489968 1.719233 27.775019 2.7743515968322754 0.11746655404567719
Cyclist 0.0 0 2.069389820098877 221.7330780029297 177.42686462402344 249.79507446289062 211.9973907470703 1.819831 1.8093084 0.5408341 -20.204971 2.062129 38.91737 1.5905193090438843 0.7968501448631287
Car 0.0 0 2.243379592895508 0.0 195.87405395507812 135.67831420898438 253.49990844726562 3.349337 1.4793441 1.6795791 -16.20197 2.2222807 21.574656 1.5992566347122192 0.9628781676292419
Car 0.0 0 2.034900188446045 340.24444580078125 184.11679077148438 389.21978759765625 209.3308563232422 3.575632 1.4764664 1.5023941 -15.543334 2.2209628 45.79599 1.7076961994171143 0.7712470889091492
Car 0.0 0 2.2112643718719482 165.20855712890625 187.09576416015625 240.53338623046875 217.3932342529297 3.908922 1.537807 1.6892296 -22.844128 2.379779 40.590176 1.6986474990844727 0.2625604271888733
Car 0.0 0 1.8209617137908936 351.70147705078125 165.49285888671875 387.3592224121094 189.09149169921875 4.352316 1.8526803 1.7379183 -19.591501 1.2751306 58.876083 1.499728798866272 0.24878254532814026
Car 0.0 0 2.1947503089904785 130.90072631835938 186.1291046142578 214.07879638671875 218.49093627929688 4.4923434 1.653385 1.7517279 -24.8115 2.4518082 41.06494 1.6512471437454224 0.18467023968696594
