Pedestrian 0.0 0 1.8637712001800537 330.02056884765625 159.78245544433594 383.7822570800781 263.48077392578125 0.80678946 1.8537974 0.7367187 -4.7080617 1.6204774 13.316274 1.5239310264587402 0.2887980341911316
Pedestrian 0.0 0 3.245720148086548 521.4985961914062 172.83096313476562 540.4429931640625 213.4561767578125 0.77075416 1.7930313 0.7237834 -3.563314 1.792373 32.20721 3.135531187057495 0.2805122435092926
Pedestrian 0.0 0 1.7541823387145996 507.989013671875 170.4907989501953 527.3358764648438 214.48504638671875 1.4226996 1.8131219 0.56236875 -3.9302864 1.7160857 30.459526 1.6258583068847656 0.11027880758047104
Cyclist 0.0 0 1.860243797302246 505.5650634765625 174.30099487304688 527.2197265625 216.63710021972656 1.5490195 1.7304128 0.48348486 -3.9677658 1.793245 30.346786 1.7302337884902954 0.14674510061740875
Cyclist 0.0 0 1.5944902896881104 857.6856079101562 144.67066955566406 888.3524169921875 275.52978515625 1.5599056 1.8597296 0.4101125 3.99082 1.4595546 11.052832 1.940990686416626 0.1042863056063652
Cyclist 0.0 0 1.9381709098815918 317.4972229003906 141.3273162841797 374.55572509765625 246.0275115966797 0.8860239 1.8369794 0.7040519 -4.829876 1.2841971 13.104722 1.5850582122802734 0.10082954913377762
Car 0.0 0 2.084712266921997 0.0 172.14759826660156 373.0060729980469 375.0 3.5873435 1.5140812 1.5641025 -3.531081 1.5099621 6.3699384 1.5785467624664307 0.9656250476837158
Car 0.0 0 -1.5436676740646362 677.8770751953125 175.21633911132812 726.0385131835938 231.28848266601562 3.7902443 1.8208535 1.5709516 3.2642713 1.911526 25.58917 -1.4167883396148682 0.5793123245239258
Car 0.0 0 1.4501733779907227 643.015380859375 182.6542205810547 672.4493408203125 207.48268127441406 4.1229014 1.6327949 1.5923402 3.3182998 2.3573117 51.21044 1.5148802995681763 0.20966684818267822
Car 0.0 0 -3.472829818725586 946.9938354492188 178.29307556152344 1073.59326171875 213.6485137939453 4.2031083 1.3505671 1.436613 15.9293 1.5772544 28.954866 -2.969877243041992 0.1406174898147583
Car 0.0 0 -1.5649638175964355 547.3040161132812 153.80160522460938 582.0418090820312 187.6814422607422 4.015553 1.6993138 1.7414112 -2.4286962 0.74405926 38.24204 -1.628387212753296 0.11212678998708725
