Pedestrian 0.0 0 -1.0255317687988281 0.0 146.39846801757812 27.71895408630371 198.09962463378906 0.57337224 1.9574311 0.7622322 -22.971205 0.95616955 27.654736 -1.7186800241470337 0.2604779601097107
Pedestrian 0.0 0 1.2457067966461182 255.8327178955078 150.4904022216797 282.57647705078125 203.9494171142578 0.7076555 1.786005 0.6299677 -11.654654 1.0392203 24.576347 0.8028931617736816 0.2428440898656845
Pedestrian 0.0 0 -0.6403462886810303 734.548583984375 114.81209564208984 832.5731201171875 279.3198547363281 0.8909146 1.8352414 0.69289017 1.9913603 1.1880863 8.542351 -0.4113202691078186 0.14384527504444122
Pedestrian 0.0 0 -1.435715913772583 806.0493774414062 153.57110595703125 823.4844360351562 197.57542419433594 0.52552384 1.8591409 0.65307534 8.716893 1.044815 30.85277 -1.1603608131408691 0.12989981472492218
Pedestrian 0.0 0 1.2648582458496094 914.3616333007812 146.40267944335938 959.0830688476562 219.11062622070312 1.0543635 1.8473186 0.7832051 8.492913 1.1756176 18.898735 1.6872053146362305 0.11126218736171722
Pedestrian 0.0 0 -1.1951799392700195 357.00286865234375 184.41293334960938 379.8311462402344 224.01651000976562 0.929369 1.718935 0.6692666 -10.773965 2.2409134 32.076813 -1.5192209482192993 0.10410614311695099
Cyclist 0.0 0 -0.32528412342071533 1027.07470703125 158.5669708251953 1053.7640380859375 183.57725524902344 1.532446 1.8062935 0.68354875 31.344398 0.77481306 52.603565 0.21208620071411133 0.13590838015079498
Cyclist 0.0 0 -0.24555593729019165 959.4801025390625 163.35658264160156 986.9217529296875 188.0381622314453 1.7039915 1.8166406 0.69246763 26.959408 1.117958 53.628635 0.22025370597839355 0.13125061988830566
Car 0.0 0 -0.1296801120042801 584.8045654296875 189.32687377929688 663.2482299804688 218.8293914794922 4.1166077 1.5260851 1.674138 0.70084107 2.454094 39.567993 -0.11196963489055634 0.8129663467407227
Car 0.0 0 1.4885613918304443 571.1620483398438 186.7584991455078 592.352294921875 206.08367919921875 3.951749 1.5330725 1.5018239 -2.4857621 2.772512 62.24351 1.4486465454101562 0.19692464172840118
Car 0.0 0 -3.2875285148620605 867.189453125 160.72166442871094 928.7272338867188 181.09693908691406 4.2957582 1.5659074 1.6736907 22.572096 0.63385457 56.75919 -2.909022092819214 0.14921128749847412
Car 0.0 0 -0.21759653091430664 1018.22900390625 149.7571258544922 1131.187255859375 184.5227813720703 4.170417 1.5504209 1.6465291 21.528345 0.52074325 33.6658 0.35134220123291016 0.11152292042970657
