Pedestrian 0.0 0 0.11399320513010025 475.1545715332031 161.92373657226562 488.2201843261719 190.84288024902344 0.78675216 1.8946277 0.5935637 -8.491282 1.1788925 47.589348 -0.06257686764001846 0.39072319865226746
Pedestrian 0.0 0 2.000227212905884 575.3143310546875 157.62432861328125 601.589599609375 211.5355224609375 0.75728154 1.8533802 0.66644895 -0.7954697 1.3301665 25.280746 1.968772053718567 0.3154742419719696
Pedestrian 0.0 0 -3.291152000427246 820.3804321289062 162.04043579101562 834.0556030273438 190.73362731933594 0.8092467 1.9286814 0.57383734 14.670348 1.2021796 48.83852 -2.999342203140259 0.2607048749923706
Pedestrian 0.0 0 -2.728498935699463 547.9319458007812 164.72433471679688 572.0302734375 195.5836639404297 1.2552676 1.7414162 0.5548916 -2.8892071 1.2830104 41.18657 -2.7985334396362305 0.24535855650901794
Car 0.0 0 3.0054738521575928 601.8731689453125 168.3973388671875 670.74365234375 196.13858032226562 3.5687306 1.475104 1.5713779 1.3694761 1.2384849 39.32621 3.040283203125 0.8755140900611877
Car 0.0 0 1.2182180881500244 757.687255859375 163.6948699951172 799.646240234375 185.54739379882812 4.204401 1.5430554 1.6512326 12.33643 0.896667 53.135033 1.446347713470459 0.7574611306190491
Car 0.0 0 0.8168561458587646 1034.1553955078125 161.4527130126953 1093.76171875 183.09681701660156 3.942305 1.5872992 1.5679266 34.503647 0.7515282 54.997387 1.3771570920944214 0.7227490544319153
Car 0.0 0 1.1511508226394653 788.0573120117188 164.50802612304688 831.0223999023438 185.01979064941406 4.0525694 1.4817092 1.5938717 14.9185705 0.87917924 54.24226 1.4195504188537598 0.5218074321746826
Car 0.0 0 2.812044858932495 42.847496032714844 172.6210174560547 180.6002960205078 213.7405548095703 4.4826183 1.6069369 1.7074988 -20.984655 1.5981903 30.503176 2.2094521522521973 0.4657455384731293
Car 0.0 0 -2.0783560276031494 832.0510864257812 164.01052856445312 880.94384765625 185.17613220214844 4.0732975 1.5080122 1.657338 18.207693 0.8782888 53.55755 -1.750648856163025 0.38547396659851074
Car 0.0 0 0.9839906692504883 965.1150512695312 162.41146850585938 1019.5095825195312 184.98463439941406 3.8987544 1.5977658 1.6485304 28.03496 0.8589839 53.091415 1.4698262214660645 0.268677294254303
Car 0.0 0 1.783134937286377 218.9609375 166.9859161376953 256.0516052246094 192.3331756591797 4.1695313 1.8676643 1.6905308 -28.567932 1.4356441 55.395454 1.3069992065429688 0.2646216154098511
