Pedestrian 0.0 0 -3.282658576965332 820.6052856445312 171.08831787109375 886.2008056640625 269.0152282714844 1.1772811 1.9025682 0.5018226 4.7807083 1.8686218 14.367937 -2.96144700050354 0.2626822888851166
Pedestrian 0.0 0 1.832879662513733 890.2869262695312 152.96690368652344 950.313720703125 273.3782043457031 0.50780046 1.7286949 0.7180688 4.5818496 1.443542 10.777297 2.234868049621582 0.24613873660564423
Pedestrian 0.0 0 -1.7244675159454346 330.6092224121094 173.9868927001953 374.6256408691406 260.25140380859375 0.82859415 1.7531455 0.7541494 -5.486159 1.7782584 15.2196045 -2.0704360008239746 0.229706808924675
Car 0.0 0 -1.3740864992141724 455.2635498046875 184.5655059814453 541.591064453125 244.56895446777344 3.9041936 1.4228648 1.608601 -3.006307 1.7780467 19.870321 -1.5242440700531006 0.9622358679771423
Car 0.0 0 1.8277363777160645 317.565673828125 173.39419555664062 494.9217834472656 293.8721618652344 4.21684 1.6396234 1.7572068 -3.1674662 1.650507 11.946202 1.5685559511184692 0.9438129663467407
Car 0.0 0 -1.9944603443145752 809.8951416015625 198.80931091308594 1242.0 375.0 3.5594642 1.4450128 1.5477173 2.3458042 1.6711447 4.4496675 -1.509300947189331 0.9062140583992004
Car 0.0 0 1.4928255081176758 631.0375366210938 176.7169189453125 669.7551879882812 206.9599609375 3.9699667 1.4351275 1.6532997 1.9677379 1.6429989 36.753204 1.5463136434555054 0.8043298125267029
Car 0.0 0 1.8177025318145752 552.0943603515625 170.65663146972656 586.6939086914062 192.54580688476562 4.2543097 1.6128526 1.6646308 -3.098097 1.451302 55.40857 1.7618470191955566 0.736906886100769
Car 0.0 0 -1.6037237644195557 522.2284545898438 175.6622772216797 546.0390014648438 197.17190551757812 3.5914218 1.4852535 1.5901372 -5.5445137 1.696143 52.20141 -1.7095409631729126 0.33459389209747314
Car 0.0 0 2.5418200492858887 0.0 0.0 1242.0 375.0 3.4256303 1.5848182 1.6103951 -1.4165024 1.6785839 1.8620445 1.8914906978607178 0.26935526728630066
Car 0.0 0 -1.6257888078689575 626.2554931640625 165.9671173095703 652.5910034179688 191.47885131835938 4.5097003 1.8716677 1.7599347 2.184104 1.3667696 55.201042 -1.5862430334091187 0.23307070136070251
