Car 0.0 0 -1.7224373817443848 659.844970703125 180.7706298828125 740.4054565429688 241.0149688720703 4.2323275 1.5060335 1.6448561 2.4275331 1.7575208 20.74196 -1.6059324741363525 0.9609479904174805
Car 0.0 0 -2.5992724895477295 138.14341735839844 189.6864471435547 382.7858581542969 282.8436584472656 3.9870887 1.6233597 1.6239748 -6.693995 1.9719087 13.926757 -3.0473263263702393 0.9473999738693237
Car 0.0 0 -1.9560625553131104 723.6259765625 192.0675048828125 917.4427490234375 315.76824951171875 3.4286253 1.4682504 1.5842165 2.9184787 1.8073618 10.919534 -1.6948957443237305 0.9466807246208191
Car 0.0 0 0.7590239644050598 0.0 189.12710571289062 205.7366943359375 360.9384460449219 4.1323843 1.420941 1.5331812 -6.4149747 1.5947682 6.9012794 0.010129213333129883 0.9159733653068542
Car 0.0 0 -2.7148170471191406 202.6773223876953 186.1577606201172 405.1229248046875 260.630859375 3.899572 1.5651858 1.6242535 -6.8763275 1.8828379 16.338694 -3.1131770610809326 0.893899142742157
Car 0.0 0 0.6337190866470337 0.0 184.10830688476562 287.0690612792969 320.566162109375 3.6782024 1.5797114 1.5317599 -6.4003954 1.7381554 9.309228 0.03140974044799805 0.8921522498130798
Car 0.0 0 -2.549696683883667 53.3744010925293 192.82965087890625 333.7959289550781 299.2831115722656 3.748544 1.541831 1.4481633 -6.650635 1.8879062 11.627227 -3.0692644119262695 0.8695821762084961
Car 0.0 0 0.3042793869972229 357.9068603515625 185.4344482421875 494.0787048339844 229.9287872314453 4.1902533 1.4189509 1.5566572 -6.207052 1.8604422 24.405172 0.05522632598876953 0.8559578657150269
Car 0.0 0 -1.721482276916504 630.1865844726562 177.65187072753906 660.80712890625 201.7935028076172 3.8136783 1.6096853 1.59513 2.43556 1.961494 50.872158 -1.6736427545547485 0.8388075232505798
Car 0.0 0 0.45220133662223816 264.8856506347656 180.3621063232422 435.611328125 246.89697265625 3.883629 1.6218581 1.5936023 -6.752568 1.8284099 18.812033 0.10757613182067871 0.8159058094024658
Car 0.0 0 -1.7122540473937988 646.3838500976562 178.76991271972656 697.6083374023438 215.847412109375 4.182621 1.4797301 1.6466101 2.6034405 1.7568098 31.611355 -1.6300817728042603 0.7618588805198669
