Pedestrian 0.0 0 -3.4719038009643555 864.8109130859375 195.32749938964844 899.0607299804688 235.56222534179688 1.3350819 1.8345929 0.719424 12.653552 2.8964622 33.69945 -3.1127102375030518 0.15029895305633545
Cyclist 0.0 0 -0.37434905767440796 866.05859375 193.83798217773438 903.7312622070312 233.7589569091797 1.5049905 1.8283705 0.67164814 12.811573 2.8203595 33.75016 -0.011551294475793839 0.1730169802904129
Cyclist 0.0 0 -3.4084463119506836 830.0279541015625 184.4856719970703 865.7681274414062 218.21304321289062 1.7530047 1.8302989 0.6870707 13.080859 2.4786785 39.807983 -3.0909628868103027 0.14073126018047333
Cyclist 0.0 0 0.940488338470459 780.8309936523438 176.57423400878906 803.5005493164062 204.0341339111328 1.6171358 1.7612071 0.60470283 11.919648 2.0102775 47.37166 1.1869909763336182 0.1406162530183792
Car 0.0 0 -1.5358258485794067 523.2992553710938 179.1750946044922 551.0335083007812 204.6279296875 3.822512 1.4865345 1.5930225 -4.544411 1.89892 45.07003 -1.636316180229187 0.8475538492202759
Car 0.0 0 -1.5743497610092163 587.66796875 181.20175170898438 616.935791015625 208.2511749267578 3.801277 1.4098686 1.5738133 -0.4789919 1.9032359 40.6981 -1.5861185789108276 0.8247413039207458
Car 0.0 0 -0.7062079906463623 0.0 221.65411376953125 174.7342071533203 375.0 3.943969 1.5841311 1.6824868 -3.6390934 1.9058743 2.7281451 -1.6337099075317383 0.6170075535774231
Car 0.0 0 1.439853310585022 827.4348754882812 182.98974609375 866.9420776367188 212.762939453125 4.34861 1.5691019 1.612661 13.666194 2.1896977 41.865017 1.7553822994232178 0.2272990494966507
Car 0.0 0 1.3016350269317627 809.3150634765625 162.82168579101562 862.7172241210938 194.83798217773438 3.7275488 1.5393084 1.6407951 11.350875 1.0573236 36.576866 1.602541208267212 0.19071608781814575
Car 0.0 0 1.6522823572158813 255.2201690673828 174.371826171875 314.128173828125 222.24220275878906 3.1799018 1.3949668 1.4479138 -10.289526 1.4471102 22.87415 1.2295681238174438 0.13037696480751038
Car 0.0 0 -1.8992795944213867 117.85126495361328 179.91114807128906 159.21563720703125 199.34152221679688 3.7839317 1.4370232 1.5697073 -36.92096 2.0068588 56.43872 -2.478586196899414 0.12035268545150757
