Pedestrian 0.0 0 -2.774885416030884 739.4813842773438 166.29014587402344 751.8282470703125 194.9793701171875 0.5515417 1.797899 0.70713866 8.554402 1.3869123 45.66033 -2.589683771133423 0.5445600152015686
Pedestrian 0.0 0 -0.4341304302215576 127.12445831298828 126.6760025024414 250.4496612548828 348.0334167480469 0.67210597 1.7572024 0.7242957 -3.67505 1.3909855 6.2071075 -0.96869957447052 0.27017146348953247
Pedestrian 0.0 0 -0.8019129037857056 854.3587036132812 164.8527374267578 878.4765625 209.85256958007812 0.5820231 1.8748453 0.77463514 10.807702 1.5418434 30.53536 -0.461731880903244 0.25142166018486023
Pedestrian 0.0 0 0.2726309597492218 333.3109436035156 167.25938415527344 355.51361083984375 201.6690673828125 0.99632275 1.8091347 0.5401135 -14.109241 1.5153482 38.24245 -0.08081791549921036 0.21332331001758575
Car 0.0 0 3.1223082542419434 383.8451232910156 173.0095977783203 468.8883056640625 205.21446228027344 3.7129707 1.4277729 1.5783929 -8.490857 1.4355726 33.252758 2.872307300567627 0.8584930896759033
Car 0.0 0 -2.378262519836426 955.3184814453125 160.57716369628906 1017.4912719726562 183.10838317871094 4.188644 1.6207174 1.5989801 28.143156 0.73797625 54.139206 -1.8988773822784424 0.7000451683998108
Car 0.0 0 1.2804057598114014 685.2512817382812 164.80606079101562 724.4150390625 193.4679412841797 3.8621926 1.8799018 1.6107798 6.4096 1.3524039 49.35749 1.409543752670288 0.5910305380821228
Car 0.0 0 1.3190363645553589 931.1376342773438 164.6563720703125 969.4228515625 187.625732421875 3.957281 1.630716 1.6175178 25.063335 1.0490814 53.317783 1.7584583759307861 0.4170074164867401
Car 0.0 0 -2.026883363723755 713.5235595703125 166.3140411376953 756.825439453125 189.25567626953125 3.6002953 1.5589657 1.5855635 8.77062 1.1149099 50.978935 -1.8565073013305664 0.3076838552951813
Car 0.0 0 -2.1273715496063232 892.6686401367188 161.10321044921875 941.768798828125 186.1697998046875 3.5228214 1.7251239 1.6017809 21.853642 0.9167738 51.51879 -1.7261890172958374 0.2791949212551117
Car 0.0 0 -1.8294109106063843 794.3160400390625 166.24765014648438 825.6085815429688 188.77552795410156 3.7325401 1.8348597 1.6288424 16.742748 1.2971411 60.64027 -1.5600228309631348 0.20466598868370056
Car 0.0 0 1.9823169708251953 53.46884536743164 170.95359802246094 113.98451232910156 197.13229370117188 4.141974 1.6306556 1.6776291 -34.326973 1.5126387 47.144745 1.3529675006866455 0.2029930055141449
Car 0.0 0 3.827960968017578 0.0 184.74093627929688 55.06340026855469 246.90203857421875 3.556132 1.426269 1.5450143 -16.096066 1.7331669 17.74315 3.091198205947876 0.20076867938041687
