Pedestrian 0.0 0 0.27191418409347534 740.6077880859375 168.22984313964844 777.4840087890625 239.0885772705078 0.81645966 1.8235757 0.6221397 3.8854775 1.7049292 19.029251 0.473330020904541 0.6137814521789551
Pedestrian 0.0 0 0.19733837246894836 532.8165893554688 176.5802001953125 550.9067993164062 218.4704132080078 0.62387955 1.6682172 0.5914779 -2.7885396 1.8206314 29.115364 0.10185408592224121 0.24745459854602814
Pedestrian 0.0 0 -0.7103297114372253 153.09861755371094 154.4612274169922 174.14019775390625 189.8364715576172 0.76151145 1.9908192 0.67704046 -25.439682 0.95608383 41.06838 -1.2649258375167847 0.21738217771053314
Cyclist 0.0 0 0.899573564529419 121.84205627441406 188.4140625 184.0696563720703 253.17202758789062 1.5118786 1.6201397 0.546332 -11.956276 2.0368152 18.797075 0.3330526351928711 0.23638969659805298
Car 0.0 0 1.7620642185211182 313.6397705078125 185.67233276367188 439.76715087890625 273.8997497558594 3.6641648 1.3577969 1.5657372 -4.2717266 1.6331135 13.565411 1.4569957256317139 0.9749140739440918
Car 0.0 0 3.6683716773986816 128.03277587890625 186.022216796875 232.98394775390625 223.2511444091797 3.5327654 1.5350491 1.6901149 -18.563347 2.120965 31.22014 3.1319358348846436 0.771394670009613
Car 0.0 0 2.477203369140625 494.70965576171875 177.48031616210938 578.0384521484375 207.0271759033203 4.426667 1.4867028 1.632844 -3.9704075 1.7513205 39.08976 2.375978946685791 0.7458087801933289
Car 0.0 0 2.6582884788513184 618.1085205078125 173.30238342285156 703.9200439453125 199.89413452148438 4.8098946 1.5049528 1.724234 2.992117 1.5329055 42.647053 2.7283337116241455 0.7329457998275757
Car 0.0 0 1.1092500686645508 345.1277160644531 182.35092163085938 440.02972412109375 230.4391326904297 3.9345596 1.4509478 1.4706467 -7.4787188 1.7988181 24.46584 0.8125903606414795 0.41020938754081726
Car 0.0 0 -1.3861933946609497 404.0535888671875 163.95240783691406 441.702392578125 192.6151123046875 3.950861 1.9173368 1.8476028 -13.020771 1.3222407 50.29733 -1.6395083665847778 0.22110889852046967
