Pedestrian 0.0 0 2.2335033416748047 793.9228515625 145.44894409179688 848.5234375 243.9721221923828 0.76805973 1.8024058 0.66292286 3.9555748 1.3014092 13.690945 2.514763355255127 0.24986480176448822
Pedestrian 0.0 0 -1.5617380142211914 715.6138916015625 155.91732788085938 733.3976440429688 205.84011840820312 0.6571068 1.7657595 0.62243396 4.0672116 1.1670707 25.89307 -1.4059338569641113 0.22349229454994202
Pedestrian 0.0 0 -0.94597327709198 886.2482299804688 128.89334106445312 980.1544189453125 290.45269775390625 0.83665735 1.7328014 0.60114264 3.6195095 1.2616603 8.207032 -0.5306077003479004 0.14039427042007446
Pedestrian 0.0 0 -0.655377984046936 841.8212280273438 133.43251037597656 915.6541137695312 258.0389709472656 0.8982484 1.8353056 0.56789047 4.049004 1.2550316 11.029864 -0.30355602502822876 0.11546383053064346
Pedestrian 0.0 0 1.6843774318695068 319.6820068359375 179.14227294921875 357.8449401855469 257.51873779296875 0.9375647 1.7245325 0.7178056 -6.240159 1.8734677 16.502968 1.322871208190918 0.10976079106330872
Pedestrian 0.0 0 2.108157157897949 0.0 126.13375854492188 33.95086669921875 205.74566650390625 0.5603046 1.8636533 0.5772521 -14.289075 0.7703265 17.209393 1.415207862854004 0.10781947523355484
Cyclist 0.0 0 -1.564477562904358 714.6450805664062 156.6877899169922 733.136962890625 206.44635009765625 0.8480989 1.7529296 0.6447332 4.043538 1.1837729 25.886402 -1.4095265865325928 0.1111532673239708
Cyclist 0.0 0 -1.8107059001922607 695.6421508789062 161.38470458984375 715.741943359375 202.6456756591797 1.7240483 1.7237321 0.45658424 4.062125 1.2449447 31.022274 -1.6805044412612915 0.1049201712012291
Car 0.0 0 -1.6264697313308716 643.6956176757812 173.3600616455078 708.461181640625 228.50079345703125 3.6944194 1.3975458 1.5762335 1.7176888 1.4133765 20.188433 -1.5415912866592407 0.9539223313331604
Car 0.0 0 2.067012071609497 0.0 201.2169952392578 396.4854736328125 375.0 4.399191 1.4619336 1.6889591 -3.763821 1.8379393 7.3357453 1.5929557085037231 0.9499231576919556
Car 0.0 0 1.7696219682693481 449.2953186035156 176.98397827148438 529.5521850585938 230.2237548828125 3.9830225 1.4813755 1.6980978 -3.682237 1.6215764 22.408016 1.6067508459091187 0.9225815534591675
Car 0.0 0 1.731620192527771 515.63671875 180.03575134277344 553.22314453125 208.55735778808594 3.8015857 1.5242553 1.56158 -4.3306956 1.9568151 41.477814 1.6275871992111206 0.1021190956234932
