Pedestrian 0.0 0 0.5137412548065186 198.43727111816406 170.47415161132812 300.44256591796875 329.9888610839844 0.80646753 1.5822451 0.47875234 -3.6909933 1.4844922 7.2650766 0.043677568435668945 0.7678337693214417
Pedestrian 0.0 0 3.446314811706543 260.5556335449219 164.358154296875 303.8789367675781 255.09841918945312 0.6082707 1.7141358 0.61687946 -6.2867656 1.4108423 13.6957 3.0159752368927 0.2630700469017029
Pedestrian 0.0 0 -1.74592924118042 837.31640625 176.11865234375 868.6712646484375 242.25274658203125 0.9170636 1.6243473 0.59385073 6.218101 1.518333 17.861113 -1.410915732383728 0.2001238316297531
Pedestrian 0.0 0 -3.4334568977355957 818.1510620117188 187.2299346923828 864.5824584960938 275.9316101074219 0.7036493 1.7045904 0.67764676 4.6226616 1.8426801 13.983605 -3.1141889095306396 0.13666045665740967
Pedestrian 0.0 0 1.227165699005127 838.3302001953125 136.9515838623047 892.4306640625 238.51930236816406 0.7857212 1.747569 0.67346835 4.5661693 0.9999235 12.555077 1.575985074043274 0.1294202208518982
Pedestrian 0.0 0 0.4775215983390808 377.0607604980469 149.42825317382812 433.8152770996094 232.64846801757812 0.91889036 1.7283117 0.77430236 -4.3066244 1.0846388 15.149891 0.2005598545074463 0.10511636734008789
Cyclist 0.0 0 3.460815906524658 254.02105712890625 160.31434631347656 312.3780212402344 256.6695861816406 0.88342553 1.8174853 0.60792303 -6.2576513 1.4383721 13.682131 3.0318586826324463 0.12952758371829987
Cyclist 0.0 0 -0.7218126654624939 1108.39697265625 134.2866668701172 1200.3389892578125 246.83482360839844 1.0181559 1.7856394 0.64158 8.926153 1.0540943 11.565697 -0.06451854854822159 0.11141522973775864
Cyclist 0.0 0 -1.7488900423049927 837.0908203125 176.1278839111328 867.873046875 241.6134796142578 0.8323121 1.6169065 0.5954051 6.223549 1.5105515 17.910229 -1.414456844329834 0.10875284671783447
Car 0.0 0 -1.5586037635803223 779.2698974609375 184.2599639892578 862.6331176757812 259.4903259277344 3.458693 1.446848 1.5809491 4.749042 1.5418296 15.668722 -1.2643139362335205 0.16699671745300293
