Pedestrian 0.0 0 -1.4024847745895386 847.0869750976562 166.86082458496094 945.0420532226562 370.0971374511719 0.61265 1.5623893 0.6651202 2.321094 1.5166743 5.9776616 -1.0321097373962402 0.6586672067642212
Pedestrian 0.0 0 -0.7772457599639893 949.0850830078125 79.33625030517578 1167.483154296875 375.0 0.80995387 1.6227518 0.6467323 2.3967533 1.1573107 4.0007033 -0.23750075697898865 0.36541855335235596
Pedestrian 0.0 0 2.9840500354766846 0.0 189.5883026123047 31.149126052856445 260.9587707519531 0.766503 1.7081459 0.7009266 -15.077676 2.1387436 18.02884 2.2875583171844482 0.28775879740715027
Pedestrian 0.0 0 -3.1360416412353516 710.1605834960938 174.3476104736328 724.3125610351562 206.81761169433594 0.7197911 1.6658982 0.5755411 5.520489 1.7443548 37.386475 -2.98944091796875 0.2651778757572174
Pedestrian 0.0 0 -2.165839433670044 344.8538513183594 182.11192321777344 361.0346984863281 212.63255310058594 0.6062577 1.7360651 0.6547596 -14.908875 2.2778542 41.751698 -2.5088114738464355 0.23884247243404388
Cyclist 0.0 0 -0.3769056797027588 1192.927490234375 169.77691650390625 1242.0 213.9123992919922 1.7779086 1.7891833 0.6959549 25.313217 1.664801 29.861784 0.32623958587646484 0.25485891103744507
Cyclist 0.0 0 -0.7772457599639893 949.0850830078125 79.33625030517578 1167.483154296875 375.0 0.80995387 1.6227518 0.6467323 2.3967533 1.1573107 4.0007033 -0.23750075697898865 0.1353769153356552
Car 0.0 0 1.9119980335235596 318.4525146484375 197.1374053955078 399.063232421875 243.25753784179688 3.9628582 1.4955738 1.6646913 -9.501366 2.4876845 27.477127 1.579077124595642 0.9147626757621765
Car 0.0 0 1.6115477085113525 604.025634765625 177.34017944335938 633.0596923828125 203.58004760742188 4.056723 1.585567 1.7039206 0.55741787 1.8871541 46.37523 1.6235668659210205 0.695828378200531
Car 0.0 0 1.949021577835083 236.8945770263672 176.42047119140625 302.5207824707031 211.87188720703125 3.6945827 1.5480677 1.5208417 -15.883859 1.7247325 33.775673 1.5094352960586548 0.37257063388824463
Car 0.0 0 1.527281403541565 987.642578125 171.77259826660156 1016.3848266601562 196.8797149658203 3.8493383 1.6213323 1.5308093 26.365866 1.5518574 48.657257 2.0238606929779053 0.3497387766838074
Car 0.0 0 1.4067473411560059 888.56640625 169.559326171875 922.0646362304688 190.45242309570312 4.1296606 1.4720862 1.6186209 21.626438 1.2403072 53.028088 1.793985366821289 0.2794444262981415
Car 0.0 0 1.8453457355499268 486.05682373046875 188.35537719726562 515.63671875 206.1819305419922 4.180843 1.5354036 1.6922057 -10.282377 3.0459745 68.113205 1.6955169439315796 0.2680160403251648
Car 0.0 0 1.8635978698730469 359.7537536621094 186.1459197998047 413.7374572753906 218.02574157714844 4.1116867 1.5501479 1.6608566 -11.984198 2.3044178 38.86155 1.5644690990447998 0.26224544644355774
Car 0.0 0 3.586432933807373 125.42354583740234 189.55902099609375 350.90472412109375 265.5622253417969 4.108091 1.5411917 1.6498988 -8.105303 1.9299712 15.894762 3.114868640899658 0.21311987936496735
