Car 0.0 0 2.1159956455230713 0.0 208.0220184326172 272.9365234375 368.0940856933594 3.9546092 1.3871783 1.5777818 -5.9774013 1.9304752 9.133472 1.5364985466003418 0.976682722568512
Car 0.0 0 1.8554121255874634 335.1087951660156 191.6071014404297 438.6986389160156 255.2238006591797 4.0394225 1.4670744 1.6435925 -6.043925 2.0364242 19.861115 1.5600063800811768 0.9594743847846985
Car 0.0 0 1.9689784049987793 209.1520538330078 200.09620666503906 371.81402587890625 294.1468505859375 3.6995633 1.4296345 1.5256667 -5.9974813 2.024909 13.897491 1.5615718364715576 0.9541870951652527
Car 0.0 0 2.622286796569824 912.1279907226562 146.83316040039062 1146.2650146484375 216.7512664794922 4.1868258 1.4480364 1.5845093 8.965475 0.90949047 15.735874 3.140164613723755 0.9537279009819031
Car 0.0 0 -1.7397979497909546 680.4254150390625 176.14675903320312 756.9003295898438 230.4390869140625 4.0285144 1.4641993 1.5960373 3.1219177 1.5730549 21.737644 -1.5971553325653076 0.9476204514503479
Car 0.0 0 1.8168320655822754 419.07928466796875 189.3109893798828 487.4255065917969 234.25071716308594 3.957606 1.4824365 1.6055492 -5.87599 2.1506078 27.271933 1.6046169996261597 0.9241899847984314
Car 0.0 0 2.618241548538208 894.7705078125 146.1587371826172 1068.6483154296875 208.07005310058594 3.673585 1.5030855 1.5119823 9.335667 0.8553347 18.367193 3.0884907245635986 0.8917559385299683
Car 0.0 0 -1.7151495218276978 664.4638671875 175.1223907470703 726.3223876953125 221.55303955078125 4.296712 1.6052675 1.7047644 3.1007144 1.6983887 27.329763 -1.6021770238876343 0.8875468969345093
Car 0.0 0 2.674764633178711 844.8089599609375 152.61984252929688 1007.2315673828125 208.46363830566406 4.0081754 1.5357753 1.5497125 8.960411 0.97966826 20.731882 3.082721710205078 0.8422725200653076
Car 0.0 0 -0.30366578698158264 791.8695678710938 157.57138061523438 943.8731689453125 208.9783172607422 4.3746333 1.6115923 1.6283181 8.262733 1.1328449 23.506065 0.03435802459716797 0.7655811905860901
