Pedestrian 0.0 0 1.2512937784194946 516.755126953125 145.82473754882812 609.3447875976562 361.1170654296875 0.82144576 1.7722948 0.58978826 -0.44432148 1.4885526 6.307452 1.1809660196304321 0.7973561882972717
Pedestrian 0.0 0 1.3259613513946533 679.944580078125 137.58888244628906 730.6506958007812 240.9609832763672 0.8547241 1.7690431 0.70182425 1.7240678 1.0363373 12.557821 1.4623987674713135 0.7633012533187866
Pedestrian 0.0 0 1.126097559928894 755.0802612304688 136.93780517578125 835.7825927734375 298.0691833496094 0.828016 1.6930894 0.56303203 2.0543826 1.23705 7.8840284 1.3810043334960938 0.6943361759185791
Pedestrian 0.0 0 2.406928062438965 652.1699829101562 143.84503173828125 681.5018920898438 200.71556091308594 0.6617057 1.753509 0.6392938 1.9136821 0.62487 22.250332 2.4927239418029785 0.6168025135993958
Pedestrian 0.0 0 -2.7787628173828125 781.6422729492188 138.90731811523438 890.708251953125 351.5350646972656 0.7079932 1.6510751 0.59747404 1.8918918 1.3298128 5.9394193 -2.4703924655914307 0.5944614410400391
Pedestrian 0.0 0 1.0437917709350586 507.35028076171875 141.05181884765625 561.8629150390625 244.96726989746094 0.7047469 1.7094673 0.66343784 -1.2539814 1.062174 12.106547 0.9405810832977295 0.5863524675369263
Pedestrian 0.0 0 0.975374698638916 239.4576416015625 139.83038330078125 307.18438720703125 247.15087890625 0.8833162 1.7000273 0.62516296 -5.5287766 1.0574492 11.688908 0.5335648059844971 0.5400797128677368
Pedestrian 0.0 0 0.6681055426597595 573.513427734375 123.15581512451172 675.7189331054688 309.2348327636719 0.82620233 1.7809603 0.6513821 0.15020148 1.2338166 7.2761827 0.6887454986572266 0.5392895936965942
Pedestrian 0.0 0 -1.2679052352905273 423.7195739746094 150.54273986816406 441.59051513671875 187.6757354736328 0.7341296 1.9087766 0.71669376 -8.9624195 0.37028098 36.72911 -1.507242202758789 0.4498835504055023
Pedestrian 0.0 0 3.1469686031341553 549.6378173828125 139.87669372558594 566.442626953125 187.20492553710938 0.67580813 1.9059377 0.7346044 -1.9383283 0.2715056 28.855785 3.0798964500427246 0.3729183077812195
Pedestrian 0.0 0 -2.7698915004730225 584.3832397460938 135.8238983154297 643.600341796875 236.11483764648438 0.82624954 1.6695045 0.7100447 0.11864579 0.927449 12.248278 -2.760205030441284 0.3661966919898987
Pedestrian 0.0 0 1.5587925910949707 238.48011779785156 145.77825927734375 264.4490661621094 208.08094787597656 0.8943033 1.7651432 0.6634647 -10.329281 0.78298855 20.576517 1.0935513973236084 0.3491153120994568
Pedestrian 0.0 0 0.2650477886199951 1067.6719970703125 131.58958435058594 1224.0 370.0 0.78676915 1.7057879 0.63602275 3.8159935 1.3935225 5.0396857 0.9131338596343994 0.28980553150177
Pedestrian 0.0 0 -0.9395726919174194 291.74285888671875 142.37986755371094 327.0442810058594 206.6869354248047 0.77648973 1.8027858 0.59016657 -8.499951 0.73569965 20.262545 -1.3367677927017212 0.2531074285507202
Pedestrian 0.0 0 2.5454037189483643 802.171875 151.45208740234375 863.9306640625 219.82571411132812 1.3627781 1.6781427 0.6348447 5.715326 0.96679664 17.845537 2.8553483486175537 0.22207002341747284
Cyclist 0.0 0 0.9751770496368408 239.60250854492188 138.8140869140625 325.58599853515625 245.7732391357422 1.4902494 1.6735226 0.5465726 -5.381293 1.0229461 11.676933 0.5433385372161865 0.2231317013502121
Cyclist 0.0 0 2.5454037189483643 802.171875 151.45208740234375 863.9306640625 219.82571411132812 1.3627781 1.6781427 0.6348447 5.715326 0.96679664 17.845537 2.8553483486175537 0.14775621891021729
Cyclist 0.0 0 -2.9252431392669678 589.9678955078125 135.27003479003906 657.8953247070312 235.98583984375 1.056438 1.6810724 0.6870437 0.29374763 0.92777777 12.255922 -2.901279926300049 0.13433988392353058
Cyclist 0.0 0 -2.8165812492370605 793.9884033203125 132.1634521484375 911.7715454101562 348.7547302246094 0.7930417 1.6737205 0.5744929 2.0261467 1.3019063 5.9280343 -2.4872384071350098 0.10830812156200409
