Pedestrian 0.0 0 1.265411376953125 965.1583251953125 167.6749267578125 1008.5997314453125 238.37989807128906 1.0595577 1.8488485 0.75171685 10.095734 1.7137799 19.451258 1.7441647052764893 0.2839870750904083
Pedestrian 0.0 0 -2.4808454513549805 1041.047607421875 160.08445739746094 1092.9136962890625 228.47752380371094 1.0580333 1.7991257 0.5745321 12.335928 1.4635725 19.573034 -1.9184788465499878 0.23650048673152924
Pedestrian 0.0 0 -3.0406928062438965 738.95361328125 153.42120361328125 763.0707397460938 194.25852966308594 1.051812 1.8700194 0.5047754 6.4961824 0.9805123 33.4313 -2.8487701416015625 0.18903657793998718
Cyclist 0.0 0 -1.7250796556472778 711.5838012695312 170.96958923339844 729.0750122070312 210.67189025878906 1.7083737 1.7485476 0.5222262 4.9395804 1.6659126 32.630066 -1.5748391151428223 0.4890815317630768
Car 0.0 0 -1.8416528701782227 813.1607055664062 181.81695556640625 1023.72119140625 320.36566162109375 3.6407878 1.4349703 1.5702499 3.777941 1.5782034 9.607072 -1.4669826030731201 0.977527379989624
Car 0.0 0 1.3932595252990723 740.53271484375 181.9385986328125 847.0736083984375 259.8761901855469 3.6789699 1.4511851 1.590376 3.8249447 1.6736765 15.75573 1.6314175128936768 0.9430452585220337
Car 0.0 0 1.8329416513442993 574.28271484375 173.7662353515625 624.3854370117188 208.2029571533203 4.04892 1.6956302 1.6311951 -0.5344178 1.7465191 37.802372 1.818805456161499 0.9069693088531494
Car 0.0 0 1.788027286529541 614.0084838867188 176.14871215820312 652.9756469726562 201.64414978027344 4.11427 1.502853 1.5961951 1.4908177 1.7200131 45.285877 1.8209354877471924 0.5589267015457153
Car 0.0 0 1.721930742263794 673.18701171875 175.06138610839844 700.2498779296875 194.6609344482422 4.2374024 1.5894833 1.6682513 6.528314 1.7842482 61.283005 1.828057885169983 0.2962382137775421
Car 0.0 0 -0.4546842575073242 978.4832763671875 137.76295471191406 1103.45849609375 176.4411163330078 3.8305995 1.4344988 1.5362314 16.410604 0.13339764 27.67737 0.08051681518554688 0.25689423084259033
