Pedestrian 0.0 0 1.7673925161361694 249.83193969726562 179.3019256591797 305.6197509765625 299.3983459472656 0.90021926 1.8224527 0.64739585 -5.166151 1.7904013 11.409804 1.3422276973724365 0.8716079592704773
Pedestrian 0.0 0 -1.8116670846939087 589.9180908203125 178.3933563232422 615.8967895507812 232.76004028320312 0.879778 1.706501 0.6402432 0.014697671 1.6100937 23.048428 -1.8110294342041016 0.736626148223877
Pedestrian 0.0 0 -3.172057628631592 1009.7686767578125 126.0058364868164 1141.8563232421875 316.07208251953125 1.0138131 1.6785129 0.6813301 4.464715 1.1898146 6.895032 -2.5974233150482178 0.7222192287445068
Pedestrian 0.0 0 -1.7478506565093994 136.25390625 178.60333251953125 245.68557739257812 374.0 0.6968153 1.6079226 0.68637383 -3.5205495 1.5868223 6.063536 -2.273890733718872 0.6918230652809143
Pedestrian 0.0 0 -2.2165169715881348 1072.0733642578125 132.90089416503906 1133.38330078125 245.16404724121094 0.52468914 1.678463 0.56877387 7.6312747 0.9531574 11.010731 -1.6104530096054077 0.6256644129753113
Pedestrian 0.0 0 -1.3295849561691284 338.7501220703125 184.68875122070312 372.896728515625 254.15005493164062 1.0536137 1.7943164 0.6306653 -6.5696387 1.8829746 19.156683 -1.6599586009979248 0.606203019618988
Pedestrian 0.0 0 -1.6765990257263184 618.0017700195312 172.8494110107422 640.2555541992188 230.04025268554688 0.86984074 1.7743323 0.6131991 0.8436774 1.5070608 22.738506 -1.639512538909912 0.5827938914299011
Pedestrian 0.0 0 2.4093117713928223 230.62176513671875 183.75941467285156 289.2416076660156 291.8226013183594 0.7477815 1.8566003 0.5823061 -6.1250396 1.8996161 12.81472 1.9634437561035156 0.5678510069847107
Pedestrian 0.0 0 -0.1547648310661316 762.5966796875 152.13497924804688 843.6940307617188 291.95281982421875 0.93193096 1.75378 0.60267645 2.5628977 1.3867816 9.35944 0.11251354217529297 0.5548287034034729
Pedestrian 0.0 0 1.727531909942627 505.7555236816406 177.7509765625 529.561279296875 232.69264221191406 0.97744524 1.7855422 0.6422479 -2.798259 1.6647967 23.843613 1.610707402229309 0.5319857597351074
Pedestrian 0.0 0 0.5116838812828064 129.3521270751953 191.47335815429688 180.81591796875 272.9413146972656 0.78821963 1.7639167 0.57865477 -9.927197 1.9906366 15.932571 -0.045530419796705246 0.49854180216789246
Pedestrian 0.0 0 1.550017237663269 105.12532043457031 163.22189331054688 133.5731658935547 230.5435333251953 0.6287335 1.699 0.5962621 -12.488547 1.2388958 18.554707 0.9575972557067871 0.4238387942314148
Pedestrian 0.0 0 1.3105647563934326 695.9052734375 181.8104248046875 729.0469360351562 249.8574676513672 0.9271148 1.6939005 0.6174026 2.7983942 1.7032261 18.37771 1.4616750478744507 0.3932439982891083
Pedestrian 0.0 0 3.077833890914917 499.5521545410156 178.15658569335938 512.1600952148438 200.7230224609375 0.9705495 1.7983018 0.52036643 -7.640437 1.5323837 57.590492 2.9459357261657715 0.37493371963500977
Pedestrian 0.0 0 -1.5079801082611084 887.6392822265625 151.84967041015625 919.7682495117188 225.9156494140625 0.93658954 1.806554 0.6903208 7.5862617 1.0845404 18.091234 -1.1109187602996826 0.3492143452167511
Pedestrian 0.0 0 -1.2458391189575195 600.7606811523438 174.98348999023438 620.1016235351562 215.54791259765625 0.7265685 1.7903376 0.6696667 0.3929131 1.5036783 32.15518 -1.2336204051971436 0.34850531816482544
Pedestrian 0.0 0 -1.493369698524475 595.0784301757812 171.6327667236328 609.8857421875 206.15501403808594 0.6407541 1.7168648 0.6969934 0.048340335 1.2270292 36.06854 -1.4920294284820557 0.3274891972541809
Cyclist 0.0 0 1.3105647563934326 695.9052734375 181.8104248046875 729.0469360351562 249.8574676513672 0.9271148 1.6939005 0.6174026 2.7983942 1.7032261 18.37771 1.4616750478744507 0.2797268331050873
Cyclist 0.0 0 1.7321513891220093 505.6985168457031 177.63890075683594 529.9619140625 232.88662719726562 1.0183036 1.7931768 0.64665604 -2.7911594 1.6689502 23.83552 1.6155813932418823 0.15501730144023895
Cyclist 0.0 0 -3.1969428062438965 1010.142578125 125.14693450927734 1144.8729248046875 316.4841613769531 1.0337205 1.6900799 0.6885582 4.472089 1.1936957 6.8979764 -2.6217503547668457 0.13034385442733765
Cyclist 0.0 0 0.5138192176818848 124.96813201904297 190.76214599609375 185.09991455078125 274.2796630859375 0.99453676 1.8108007 0.54409075 -9.925702 2.0212364 15.930439 -0.043387509882450104 0.10637855529785156
Car 0.0 0 1.7073875665664673 441.820068359375 177.44895935058594 506.52398681640625 227.48594665527344 4.2980123 1.5788397 1.6279013 -4.326797 1.4521197 24.840149 1.5349321365356445 0.5239254832267761
Car 0.0 0 1.6476843357086182 252.5255584716797 185.83984375 316.9881896972656 238.928955078125 3.9025846 1.5609835 1.6376352 -10.324922 1.7172427 23.575134 1.2348895072937012 0.43402132391929626
Car 0.0 0 2.5096516609191895 0.0 0.0 1238.0 374.0 3.823413 1.5438496 1.6291045 -2.065374 1.5044109 0.7626775 1.2925918102264404 0.39170679450035095
