Pedestrian 0.0 0 -1.8697631359100342 754.3300170898438 180.41867065429688 782.2255249023438 230.8248291015625 0.88384265 1.641241 0.6696891 5.507303 1.6071247 23.851486 -1.6428402662277222 0.7933410406112671
Pedestrian 0.0 0 -1.41093909740448 683.7471313476562 179.4265899658203 708.2713012695312 232.65184020996094 0.6491119 1.5926205 0.64733255 2.858846 1.5317036 21.895094 -1.281103491783142 0.6200942993164062
Pedestrian 0.0 0 -1.4396276473999023 512.0889282226562 195.3631134033203 539.943115234375 252.7559814453125 1.0110831 1.7178172 0.7348103 -2.3552337 2.1585217 22.261093 -1.5450359582901 0.49008944630622864
Pedestrian 0.0 0 0.4285702109336853 538.0067749023438 183.2750244140625 553.3534545898438 211.56430053710938 0.8108513 1.7308506 0.50018656 -3.4381206 1.8421472 44.368927 0.35123538970947266 0.33904942870140076
Pedestrian 0.0 0 1.6824288368225098 835.9063720703125 154.7269744873047 877.9220581054688 235.9580841064453 1.0972508 1.8572809 0.82732683 6.055379 1.2463489 17.095718 2.0228443145751953 0.31741246581077576
Pedestrian 0.0 0 -3.1243138313293457 697.6865234375 184.42356872558594 732.6072387695312 256.529296875 0.8430706 1.7523906 0.61545664 2.7967012 1.8278027 17.861015 -2.968993663787842 0.26310616731643677
Pedestrian 0.0 0 -2.4605607986450195 475.59246826171875 147.7174530029297 495.32391357421875 190.8742218017578 0.5840084 1.9712684 0.7129446 -5.3799243 0.42911783 33.26322 -2.620910167694092 0.1899033933877945
Pedestrian 0.0 0 -2.0062005519866943 485.6004333496094 149.44981384277344 503.1333923339844 189.9226531982422 0.64295787 1.9356382 0.62694824 -5.196597 0.40372476 34.793198 -2.15446138381958 0.1836562603712082
Pedestrian 0.0 0 -0.48902636766433716 1161.5728759765625 120.37931060791016 1219.8916015625 219.17953491210938 0.65132743 1.8618747 0.63158935 11.356637 0.71132416 13.907401 0.19574856758117676 0.16562528908252716
Cyclist 0.0 0 -0.015589594841003418 553.8810424804688 191.44573974609375 584.3455810546875 222.2150421142578 1.7975645 1.8038354 0.6757162 -1.9259875 2.4020045 42.75403 -0.06060725450515747 0.5360015630722046
Car 0.0 0 -1.6276941299438477 655.0960083007812 182.1612548828125 688.798828125 211.74993896484375 3.8583667 1.5572338 1.6339285 3.86415 1.596503 39.849056 -1.5310267210006714 0.8265964388847351
Car 0.0 0 1.8356995582580566 332.1428527832031 168.1817626953125 519.1680297851562 320.2386474609375 4.142324 1.8412994 1.6424471 -2.423176 1.6813667 10.801342 1.6150131225585938 0.8220427632331848
Car 0.0 0 1.8730262517929077 746.8616333007812 175.37893676757812 776.330078125 192.15045166015625 4.080759 1.5443883 1.593475 15.29894 0.98110193 68.31032 2.093352794647217 0.28738802671432495
Car 0.0 0 2.219189167022705 0.0 141.28228759765625 117.27179718017578 205.7534637451172 4.076566 1.8240488 1.7786179 -17.34961 0.68733484 22.369051 1.5594996213912964 0.23784849047660828
