Pedestrian 0.0 0 -1.9959908723831177 880.7691040039062 166.35000610351562 904.6953735351562 213.24159240722656 0.7587607 1.7768248 0.59524614 10.819069 1.5307323 27.732578 -1.624029517173767 0.47242408990859985
Pedestrian 0.0 0 1.2674850225448608 958.3363647460938 170.68569946289062 986.5847778320312 225.32125854492188 0.7756541 1.6569682 0.5734926 11.153285 1.5915668 22.308428 1.7310993671417236 0.23757188022136688
Pedestrian 0.0 0 1.2450929880142212 870.9490356445312 186.4430694580078 913.751953125 258.63214111328125 0.8505382 1.7410374 0.7606034 6.9856324 2.0889032 18.00713 1.6151572465896606 0.22191248834133148
Pedestrian 0.0 0 -1.584111213684082 575.2235107421875 149.71881103515625 588.7642822265625 188.0377960205078 0.441756 1.9690213 0.6932321 -1.4873259 0.7805778 37.312458 -1.6239515542984009 0.17800027132034302
Pedestrian 0.0 0 2.2010879516601562 1217.08837890625 152.25917053222656 1242.0 215.40968322753906 0.3748305 1.9958317 0.6811103 19.959148 1.3453032 23.175255 2.9120635986328125 0.1606622189283371
Pedestrian 0.0 0 -0.21543651819229126 564.9298095703125 152.53382873535156 580.3784790039062 192.81497192382812 0.58792835 1.8813205 0.72174436 -1.808171 0.93262976 34.12239 -0.26837775111198425 0.1398053616285324
Cyclist 0.0 0 -2.3540077209472656 914.4025268554688 182.65240478515625 953.0570068359375 222.93490600585938 1.7545266 1.721828 0.46988788 14.380116 2.171516 32.181614 -1.9337825775146484 0.4944298267364502
Cyclist 0.0 0 -0.554026186466217 1025.08203125 178.48117065429688 1080.0810546875 224.5217742919922 1.7059965 1.7584665 0.7005249 17.118715 1.9799562 27.996956 -0.005230685696005821 0.19906722009181976
Car 0.0 0 -1.7314831018447876 701.8291015625 185.08514404296875 777.3314819335938 241.0761260986328 4.154923 1.5057573 1.6352762 3.8677244 1.9212068 22.398504 -1.5604915618896484 0.9546710848808289
Car 0.0 0 0.7959814071655273 1187.50537109375 222.00982666015625 1242.0 375.0 4.023848 1.4723369 1.5351108 7.8693433 2.0931773 7.047113 1.636446237564087 0.2842767834663391
Car 0.0 0 0.7826303243637085 927.8424682617188 212.46139526367188 1151.920654296875 319.8044738769531 3.4014888 1.4837654 1.5345702 7.574922 2.3085537 13.173389 1.304477334022522 0.24068030714988708
Car 0.0 0 -0.3820647597312927 802.1968994140625 190.53857421875 934.6865234375 236.1621856689453 4.050171 1.492786 1.5869892 8.904743 2.1314788 25.163836 -0.04194587469100952 0.11727150529623032
