Pedestrian 0.0 0 1.204859972000122 621.3610229492188 134.18565368652344 658.812255859375 213.65895080566406 0.77264863 1.7570453 0.6134775 0.751979 0.73471266 16.089981 1.2515618801116943 0.8081030249595642
Pedestrian 0.0 0 1.4213590621948242 571.4818725585938 138.11529541015625 605.1361694335938 220.34730529785156 0.8396568 1.796301 0.6361884 -0.42397457 0.87205243 15.909077 1.3947155475616455 0.8000927567481995
Pedestrian 0.0 0 1.7709051370620728 769.59814453125 134.29019165039062 826.291259765625 267.3591613769531 0.7371088 1.7543015 0.62602323 2.631673 1.1467721 9.785866 2.0336155891418457 0.779530942440033
Pedestrian 0.0 0 0.9458433389663696 771.9321899414062 129.93251037597656 906.3448486328125 370.0 0.86022246 1.7131891 0.5967405 1.7381369 1.357429 5.495248 1.2521847486495972 0.7523084878921509
Pedestrian 0.0 0 1.450637936592102 483.2288818359375 132.04258728027344 535.4338989257812 263.7356262207031 0.8829524 1.7473752 0.616307 -1.3982786 1.1060883 9.882527 1.3100810050964355 0.7299501895904541
Pedestrian 0.0 0 -2.9279491901397705 1024.8875732421875 174.303466796875 1076.14990234375 246.44479370117188 0.9631835 1.7330875 0.64023733 11.017739 1.5858263 17.546421 -2.367253303527832 0.7275003790855408
Pedestrian 0.0 0 1.3997455835342407 458.7706604003906 142.35911560058594 497.7812805175781 226.04966735839844 0.84456694 1.7646089 0.7013061 -2.8126905 0.9620323 15.42029 1.2193270921707153 0.720413863658905
Pedestrian 0.0 0 0.8344684839248657 866.310546875 114.73320007324219 997.9519653320312 341.7256774902344 0.88342476 1.7012128 0.5158664 2.5983882 1.210029 5.793918 1.2560478448867798 0.570112943649292
Pedestrian 0.0 0 -1.5756539106369019 678.5189208984375 142.89430236816406 696.9099731445312 198.6195526123047 0.66436636 1.7523313 0.5751526 2.6092932 0.57133776 22.59061 -1.4606600999832153 0.531212568283081
Pedestrian 0.0 0 1.098623514175415 592.591064453125 134.90771484375 653.2998657226562 247.28428649902344 0.97436523 1.7644657 0.6235987 0.23808178 1.0502609 11.671087 1.1190199851989746 0.5195094347000122
Pedestrian 0.0 0 2.156898260116577 369.05029296875 144.55335998535156 398.3201904296875 198.4032440185547 0.71948534 1.7969902 0.66298974 -7.5463634 0.598977 24.027237 1.85257887840271 0.4908762574195862
Pedestrian 0.0 0 0.9234350919723511 521.0383911132812 131.4554443359375 595.380615234375 262.10888671875 0.88579434 1.8672512 0.7330462 -0.7581818 1.1679901 10.674587 0.852527379989624 0.4777221381664276
Pedestrian 0.0 0 0.9992635250091553 820.70849609375 142.79754638671875 884.1314086914062 268.5740661621094 0.652096 1.6802019 0.56789213 3.3807755 1.1782206 9.824449 1.3306891918182373 0.44116854667663574
Pedestrian 0.0 0 -2.650578737258911 238.12039184570312 148.61871337890625 268.4713439941406 207.81851196289062 0.6239612 1.7721031 0.584663 -10.70425 0.81932205 21.461079 -3.113245964050293 0.3944181501865387
Pedestrian 0.0 0 1.0269688367843628 632.7977294921875 133.51971435546875 709.3345947265625 261.1059875488281 0.8466464 1.6767689 0.72327214 0.859036 1.0610162 9.826635 1.114166259765625 0.34555909037590027
Pedestrian 0.0 0 1.5826412439346313 542.935791015625 141.12234497070312 569.4732666015625 220.23941040039062 0.7590054 1.7211146 0.5766383 -1.1253387 0.8661085 15.772131 1.5114121437072754 0.29921746253967285
Pedestrian 0.0 0 0.7817565202713013 230.4214630126953 137.93797302246094 337.7249450683594 249.28050231933594 1.6890528 1.7388637 0.5701428 -5.3128448 1.0758191 11.596041 0.35213732719421387 0.11908581852912903
Cyclist 0.0 0 0.7923517227172852 230.78208923339844 138.94712829589844 339.28460693359375 251.40682983398438 1.7279028 1.7539188 0.5694891 -5.298279 1.1075183 11.59564 0.3637580871582031 0.6327372789382935
