Pedestrian 0.0 0 2.5748291015625 100.89866638183594 187.83224487304688 150.82347106933594 259.202392578125 0.791003 1.7492462 0.7265899 -12.390817 2.1422198 18.402697 1.9822375774383545 0.4116469919681549
Pedestrian 0.0 0 1.9392054080963135 308.22076416015625 151.7917022705078 359.291015625 238.73448181152344 0.86056805 1.8880984 0.81014645 -6.1987395 1.4310555 16.097197 1.5716252326965332 0.3069460690021515
Pedestrian 0.0 0 -1.405591607093811 59.164424896240234 185.90768432617188 92.32164764404297 251.73135375976562 0.70211565 1.7724304 0.6355002 -14.895912 2.1441126 20.064758 -2.044205665588379 0.22840772569179535
Pedestrian 0.0 0 3.361335277557373 138.12643432617188 182.83729553222656 177.47698974609375 258.31121826171875 0.6913604 1.7797067 0.62726563 -11.026936 2.0283635 17.531569 2.799881935119629 0.14382460713386536
Pedestrian 0.0 0 -2.9556450843811035 542.8567504882812 167.1910400390625 562.91357421875 199.5804901123047 1.0618197 1.8293002 0.5129531 -3.282398 1.5098239 41.059757 -3.035417318344116 0.13766054809093475
Pedestrian 0.0 0 -1.4829156398773193 418.48663330078125 177.33253479003906 443.75543212890625 238.78770446777344 0.66527146 1.7747222 0.6688498 -5.3140836 1.9094847 21.270376 -1.7277389764785767 0.13298353552818298
Pedestrian 0.0 0 2.9395313262939453 510.4358825683594 170.17076110839844 529.0439453125 211.018798828125 0.70594156 1.7966596 0.6499707 -4.065415 1.6789982 32.15469 2.813765525817871 0.1245369240641594
Cyclist 0.0 0 -2.1830997467041016 1080.4124755859375 74.10166931152344 1242.0 298.0675964355469 1.7529881 1.7438526 0.57632035 5.0147347 0.97530127 6.5037737 -1.5262622833251953 0.2926334738731384
Car 0.0 0 -1.5171757936477661 667.416015625 170.2405242919922 706.1687622070312 204.5680694580078 3.3379776 1.4211981 1.5148833 3.3679667 1.3133548 31.637896 -1.4111216068267822 0.8772992491722107
Car 0.0 0 1.784420371055603 579.031005859375 173.29624938964844 625.5702514648438 202.23146057128906 4.1123834 1.4830434 1.6972399 -0.39513204 1.5087887 39.231 1.7743487358093262 0.8677818775177002
Car 0.0 0 -1.620129108428955 726.9459838867188 163.53404235839844 760.5424194335938 192.25527954101562 3.987211 1.4935172 1.6079553 7.256547 1.0092332 39.599556 -1.4388916492462158 0.19504253566265106
Car 0.0 0 1.714920997619629 600.0886840820312 167.436279296875 635.6306762695312 197.94801330566406 4.144394 1.8518873 1.687632 0.516194 1.5234208 45.968258 1.7261499166488647 0.16988623142242432
