Pedestrian 0.0 0 2.3426895141601562 0.0 126.08417510986328 64.73365020751953 246.3994140625 0.97984713 1.8811079 0.6443835 -9.67782 1.1502275 11.793805 1.6555219888687134 0.2701438069343567
Pedestrian 0.0 0 -0.25308674573898315 966.7310180664062 171.31488037109375 998.4989624023438 223.6343994140625 0.8949131 1.9109095 0.72267926 13.788839 1.855053 26.801603 0.2220761775970459 0.20272940397262573
Pedestrian 0.0 0 -1.84456467628479 886.4373779296875 166.37527465820312 909.2631225585938 214.2809295654297 0.5721591 1.816853 0.68332475 10.996609 1.5715015 27.68215 -1.466435194015503 0.11755556613206863
Pedestrian 0.0 0 -1.6802866458892822 912.5729370117188 173.61068725585938 933.0768432617188 217.83096313476562 0.6730526 1.7658508 0.6919595 12.63388 1.7973294 29.248297 -1.2725417613983154 0.11408189684152603
Pedestrian 0.0 0 1.6712244749069214 321.4532775878906 152.4876708984375 352.0085144042969 219.5255584716797 0.6821024 1.8273735 0.7325587 -7.6484027 1.2725693 20.090157 1.307462453842163 0.1139177680015564
Cyclist 0.0 0 -3.4010276794433594 883.9122314453125 172.4420166015625 929.736328125 212.7498016357422 1.813832 1.8100224 0.6857767 13.462645 1.7918797 32.855015 -3.012136697769165 0.2588304281234741
Cyclist 0.0 0 -3.3226981163024902 849.4584350585938 194.8887481689453 889.9575805664062 232.49655151367188 1.7430525 1.7602478 0.68190366 12.477342 2.8382447 34.80709 -2.978496551513672 0.11870534718036652
Car 0.0 0 1.6061768531799316 380.0005798339844 177.1376190185547 422.6919250488281 213.35699462890625 4.0669146 1.3873042 1.5799578 -8.743306 1.5804769 30.310642 1.3253436088562012 0.3742524981498718
Car 0.0 0 1.4198940992355347 743.7963256835938 184.68853759765625 774.1315307617188 209.16490173339844 4.249881 1.7497224 1.6718447 11.456867 2.7014523 55.836124 1.6222724914550781 0.20144984126091003
Car 0.0 0 1.3865556716918945 612.4898071289062 176.94837951660156 648.6732177734375 205.9459228515625 4.0409064 1.797262 1.6578549 1.2757362 2.0789165 47.44363 1.4134386777877808 0.19374920427799225
Car 0.0 0 1.216836929321289 1095.4498291015625 193.81573486328125 1153.153564453125 220.29367065429688 3.893458 1.5115986 1.7926235 33.136013 2.9286113 46.647835 1.834471583366394 0.15755265951156616
Car 0.0 0 -3.2594516277313232 999.198974609375 170.06346130371094 1092.33837890625 200.7613983154297 3.8807232 1.4950621 1.6693535 22.02552 1.3595142 36.6951 -2.718862533569336 0.12864311039447784
Car 0.0 0 1.5078486204147339 786.2968139648438 180.8063201904297 819.4442138671875 208.70401000976562 3.8897648 1.4939791 1.607995 11.113353 1.9786763 41.87843 1.7672417163848877 0.11107183247804642
