Pedestrian 0.0 0 1.4342689514160156 608.8700561523438 171.57577514648438 637.090087890625 234.14974975585938 1.0407227 1.8448611 0.7154787 0.6143629 1.5533962 21.73194 1.4625314474105835 0.7604191303253174
Pedestrian 0.0 0 2.7038488388061523 422.3763122558594 178.47352600097656 463.9652404785156 250.81610107421875 0.8334846 1.8140641 0.6909424 -4.118299 1.7393562 18.53837 2.4852488040924072 0.7496143579483032
Pedestrian 0.0 0 0.0006123483180999756 634.3221435546875 166.06163024902344 666.7348022460938 253.03111267089844 0.5852702 1.5718777 0.5764775 0.8662817 1.2941148 13.287332 0.06571626663208008 0.723189651966095
Pedestrian 0.0 0 2.038604497909546 401.82489013671875 173.0625 435.3139953613281 241.6797637939453 0.77918744 1.7963399 0.5822664 -4.9244204 1.5766238 19.245964 1.7881109714508057 0.7003781795501709
Pedestrian 0.0 0 -1.6613150835037231 658.7742919921875 181.91241455078125 682.961181640625 256.7279357910156 0.72042173 1.6578916 0.4797946 1.5317408 1.6686542 16.280357 -1.5675060749053955 0.673917293548584
Pedestrian 0.0 0 1.5702043771743774 672.1009521484375 172.77076721191406 704.2854614257812 260.8016357421875 0.627826 1.5812336 0.5753286 1.5571971 1.4257069 13.245513 1.6872313022613525 0.6696195602416992
Pedestrian 0.0 0 -1.0856568813323975 708.6482543945312 169.16061401367188 746.7723388671875 242.16864013671875 0.7286784 1.7218412 0.64662474 3.031557 1.4320277 17.424765 -0.9134012460708618 0.5722586512565613
Pedestrian 0.0 0 1.2301582098007202 737.6495971679688 172.01759338378906 768.96630859375 238.8253173828125 0.7026476 1.7572173 0.62177336 4.0386853 1.5089741 19.281221 1.436635136604309 0.5444197654724121
Pedestrian 0.0 0 3.606031894683838 147.80828857421875 178.16441345214844 193.47354125976562 284.80389404296875 0.39388734 1.7761407 0.7195696 -7.429314 1.7218709 12.335639 3.0639491081237793 0.48768147826194763
Pedestrian 0.0 0 1.9295653104782104 290.6560974121094 170.68612670898438 310.18341064453125 224.537109375 0.35838708 1.9190733 0.55679405 -10.826387 1.5347567 25.786333 1.5320650339126587 0.46024784445762634
Pedestrian 0.0 0 2.7294623851776123 745.7032470703125 165.3350372314453 775.8618774414062 229.5821533203125 0.6962196 1.8029748 0.50025594 4.5075197 1.3504823 20.46906 2.946214199066162 0.42958593368530273
Pedestrian 0.0 0 0.8483306169509888 720.272216796875 171.96624755859375 750.85888671875 229.7547149658203 0.81118184 1.7398752 0.51721644 4.0959787 1.4539587 22.105597 1.0315442085266113 0.3064819276332855
Cyclist 0.0 0 1.3633263111114502 952.0814819335938 125.89678192138672 1029.6492919921875 261.7735900878906 1.8327872 1.7195362 0.5741046 5.3517995 1.0172063 10.04807 1.8527278900146484 0.6682162284851074
Cyclist 0.0 0 1.3725299835205078 609.9528198242188 172.002197265625 638.6373291015625 234.05435180664062 1.1101983 1.8205023 0.6562321 0.6518043 1.542985 21.674278 1.4025936126708984 0.18654349446296692
Car 0.0 0 1.706343173980713 535.5180053710938 181.75186157226562 574.8934326171875 212.51113891601562 3.8745444 1.5624359 1.598608 -2.4306424 1.5774374 38.506737 1.6433042287826538 0.8882949352264404
Car 0.0 0 1.6100373268127441 552.6659545898438 164.98391723632812 575.0573120117188 188.6095428466797 4.2353845 1.9022828 1.7038243 -3.0759115 0.57295144 59.963932 1.5587862730026245 0.5082231760025024
