Pedestrian 0.0 0 2.64821457862854 821.4999389648438 161.1060791015625 850.6592407226562 215.24832153320312 0.72951454 1.8134601 0.64107454 7.642941 1.4203291 24.548824 2.9500389099121094 0.4658454656600952
Pedestrian 0.0 0 2.3944528102874756 1078.1163330078125 158.47805786132812 1147.881591796875 255.67495727539062 0.8558502 1.8200474 0.7004831 9.637411 1.5512106 13.915371 3.0001769065856934 0.44746410846710205
Pedestrian 0.0 0 -3.0220694541931152 804.2108154296875 176.9864044189453 826.7195434570312 214.81427001953125 0.94342256 1.7569537 0.7445799 9.688883 1.9559215 34.150043 -2.745619058609009 0.2985045909881592
Pedestrian 0.0 0 -0.1941571831703186 15.27911376953125 188.72703552246094 34.480525970458984 220.01773071289062 0.7401839 1.7292402 0.6102178 -33.1532 2.6386087 40.838352 -0.8760611414909363 0.26234498620033264
Cyclist 0.0 0 -3.0220694541931152 804.2108154296875 176.9864044189453 826.7195434570312 214.81427001953125 0.94342256 1.7569537 0.7445799 9.688883 1.9559215 34.150043 -2.745619058609009 0.23258191347122192
Cyclist 0.0 0 -1.851773738861084 752.974365234375 170.94822692871094 768.4852905273438 200.18218994140625 1.5757846 1.6955633 0.4770807 8.868142 1.5853865 42.649982 -1.6467664241790771 0.20366081595420837
Car 0.0 0 1.9219506978988647 379.6886901855469 185.29039001464844 432.06781005859375 214.07736206054688 4.0092688 1.5126761 1.6374025 -11.777015 2.268281 41.754166 1.6470364332199097 0.8418273329734802
Car 0.0 0 -1.5877044200897217 598.7410278320312 177.6449432373047 626.2239990234375 204.38299560546875 4.341745 1.5926737 1.667343 0.08518694 1.9125952 45.94177 -1.5858502388000488 0.7869492173194885
Car 0.0 0 1.7262814044952393 443.3605651855469 183.09913635253906 481.5326232910156 211.6594696044922 3.7190628 1.4978116 1.5740019 -8.388002 2.1085303 41.08968 1.5249093770980835 0.629532516002655
Car 0.0 0 1.9270673990249634 249.97604370117188 180.25205993652344 391.5516357421875 258.2999572753906 4.32816 1.5775834 1.699325 -6.7206154 1.7763753 17.17263 1.55403470993042 0.27023154497146606
Car 0.0 0 1.8960225582122803 341.9488830566406 174.64622497558594 442.001953125 234.33673095703125 4.241271 1.657661 1.6837889 -6.644602 1.7187891 22.313519 1.6066004037857056 0.27005693316459656
Car 0.0 0 1.5677082538604736 499.4153747558594 179.46786499023438 518.2994384765625 197.10743713378906 3.9842057 1.4989567 1.632919 -9.133854 2.1139724 64.965096 1.4280275106430054 0.206281840801239
