Pedestrian 0.0 0 -0.598343014717102 1136.5982666015625 182.85653686523438 1188.7010498046875 255.5767059326172 0.84772843 1.8343031 0.6532176 14.219625 2.0979645 18.642065 0.053281545639038086 0.282597154378891
Pedestrian 0.0 0 0.5412600040435791 1046.155029296875 181.3804168701172 1092.3323974609375 248.67349243164062 0.89194584 1.8899751 0.71324825 13.289041 2.1446748 20.962168 1.1062719821929932 0.23236145079135895
Pedestrian 0.0 0 -0.46689456701278687 148.81983947753906 139.07431030273438 208.0106964111328 252.71347045898438 0.5965278 1.8646857 0.73597527 -7.400067 1.3107584 12.28529 -1.0090415477752686 0.11923450231552124
Cyclist 0.0 0 0.3380027115345001 937.7764282226562 201.41845703125 992.1952514648438 253.07589721679688 1.6975789 1.7845043 0.60751605 13.052198 2.872208 26.645525 0.7934939861297607 0.4101197123527527
Cyclist 0.0 0 1.6929272413253784 404.493408203125 190.34194946289062 414.9582824707031 213.42755126953125 1.3503139 1.7221123 0.61868596 -15.45866 3.0878077 55.616344 1.4218188524246216 0.16006672382354736
Car 0.0 0 1.3096798658370972 660.9044189453125 177.76791381835938 724.894775390625 214.11399841308594 4.3068647 1.444108 1.7070826 3.4939296 1.6746076 31.533041 1.4200319051742554 0.20907153189182281
Car 0.0 0 -2.7441163063049316 232.65467834472656 185.20179748535156 382.44000244140625 238.5199737548828 3.7704897 1.4929631 1.5925549 -8.924093 1.8727893 21.37141 -3.1396782398223877 0.20303070545196533
Car 0.0 0 1.563594937324524 753.2828979492188 165.52999877929688 780.2545776367188 191.68324279785156 3.6361265 1.6297134 1.6483958 10.141419 1.1736832 46.90723 1.7765192985534668 0.18474246561527252
Car 0.0 0 1.3159853219985962 783.41796875 196.39027404785156 824.1597900390625 223.4034423828125 3.817811 1.5758203 1.6653274 12.629455 3.1828125 47.33709 1.57671058177948 0.13958293199539185
Car 0.0 0 2.2645249366760254 299.6911926269531 190.14259338378906 361.44921875 217.43748474121094 3.911736 1.6144243 1.6770566 -18.352684 2.8033974 47.48276 1.895699381828308 0.1324700266122818
