Pedestrian 0.0 0 1.0494179725646973 710.6224365234375 164.067138671875 736.5184936523438 215.80194091796875 0.6915924 1.787552 0.6390736 3.944874 1.4843048 25.365417 1.203703761100769 0.5957766771316528
Pedestrian 0.0 0 -3.0225272178649902 1018.1492309570312 21.64461326599121 1240.533447265625 375.0 0.86468965 1.7704471 0.47500953 2.5439596 1.1058478 3.6355217 -2.411968469619751 0.3809164762496948
Pedestrian 0.0 0 0.9628697633743286 334.5320739746094 166.33433532714844 360.8964538574219 219.31680297851562 0.6938708 1.7506611 0.53153884 -8.862778 1.5355945 24.255424 0.6125476360321045 0.3316756784915924
Cyclist 0.0 0 1.8756458759307861 244.1121826171875 183.41036987304688 352.7846374511719 351.5269470214844 2.0291739 1.6927712 0.58120364 -3.6182935 1.8317207 8.431503 1.4702739715576172 0.8992906212806702
Cyclist 0.0 0 1.876395344734192 309.94281005859375 176.76239013671875 414.2991943359375 341.74957275390625 2.0076966 1.761304 0.62121713 -2.991335 1.8145962 8.758722 1.547289252281189 0.88747239112854
Cyclist 0.0 0 1.6606230735778809 484.2466125488281 179.97860717773438 509.4285583496094 239.52149963378906 1.7969682 1.7683617 0.62274945 -3.5691633 2.0005965 22.563026 1.5037366151809692 0.7466882467269897
Cyclist 0.0 0 -3.167111396789551 639.8250732421875 179.94671630859375 674.8382568359375 215.69589233398438 1.7920984 1.8265859 0.62033695 2.4045682 2.197463 37.345306 -3.1028127670288086 0.24313528835773468
Car 0.0 0 1.8658082485198975 331.6468811035156 192.553955078125 452.6513977050781 269.12548828125 4.396708 1.5966582 1.7257607 -5.416084 2.159221 18.383156 1.57929265499115 0.9158002138137817
Car 0.0 0 1.738797903060913 483.25640869140625 186.28271484375 529.7032470703125 220.2625274658203 4.187186 1.5648209 1.681624 -5.2811217 2.293427 37.011757 1.597066879272461 0.8709073066711426
Car 0.0 0 -1.5905872583389282 640.6611328125 180.41416931152344 673.486328125 211.84384155273438 3.8835275 1.5783861 1.6901579 2.4745858 2.009796 39.160027 -1.5274795293807983 0.5378198623657227
Car 0.0 0 -1.4335771799087524 654.0436401367188 177.32810974121094 686.4530029296875 203.33358764648438 3.999375 1.6739832 1.6774911 4.127775 1.9933733 49.312378 -1.3500652313232422 0.3099972903728485
