Pedestrian 0.0 0 2.0727157592773438 180.8209686279297 184.241455078125 210.94552612304688 234.61546325683594 0.7824265 1.7653117 0.6398241 -14.87947 2.18012 25.860252 1.5505961179733276 0.28751078248023987
Pedestrian 0.0 0 -0.29536905884742737 816.869384765625 160.06488037109375 841.9195556640625 204.83059692382812 0.80144274 1.7637969 0.64355636 8.694461 1.2602557 28.748741 -0.0016850829124450684 0.15827371180057526
Pedestrian 0.0 0 -1.8372752666473389 809.9946899414062 166.94187927246094 832.5706176757812 212.63983154296875 0.88879496 1.741819 0.62571555 8.13507 1.516831 27.94891 -1.5540318489074707 0.14771191775798798
Cyclist 0.0 0 0.12432152032852173 221.90478515625 182.98667907714844 272.7890930175781 227.06619262695312 1.8056163 1.7539998 0.5717933 -14.871996 2.1773183 29.543674 -0.34203457832336426 0.8662994503974915
Cyclist 0.0 0 2.246307373046875 130.78623962402344 187.2689208984375 159.30213928222656 217.44964599609375 1.7068892 1.7875224 0.52590084 -28.658136 2.693351 44.444595 1.6735923290252686 0.3606919050216675
Cyclist 0.0 0 -1.9313795566558838 817.5850219726562 159.5880584716797 841.6053466796875 204.1809844970703 0.9241256 1.749856 0.6300436 8.714177 1.2296495 28.792902 -1.6374932527542114 0.14140470325946808
Car 0.0 0 -1.6054930686950684 592.50634765625 173.08657836914062 624.7328491210938 203.71871948242188 4.0637975 1.6469011 1.6759579 -0.15772025 1.6611034 40.8839 -1.6093508005142212 0.7518543601036072
Car 0.0 0 1.9577568769454956 355.55810546875 159.65771484375 452.28094482421875 212.7765350341797 4.2707763 1.6327842 1.6450924 -6.8758273 1.2275102 24.390165 1.6829780340194702 0.29056188464164734
Car 0.0 0 1.3475983142852783 800.083251953125 167.8359375 858.0201416015625 205.15016174316406 3.969287 1.5102556 1.5447506 9.36058 1.3075129 31.233303 1.6387786865234375 0.14910687506198883
Car 0.0 0 -2.6480960845947266 1127.3424072265625 155.1963348388672 1239.830810546875 190.5371856689453 4.213922 1.7058532 1.7184042 29.333323 0.8539002 37.099773 -1.9790759086608887 0.14875485002994537
Car 0.0 0 1.560497760772705 560.6162109375 182.81263732910156 578.07275390625 199.14813232421875 3.6406527 1.4550692 1.6090058 -3.893531 2.4255817 68.41809 1.5036511421203613 0.11695213615894318
Car 0.0 0 1.4440467357635498 497.9194641113281 177.58212280273438 523.2554931640625 198.02854919433594 4.35283 1.5642195 1.4923639 -8.125533 1.9633409 58.55488 1.306159496307373 0.1131182387471199
