Pedestrian 0.0 0 1.0747711658477783 1103.4527587890625 144.7201385498047 1123.581298828125 187.9747772216797 0.5054462 1.7853436 0.50788736 20.932478 0.62447137 30.058443 1.6830719709396362 0.18845123052597046
Pedestrian 0.0 0 -3.24987530708313 1008.3955688476562 116.45281982421875 1052.046875 229.0623321533203 0.5535746 1.7782478 0.578907 6.7910495 0.8879591 11.767752 -2.7264719009399414 0.11740050464868546
Pedestrian 0.0 0 -3.2844059467315674 737.1632690429688 148.04391479492188 752.4539184570312 189.01611328125 0.58573186 1.8274627 0.6799813 6.034787 0.7212291 32.531246 -3.1009836196899414 0.11385977268218994
Pedestrian 0.0 0 2.4048116207122803 1096.549560546875 92.342041015625 1157.8095703125 196.01327514648438 0.6515857 1.7689044 0.57933176 8.9954195 0.395516 12.634615 3.0235235691070557 0.1006786897778511
Cyclist 0.0 0 1.4616422653198242 663.4578857421875 169.0597381591797 682.1865844726562 211.0825958251953 1.854708 1.7763474 0.6103871 2.684325 1.6163185 31.431757 1.5468372106552124 0.8732286095619202
Cyclist 0.0 0 -3.2368922233581543 1043.326171875 159.8894805908203 1080.253173828125 190.04603576660156 1.8455057 1.7968324 0.5883017 27.29172 1.0247192 43.66451 -2.678269863128662 0.1704891175031662
Cyclist 0.0 0 1.0606412887573242 760.2025146484375 141.1524200439453 789.4944458007812 185.51759338378906 1.3449186 1.7367961 0.5587262 6.5652294 0.49610877 28.967882 1.2835144996643066 0.1520778089761734
Car 0.0 0 -1.638504981994629 580.8333740234375 176.49073791503906 610.5863647460938 202.88595581054688 4.086548 1.6600121 1.7009963 -1.0229328 1.9132972 48.067673 -1.659782886505127 0.6550496816635132
Car 0.0 0 1.7697352170944214 415.6610107421875 181.7454376220703 467.6938171386719 217.78668212890625 3.52467 1.4269589 1.526817 -7.2623014 1.834169 31.229073 1.5412468910217285 0.15061114728450775
Car 0.0 0 2.114680051803589 300.1584777832031 187.46722412109375 349.41949462890625 212.09825134277344 4.0923195 1.7699047 1.7236933 -22.323887 2.959818 56.570847 1.7388217449188232 0.1392083317041397
Car 0.0 0 1.681054949760437 563.428955078125 174.92440795898438 599.234375 204.37307739257812 4.191757 1.6969526 1.7335438 -1.732123 1.8298346 44.02985 1.6417354345321655 0.11526177078485489
