Pedestrian 0.0 0 -0.5180593132972717 1069.530517578125 105.41818237304688 1199.081787109375 287.2479248046875 0.85064346 1.7901018 0.70281976 5.3568482 1.1265587 7.49385 0.10255217552185059 0.27775630354881287
Pedestrian 0.0 0 -2.6125099658966064 487.4658203125 182.5445098876953 505.54473876953125 216.2581024169922 0.66531956 1.6484429 0.62478393 -5.687205 2.136869 35.925972 -2.769510507583618 0.19482769072055817
Pedestrian 0.0 0 -0.5162471532821655 739.1524658203125 153.628662109375 766.8688354492188 204.4059600830078 0.7768724 1.8537325 0.67465675 5.2614326 1.1522294 26.781496 -0.32225993275642395 0.18907637894153595
Pedestrian 0.0 0 0.016328826546669006 490.4575500488281 161.0804443359375 502.8503112792969 194.55137634277344 0.65753657 1.804037 0.49933016 -6.188655 1.1698164 39.180336 -0.140329971909523 0.17322590947151184
Pedestrian 0.0 0 1.7702052593231201 483.5957946777344 166.6104736328125 501.98687744140625 205.68182373046875 1.0955976 1.8049961 0.650098 -5.5379677 1.516919 33.890026 1.6082268953323364 0.15921419858932495
Cyclist 0.0 0 1.2131500244140625 865.6834106445312 179.3533935546875 933.3303833007812 283.6414794921875 1.4296523 1.51812 0.5075413 4.4522038 1.6268525 11.309438 1.5881890058517456 0.696258008480072
Cyclist 0.0 0 1.8156602382659912 483.2863464355469 165.3650360107422 502.8999328613281 204.14776611328125 1.1298388 1.7902639 0.6567789 -5.524089 1.4449214 33.894707 1.6541026830673218 0.12998108565807343
Car 0.0 0 -1.8091374635696411 716.367919921875 173.6551055908203 900.2791137695312 305.8905334472656 3.6652048 1.5678905 1.6578022 2.574769 1.5818484 10.410633 -1.5666817426681519 0.9596007466316223
Car 0.0 0 -1.735122799873352 660.839111328125 171.5089874267578 747.34814453125 239.8159942626953 4.334167 1.711638 1.6885937 2.4698164 1.6782926 20.27903 -1.6139280796051025 0.9538018107414246
Car 0.0 0 1.830010175704956 313.0279846191406 186.70994567871094 494.35113525390625 326.7380676269531 3.4391973 1.5584977 1.5686554 -2.7235644 1.7857943 10.091901 1.5664136409759521 0.953718364238739
Car 0.0 0 -1.7175812721252441 687.0394287109375 182.95660400390625 790.2704467773438 262.3179626464844 3.6689358 1.4045659 1.563441 2.5075815 1.6420666 15.086021 -1.552868366241455 0.9532489776611328
Car 0.0 0 1.6876342296600342 522.499755859375 176.89593505859375 568.6092529296875 209.77313232421875 4.267219 1.4534103 1.7148951 -3.0603745 1.6595914 34.582115 1.5993683338165283 0.8565481901168823
Car 0.0 0 -1.6589604616165161 640.5775756835938 175.2046356201172 673.7640991210938 203.54074096679688 3.8331728 1.5677638 1.5954417 2.6796856 1.7118349 42.174946 -1.595508337020874 0.1677503138780594
