Pedestrian 0.0 0 3.7561910152435303 20.436908721923828 162.643798828125 163.89923095703125 338.17901611328125 1.059487 1.7718166 0.6235799 -5.4265933 1.5932733 7.4514494 3.126749277114868 0.7824305891990662
Pedestrian 0.0 0 -1.9287607669830322 835.9939575195312 173.77420043945312 872.3942260742188 241.4580841064453 0.89735806 1.6671994 0.5880248 6.249875 1.5031259 17.866047 -1.5922476053237915 0.2625125050544739
Pedestrian 0.0 0 -3.3850009441375732 825.4105224609375 191.87393188476562 867.275390625 279.81036376953125 0.6321032 1.6830429 0.6995082 4.7266736 1.9159652 13.998814 -3.0593721866607666 0.18300816416740417
Pedestrian 0.0 0 -3.189530849456787 843.5532836914062 131.20587158203125 881.7932739257812 234.0161895751953 0.60433924 1.7713906 0.69315326 4.5372415 0.9237141 12.597245 -2.843818426132202 0.11277282983064651
Pedestrian 0.0 0 3.6349997520446777 54.15827178955078 191.15872192382812 96.69678497314453 256.2822265625 0.75192535 1.8285115 0.6749045 -15.278989 2.1430283 20.36476 2.991328477859497 0.10874747484922409
Pedestrian 0.0 0 2.5032260417938232 630.7738647460938 168.81674194335938 710.7451171875 268.696044921875 1.4231714 1.7557262 0.5477142 1.1764153 1.5519962 13.028494 2.5932774543762207 0.10521037876605988
Pedestrian 0.0 0 2.4784045219421387 683.9346313476562 159.72637939453125 727.5040893554688 248.7792510986328 0.60621953 1.7711933 0.6596009 2.0197814 1.3596506 14.494968 2.616856575012207 0.10076052695512772
Pedestrian 0.0 0 3.491131544113159 6.398223400115967 169.5321807861328 64.57111358642578 260.8479309082031 0.7583954 1.7912557 0.593321 -11.521956 1.5777406 14.268012 2.8118114471435547 0.10022948682308197
Cyclist 0.0 0 -0.790364146232605 636.4638061523438 168.3822784423828 724.1591186523438 269.04412841796875 1.7921159 1.7739006 0.5251091 1.3885663 1.5620016 13.225543 -0.6857561469078064 0.17215517163276672
Cyclist 0.0 0 -1.9191739559173584 835.879638671875 173.79173278808594 871.1596069335938 240.98191833496094 0.8369452 1.6629673 0.5911053 6.2517624 1.4985331 17.916773 -1.5834494829177856 0.12682142853736877
