Pedestrian 0.0 0 0.6037724018096924 0.0 102.74478912353516 71.85250854492188 270.4388122558594 0.7265065 1.7660646 0.62465847 -6.568292 1.0280696 7.93896 -0.08742384612560272 0.3799844980239868
Pedestrian 0.0 0 -1.2334799766540527 59.1156005859375 127.11231994628906 145.5023193359375 259.3739929199219 1.3447357 1.6676923 0.5490519 -6.920005 1.0912917 9.8169365 -1.8474900722503662 0.17447437345981598
Pedestrian 0.0 0 -1.5942373275756836 764.6561279296875 151.23983764648438 779.8057250976562 193.5906524658203 0.52133626 1.8913593 0.65357906 7.273623 0.9264435 32.540096 -1.3743244409561157 0.13977070152759552
Pedestrian 0.0 0 -1.6984376907348633 533.5664672851562 166.0760040283203 546.5767822265625 198.09548950195312 0.93823564 1.7608726 0.6057699 -3.9353027 1.3884823 40.202232 -1.796014428138733 0.12222535908222198
Cyclist 0.0 0 -1.2334799766540527 59.1156005859375 127.11231994628906 145.5023193359375 259.3739929199219 1.3447357 1.6676923 0.5490519 -6.920005 1.0912917 9.8169365 -1.8474900722503662 0.15778084099292755
Cyclist 0.0 0 0.6245188117027283 0.0 103.07952117919922 83.38917541503906 274.0938415527344 0.9496994 1.8016561 0.6204545 -6.553469 1.0669317 7.9393997 -0.06554078310728073 0.11332842707633972
Car 0.0 0 1.367957592010498 686.5178833007812 174.6081085205078 811.7880859375 267.5956115722656 3.7357857 1.5082515 1.5565455 2.4232368 1.5464158 13.660221 1.5435248613357544 0.9746219515800476
Car 0.0 0 -1.8625093698501587 735.1105346679688 181.9990997314453 949.9931030273438 325.1781921386719 3.3593793 1.3754016 1.5142628 2.5442207 1.5091333 8.832203 -1.5820406675338745 0.9600266218185425
Car 0.0 0 0.8990170359611511 856.8150024414062 201.30690002441406 1242.0 375.0 3.8297071 1.4409301 1.549072 2.5561175 1.6498803 3.3563242 1.5498898029327393 0.8272492289543152
Car 0.0 0 2.4877140522003174 634.6543579101562 169.7821807861328 757.5634765625 216.51119995117188 4.118938 1.5061898 1.5746044 2.9689949 1.4075356 24.982258 2.6060032844543457 0.8048979640007019
Car 0.0 0 2.2523880004882812 0.0 208.5084686279297 266.25213623046875 375.0 3.849631 1.3941025 1.5677551 -3.3250685 1.6669897 3.5354602 1.4976471662521362 0.7978591322898865
Car 0.0 0 -0.6352741718292236 625.46630859375 177.0750274658203 721.4705810546875 215.2771759033203 3.8581245 1.5077504 1.5882305 2.666299 1.6965699 30.52964 -0.5481604337692261 0.17498773336410522
