Pedestrian 0.0 0 -1.4541144371032715 675.4179077148438 165.5718536376953 698.6858520507812 222.9586944580078 0.6941586 1.8195571 0.67195016 2.4457557 1.5890212 23.287321 -1.3494728803634644 0.3920265734195709
Pedestrian 0.0 0 -2.986829996109009 965.0826416015625 161.3790740966797 1013.2344970703125 229.23216247558594 1.0231191 1.7141744 0.6506791 9.826179 1.4246411 18.79119 -2.5050196647644043 0.3235970437526703
Cyclist 0.0 0 -3.0296244621276855 962.1500244140625 162.0965118408203 1016.2736206054688 230.01602172851562 1.1806508 1.7125808 0.68610173 9.834711 1.44169 18.805355 -2.547767162322998 0.200375497341156
Car 0.0 0 -1.423262119293213 647.5482788085938 176.9470672607422 743.3822631835938 254.72190856933594 4.203341 1.6094998 1.6844168 2.1336496 1.7214322 17.415865 -1.3013577461242676 0.9510872960090637
Car 0.0 0 -1.3586194515228271 685.9829711914062 174.497314453125 771.505126953125 231.15492248535156 4.354633 1.5593936 1.7267882 3.7308981 1.6159596 22.334347 -1.1931002140045166 0.8999329209327698
Car 0.0 0 -1.7219563722610474 884.7278442382812 174.58041381835938 1025.50830078125 277.2804260253906 3.8549247 1.5844508 1.7209767 6.1021137 1.6216133 13.289362 -1.2915005683898926 0.8937122821807861
Car 0.0 0 -1.6461076736450195 871.6839599609375 173.77362060546875 914.7664184570312 207.0727996826172 3.782472 1.437569 1.5588261 12.970388 1.4829624 33.295845 -1.2746424674987793 0.8225816488265991
Car 0.0 0 1.6052271127700806 779.0220336914062 172.79737854003906 807.7294921875 200.56600952148438 4.3645134 1.7630285 1.7088495 12.242216 1.7597915 48.141796 1.8542439937591553 0.4474227726459503
Car 0.0 0 1.4038158655166626 859.36669921875 170.4867401123047 898.8358154296875 198.4039306640625 4.4021287 1.6743139 1.6172704 16.906706 1.5326972 45.584454 1.7589762210845947 0.25074997544288635
Car 0.0 0 -1.7193200588226318 882.2786865234375 178.3099365234375 967.6685791015625 245.26197814941406 3.1868982 1.5336343 1.5350665 7.9449944 1.6873609 18.54401 -1.3145393133163452 0.22613373398780823
