Pedestrian 0.0 0 -1.853753685951233 780.4571533203125 140.1151123046875 806.6082763671875 198.29469299316406 0.71383816 1.7712368 0.607833 5.6285667 0.774882 22.331614 -1.6068514585494995 0.35385623574256897
Car 0.0 0 -1.261199712753296 324.1124572753906 184.38902282714844 433.8572998046875 251.3835906982422 3.9436514 1.5261639 1.628272 -6.011432 1.8633333 19.089947 -1.5662699937820435 0.9747435450553894
Car 0.0 0 -1.729271650314331 711.0781860351562 176.933837890625 827.8114624023438 264.78302001953125 4.055965 1.5064211 1.6356305 3.0144897 1.6011477 14.624207 -1.5259886980056763 0.9717434048652649
Car 0.0 0 2.2177882194519043 0.0 204.7553253173828 224.0550994873047 375.0 3.6624327 1.5017052 1.6005604 -6.148482 1.9402663 8.074183 1.5669684410095215 0.9317449927330017
Car 0.0 0 2.67111873626709 865.3844604492188 154.71566772460938 1100.9705810546875 225.77188110351562 4.563878 1.5535113 1.6627597 8.406352 1.1573085 16.608065 3.1396830081939697 0.8675678372383118
Car 0.0 0 1.7605994939804077 440.1381530761719 181.7176971435547 496.2363586425781 219.6233367919922 3.7466652 1.4471483 1.6329231 -5.923646 1.8427709 30.297235 1.5675175189971924 0.8658298254013062
Car 0.0 0 -1.2066901922225952 252.8004913330078 202.77157592773438 388.50860595703125 284.4477844238281 3.4415708 1.4013095 1.5451363 -6.053545 2.1108844 15.372601 -1.5818299055099487 0.6117434501647949
Car 0.0 0 2.4501025676727295 1001.73486328125 126.97883605957031 1242.0 251.6064453125 4.258499 1.6645066 1.6379871 8.2191925 1.0521629 10.51206 3.1136980056762695 0.5949479937553406
Car 0.0 0 1.7886927127838135 485.49365234375 180.37384033203125 525.0388793945312 207.8579864501953 3.5073104 1.4405264 1.4805846 -5.883091 1.8829025 40.60578 1.6448107957839966 0.5051082968711853
Car 0.0 0 1.744380235671997 467.54046630859375 180.43463134765625 513.9716186523438 213.36756896972656 4.01807 1.5047476 1.6101965 -5.9088416 1.9036216 35.91134 1.5813016891479492 0.47098425030708313
Car 0.0 0 -0.886906087398529 1161.06201171875 172.36582946777344 1242.0 332.5367736816406 3.6272752 1.456882 1.4803085 7.944784 1.4527998 7.420879 -0.06742524355649948 0.38378968834877014
