Pedestrian 0.0 0 -0.9570199251174927 852.5247802734375 152.99813842773438 880.3922729492188 208.60911560058594 0.5219842 1.7367432 0.6539215 8.109658 1.1169982 22.94873 -0.6173357367515564 0.462336003780365
Pedestrian 0.0 0 -2.0932493209838867 667.24609375 169.97239685058594 688.2117309570312 202.83290100097656 1.0309188 1.7488416 0.7077734 3.6216872 1.5958396 39.013657 -2.000683307647705 0.3988093137741089
Pedestrian 0.0 0 -1.1501049995422363 719.5416259765625 169.80813598632812 736.3807983398438 200.72291564941406 0.6879642 1.733216 0.72559667 6.6591787 1.5628097 40.936565 -0.9888467788696289 0.29370808601379395
Car 0.0 0 -2.089651107788086 811.9049682617188 183.52822875976562 1242.0 375.0 3.9572077 1.4596171 1.5951594 3.1691082 1.5837984 6.347258 -1.6265733242034912 0.9740840196609497
Car 0.0 0 -1.8796321153640747 743.9821166992188 182.1654052734375 908.605224609375 287.0695495605469 3.484583 1.4182708 1.5448151 3.300858 1.5942426 11.83593 -1.6076580286026 0.9673733711242676
Car 0.0 0 2.0081605911254883 130.62220764160156 187.6185760498047 340.11981201171875 306.1125183105469 3.290992 1.4387277 1.5122107 -5.440547 1.6950264 10.839061 1.5429631471633911 0.9596715569496155
Car 0.0 0 1.9052858352661133 277.5234375 184.27256774902344 418.77496337890625 265.609130859375 3.9469998 1.4629539 1.6251059 -5.4858813 1.740083 15.50844 1.5652873516082764 0.9359673261642456
Car 0.0 0 0.8819359540939331 472.724609375 179.702880859375 533.7197265625 206.90771484375 4.016733 1.6072315 1.6225255 -6.804992 2.0584888 45.55273 0.7336454391479492 0.6930935382843018
Car 0.0 0 -0.545415461063385 581.6740112304688 174.32217407226562 638.2900390625 193.95211791992188 4.3603773 1.5363698 1.6785513 -0.009280844 1.6597238 58.594917 -0.5455738306045532 0.6753601431846619
Car 0.0 0 1.655670404434204 284.43927001953125 176.2022247314453 327.9516296386719 211.97535705566406 4.128791 1.5187172 1.5026569 -13.968536 1.683503 33.23591 1.257800579071045 0.3343905508518219
