Pedestrian 0.0 0 2.1471691131591797 51.99410629272461 176.8743896484375 89.63804626464844 236.75332641601562 0.64537215 1.7961361 0.67943627 -16.502882 1.9211876 22.031412 1.504269003868103 0.19871102273464203
Pedestrian 0.0 0 -0.6178823709487915 492.20428466796875 166.220458984375 503.7009582519531 192.58560180664062 0.5823118 1.899288 0.60459834 -8.164777 1.4217788 52.39495 -0.7724704146385193 0.170421302318573
Pedestrian 0.0 0 -1.6019366979599 446.26934814453125 164.16744995117188 464.02972412109375 210.0460205078125 1.0348111 1.7145492 0.6287258 -5.959318 1.3902774 27.540236 -1.8150371313095093 0.14997902512550354
Pedestrian 0.0 0 -1.484809160232544 355.3175354003906 163.42263793945312 373.6654052734375 204.17391967773438 0.5015886 1.8588744 0.7609398 -11.348158 1.4290197 33.245243 -1.8137544393539429 0.12531575560569763
Cyclist 0.0 0 -1.6417701244354248 447.499267578125 164.21522521972656 465.2173767089844 210.4703369140625 1.4766941 1.7255725 0.558789 -5.949938 1.4036566 27.701578 -1.8533426523208618 0.1084824651479721
Car 0.0 0 -1.4626954793930054 544.935546875 166.4311065673828 570.5291137695312 187.49790954589844 3.5459046 1.5857307 1.6138138 -4.05938 1.1026273 56.10927 -1.5349173545837402 0.37970829010009766
Car 0.0 0 -2.3930816650390625 306.7349853515625 168.64889526367188 366.838623046875 189.87957763671875 4.1396174 1.5236845 1.6460656 -20.2198 1.2222502 53.322483 -2.755527973175049 0.2508860230445862
Car 0.0 0 2.3275983333587646 1044.5909423828125 177.8561553955078 1115.25537109375 203.12152099609375 3.8231447 1.5800747 1.6838554 30.492062 1.9143217 46.89155 2.9041616916656494 0.22996585071086884
Car 0.0 0 -1.5388312339782715 574.8106079101562 167.491943359375 601.7545776367188 191.21682739257812 3.7920175 1.4647434 1.6152003 -1.3940307 1.1340551 46.441635 -1.5688390731811523 0.22243718802928925
Car 0.0 0 0.9420396685600281 992.9743041992188 170.73095703125 1047.2567138671875 193.8997039794922 3.5907714 1.6196468 1.6141452 29.643984 1.47159 52.312565 1.4575915336608887 0.13666066527366638
Car 0.0 0 1.7203192710876465 690.4542236328125 177.35556030273438 714.0674438476562 194.5931396484375 3.9801066 1.5068518 1.5790747 8.488205 1.9342401 66.31427 1.8476266860961914 0.1290559470653534
Car 0.0 0 1.2662067413330078 812.5239868164062 180.72265625 842.5165405273438 200.4391632080078 3.8642607 1.7559934 1.6068195 20.367186 2.5164135 67.751114 1.5582301616668701 0.10816344618797302
