Pedestrian 0.0 0 2.384777545928955 206.40664672851562 163.2527313232422 235.31005859375 224.6653289794922 0.48322746 1.8374645 0.6135421 -11.862386 1.5505528 21.911032 1.8885695934295654 0.38884735107421875
Car 0.0 0 -1.9837135076522827 773.2122192382812 199.48765563964844 1148.109130859375 375.0 4.177058 1.4295746 1.6087636 2.9049685 1.7734394 7.192256 -1.599847674369812 0.9671086072921753
Car 0.0 0 -1.7201186418533325 655.1199951171875 177.54339599609375 719.7679443359375 229.44544982910156 4.3278923 1.730346 1.726816 2.7224364 1.9182585 26.652906 -1.6183276176452637 0.9470134377479553
Car 0.0 0 -2.8192429542541504 312.89605712890625 181.10394287109375 460.5832824707031 236.00735473632812 3.8743508 1.5441784 1.6103306 -6.5906262 1.7989421 21.396948 -3.1180386543273926 0.8948459625244141
Car 0.0 0 -1.6463197469711304 644.5223388671875 182.11289978027344 679.9780883789062 212.76051330566406 3.5126143 1.4740152 1.5693818 2.6375415 1.9785167 37.52424 -1.576146125793457 0.740834653377533
Car 0.0 0 0.1355499029159546 410.8631591796875 176.93064880371094 521.0192260742188 216.27987670898438 4.764269 1.7393298 1.7872477 -6.5779233 1.9328011 33.141285 -0.06038488447666168 0.6472650766372681
Car 0.0 0 0.6622016429901123 733.9515991210938 204.48863220214844 995.4092407226562 329.95489501953125 3.701569 1.4718324 1.5742873 3.7844543 2.0602727 11.434307 0.9818270206451416 0.5879012942314148
Car 0.0 0 1.4647743701934814 631.7150268554688 179.31182861328125 661.1002197265625 204.8592529296875 3.9285 1.654544 1.6094258 2.4418857 2.1181376 49.748123 1.513819932937622 0.5289696455001831
Car 0.0 0 -2.7095746994018555 356.30364990234375 183.9796905517578 492.2731018066406 233.9075164794922 4.0798993 1.538679 1.5562432 -6.1513705 1.9245355 23.867764 -2.961812734603882 0.485912948846817
Car 0.0 0 3.242513418197632 429.4556579589844 175.24136352539062 513.343505859375 206.4131317138672 3.9112046 1.4844625 1.5699651 -6.794582 1.6053121 35.459118 3.0531909465789795 0.41963332891464233
Car 0.0 0 -2.906858444213867 452.7183532714844 179.3642578125 531.6921997070312 207.39637756347656 4.0923386 1.5150411 1.6707165 -6.598975 1.8890991 40.432465 -3.0686419010162354 0.4148571491241455
Car 0.0 0 0.5408483743667603 386.77044677734375 184.36070251464844 499.5775451660156 226.7239990234375 3.7427237 1.4196272 1.5115665 -6.0849314 1.8580822 26.174114 0.3124268054962158 0.3767212927341461
