Pedestrian 0.0 0 -1.8320337533950806 843.9052734375 150.94740295410156 861.5623779296875 188.6417999267578 0.6550565 1.8621374 0.68811846 12.066311 0.7802897 35.99016 -1.5085439682006836 0.15017904341220856
Pedestrian 0.0 0 -0.9892460703849792 834.8209228515625 171.5824737548828 858.2092895507812 215.45790100097656 0.62142587 1.697017 0.6367249 9.249627 1.6481948 28.34761 -0.673845112323761 0.13663913309574127
Pedestrian 0.0 0 -1.8269809484481812 1100.6461181640625 207.90065002441406 1178.258544921875 349.34417724609375 0.5022922 1.6722406 0.6790577 6.5781345 2.1302555 9.062144 -1.1990885734558105 0.11084204912185669
Cyclist 0.0 0 -0.05109319090843201 578.6995849609375 167.70066833496094 619.6571655273438 207.80792236328125 1.8301039 1.8019991 0.6449735 -0.53915673 1.5708205 32.799084 -0.06752987205982208 0.2346482127904892
Cyclist 0.0 0 1.5640828609466553 308.0345153808594 170.2358856201172 342.13714599609375 278.0562438964844 1.5100499 1.6980813 0.5038722 -4.8603444 1.657206 12.155141 1.1836979389190674 0.1019032746553421
Car 0.0 0 -1.7790257930755615 790.4971313476562 182.84869384765625 911.582275390625 260.80096435546875 4.650055 1.4649941 1.6520697 5.284941 1.7280829 16.568125 -1.4702461957931519 0.9587938189506531
Car 0.0 0 -2.422391653060913 0.0 170.31138610839844 352.90777587890625 344.5468444824219 3.599563 1.6062335 1.6047375 -4.8916073 1.5831517 7.7184215 -2.9872636795043945 0.9153602123260498
Car 0.0 0 -1.6890819072723389 740.453369140625 167.93350219726562 791.2631225585938 215.0969696044922 4.526696 2.0187223 1.7466528 7.053452 1.8084698 33.21432 -1.4798287153244019 0.2588134706020355
Car 0.0 0 -2.922334671020508 529.7192993164062 170.98117065429688 619.0874633789062 204.11276245117188 3.875758 1.4857638 1.6680437 -1.6617527 1.4021364 33.50345 -2.971893548965454 0.18214280903339386
Car 0.0 0 -1.3156453371047974 562.2527465820312 162.70458984375 590.5635375976562 181.66757202148438 4.069729 1.6928514 1.636445 -3.082828 0.787157 66.570175 -1.3619216680526733 0.11200990527868271
Car 0.0 0 2.353677749633789 0.0 177.1954345703125 300.58367919921875 375.0 3.8266451 1.6391954 1.5587373 -3.7526512 1.6788946 4.5576396 1.6648447513580322 0.10391475260257721
