Pedestrian 0.0 0 -0.5576064586639404 1018.0476684570312 119.55455017089844 1092.8233642578125 253.9650115966797 0.70253754 1.8510122 0.576341 6.24578 1.1173651 10.225209 -0.009267814457416534 0.38711193203926086
Pedestrian 0.0 0 1.9861336946487427 1085.974609375 171.89926147460938 1126.127197265625 239.77096557617188 0.65438664 1.6815788 0.6300096 12.541357 1.658282 18.314096 2.586580276489258 0.22008365392684937
Car 0.0 0 1.7696709632873535 399.54144287109375 182.7369384765625 510.4266662597656 266.1106262207031 3.5734103 1.4564481 1.5355636 -3.0973613 1.6843649 14.818785 1.5636215209960938 0.9663832783699036
Car 0.0 0 -1.762612223625183 645.6773071289062 171.83737182617188 740.837158203125 246.30062866210938 4.1451993 1.717591 1.6629517 1.987163 1.6944993 18.777061 -1.6571754217147827 0.9655470252037048
Car 0.0 0 3.372526168823242 283.8549499511719 180.92623901367188 442.0705871582031 233.7570343017578 4.1982207 1.4801052 1.707394 -7.3222947 1.7337297 21.58429 3.0454673767089844 0.9128957390785217
Car 0.0 0 3.8793818950653076 0.0 173.5158233642578 133.9158172607422 375.0 3.949007 1.5499675 1.6453813 -6.545357 1.5567216 5.9663467 3.047739267349243 0.774644672870636
Car 0.0 0 0.062275275588035583 454.64654541015625 162.48304748535156 525.8565673828125 189.25083923339844 4.629638 1.7609082 1.7499106 -8.036698 1.0790169 48.56876 -0.10170936584472656 0.3697945177555084
Car 0.0 0 -1.746525764465332 601.2819213867188 175.1652374267578 633.4612426757812 196.9049072265625 4.0821457 1.4995284 1.6400508 0.46538264 1.6745379 52.372303 -1.7376399040222168 0.3484267294406891
Car 0.0 0 3.2648468017578125 353.73443603515625 174.81752014160156 463.31207275390625 216.31190490722656 3.7132697 1.4581261 1.5391682 -7.361324 1.5333804 26.484932 2.993745803833008 0.3257067799568176
Car 0.0 0 3.0773019790649414 466.3291015625 184.92843627929688 525.0858154296875 210.16708374023438 3.6042979 1.5293765 1.552907 -7.330105 2.318545 45.979733 2.9192118644714355 0.22073638439178467
