Pedestrian 0.0 0 1.7041544914245605 920.4249877929688 153.9718780517578 940.1482543945312 197.86436462402344 0.8433329 1.8666704 0.67485356 13.820812 1.0640051 31.218843 2.120927333831787 0.397820383310318
Pedestrian 0.0 0 1.4890413284301758 1028.59716796875 142.33938598632812 1063.077392578125 212.80560302734375 1.1152883 1.780272 0.6802167 11.340215 1.0097029 18.876944 2.030007839202881 0.38451555371284485
Cyclist 0.0 0 1.4890413284301758 1028.59716796875 142.33938598632812 1063.077392578125 212.80560302734375 1.1152883 1.780272 0.6802167 11.340215 1.0097029 18.876944 2.030007839202881 0.1929626613855362
Car 0.0 0 -0.5535199046134949 799.2083129882812 160.61819458007812 1164.3365478515625 285.45745849609375 3.799212 1.3911356 1.5864276 4.4354563 1.2551448 9.009359 -0.09603794664144516 0.9646284580230713
Car 0.0 0 -0.3103286027908325 683.966064453125 152.71168518066406 834.69384765625 210.3162078857422 3.762194 1.5083765 1.5840558 4.008342 0.98130745 19.887053 -0.11143796145915985 0.9251703023910522
Car 0.0 0 0.4968946576118469 0.0 142.40711975097656 236.55490112304688 263.5251159667969 4.2817817 1.5073788 1.5832767 -7.8536153 1.1288087 10.107114 -0.16368766129016876 0.8879930377006531
Car 0.0 0 3.655271530151367 20.393760681152344 155.583251953125 302.2818603515625 246.7982635498047 3.9874573 1.507359 1.5716549 -7.8320127 1.222312 12.778343 3.1054112911224365 0.847313404083252
Car 0.0 0 -0.40613192319869995 665.4480590820312 155.30148315429688 804.5823364257812 205.81753540039062 3.9763896 1.4871924 1.5595652 3.8188388 0.97080463 22.465431 -0.23775406181812286 0.8057659864425659
Car 0.0 0 3.435392141342163 238.8656005859375 146.57533264160156 402.5411376953125 201.98980712890625 4.078592 1.51481 1.5477834 -8.226963 0.7968143 20.665567 3.0565247535705566 0.7928338050842285
Car 0.0 0 0.4939587116241455 123.31962585449219 151.65625 348.58892822265625 225.2579803466797 4.0564265 1.498634 1.5312841 -7.969596 1.0673758 15.492491 0.0188443660736084 0.546105146408081
