Pedestrian 0.0 0 2.4594831466674805 735.9047241210938 178.54530334472656 758.2294311523438 218.2710723876953 0.70763147 1.6668322 0.6153862 5.815805 1.9139053 30.836594 2.6458942890167236 0.40052559971809387
Cyclist 0.0 0 1.8281328678131104 346.4472961425781 178.3118896484375 420.35797119140625 304.9390869140625 1.6724386 1.6710831 0.6178804 -3.2902794 1.7568823 10.442627 1.5228978395462036 0.9245660305023193
Cyclist 0.0 0 -0.16336318850517273 779.632568359375 170.16307067871094 818.4590454101562 206.73138427734375 1.7885262 1.8039819 0.66879046 9.38564 1.6715914 36.006847 0.09162545204162598 0.455840140581131
Car 0.0 0 -1.7046587467193604 636.8829956054688 178.034912109375 708.5292358398438 231.2600860595703 4.193271 1.461749 1.639654 1.7961246 1.6380795 22.366997 -1.6245282888412476 0.9599422812461853
Car 0.0 0 3.521336793899536 180.8682403564453 185.16285705566406 396.7294616699219 255.0823974609375 4.203316 1.4831694 1.6531204 -7.270003 1.7807128 16.518799 3.1067421436309814 0.9086482524871826
Car 0.0 0 -0.5890597105026245 885.623046875 166.71902465820312 1242.0 313.64581298828125 4.0128336 1.6851294 1.6400318 5.7614083 1.6151241 9.146464 -0.026940589770674706 0.9076073169708252
Car 0.0 0 -3.7990310192108154 939.0536499023438 177.70205688476562 1242.0 361.0767517089844 4.011995 1.4680969 1.6477728 5.377069 1.5191851 6.6835155 -3.1215357780456543 0.9059803485870361
Car 0.0 0 0.3434610068798065 325.03411865234375 176.75247192382812 448.564453125 228.19815063476562 3.64804 1.6607479 1.6090878 -7.5032864 1.7972324 24.307732 0.04406094551086426 0.7288026809692383
Car 0.0 0 -2.6435372829437256 275.3616943359375 185.9972381591797 436.1561584472656 244.85731506347656 3.768426 1.438127 1.4837545 -6.7373714 1.8055732 19.118397 -2.9823508262634277 0.7035338282585144
Car 0.0 0 1.4568055868148804 615.8480834960938 175.9163360595703 652.4082641601562 205.53846740722656 3.4189177 1.4461588 1.5038875 1.1705742 1.6125582 37.353657 1.4881329536437988 0.6845350861549377
Car 0.0 0 3.344994068145752 275.65289306640625 181.10064697265625 406.328369140625 235.30355834960938 3.4357777 1.5265554 1.5192157 -8.0228 1.7857814 21.636377 2.9899094104766846 0.46118390560150146
