Pedestrian 0.0 0 -1.4348933696746826 387.6167297363281 176.22189331054688 402.85968017578125 212.43795776367188 1.0104518 1.6584601 0.55171746 -10.059445 1.8185718 33.68135 -1.7251250743865967 0.11183548718690872
Pedestrian 0.0 0 -2.2992167472839355 989.6494140625 160.14425659179688 1061.97998046875 250.86656188964844 1.2843683 1.7750974 0.5736467 8.453017 1.5267727 14.802862 -1.7803640365600586 0.10016584396362305
Pedestrian 0.0 0 -0.18833625316619873 89.41328430175781 184.09690856933594 133.92813110351562 274.46136474609375 0.6276287 1.7511013 0.64349765 -10.095284 1.9850713 14.5405035 -0.795217752456665 0.1000131368637085
Cyclist 0.0 0 -1.5289335250854492 789.949462890625 173.91610717773438 821.4605712890625 256.8481140136719 1.838206 1.8593705 0.6516462 4.6265316 1.8864475 17.173923 -1.2657877206802368 0.3636176586151123
Car 0.0 0 1.8720026016235352 354.1163024902344 183.35702514648438 430.7841491699219 227.41639709472656 3.9328296 1.4665325 1.6428069 -8.059926 1.887686 26.930286 1.5811986923217773 0.9636078476905823
Car 0.0 0 1.6121785640716553 628.69970703125 175.91085815429688 657.2459106445312 203.51239013671875 4.2437544 1.6863259 1.675334 2.14563 1.8940253 46.751072 1.6580411195755005 0.15986798703670502
Car 0.0 0 2.195528507232666 220.48561096191406 188.8656768798828 276.4263000488281 213.9984588623047 3.5295727 1.4860502 1.4629242 -23.464098 2.5682247 46.888256 1.7315402030944824 0.13401931524276733
Car 0.0 0 2.993032693862915 646.2158203125 178.1478271484375 743.1851196289062 212.22869873046875 4.16373 1.4903944 1.6916345 3.7533176 1.7378045 32.75285 3.1071300506591797 0.13124200701713562
Car 0.0 0 1.7031043767929077 357.611083984375 178.66213989257812 407.3143005371094 214.5079803466797 4.1090865 1.5018364 1.6455616 -10.402263 1.7860438 33.094395 1.3985613584518433 0.1223268210887909
Car 0.0 0 3.3125505447387695 130.16468811035156 160.72311401367188 235.30453491210938 198.91871643066406 3.8053813 1.6269073 1.6865685 -18.998766 1.1105608 32.193233 2.779406785964966 0.1199483647942543
Car 0.0 0 1.3627476692199707 613.8735961914062 171.53668212890625 647.3880615234375 195.62571716308594 4.167831 1.7462149 1.6993847 1.4878954 1.6510807 54.504288 1.3900395631790161 0.11488242447376251
