Pedestrian 0.0 0 -2.825059652328491 429.129638671875 165.6260223388672 446.3574523925781 198.45578002929688 0.8120093 1.8153098 0.52093667 -9.627318 1.4159994 40.187054 -3.0601911544799805 0.18691076338291168
Pedestrian 0.0 0 -2.1866626739501953 798.166015625 159.7523193359375 820.8477172851562 201.09344482421875 0.69236225 1.74309 0.65486157 8.488381 1.191034 30.85684 -1.9182136058807373 0.18234655261039734
Pedestrian 0.0 0 2.5514168739318848 952.2592163085938 146.24464416503906 998.752685546875 219.0339813232422 0.81188595 1.7829014 0.65099514 9.08409 1.1314899 18.04371 3.017819881439209 0.15723344683647156
Pedestrian 0.0 0 0.5237988233566284 0.0 149.77386474609375 27.623027801513672 197.77442932128906 0.72729474 1.7978848 0.6682925 -22.788868 0.93376476 27.413572 -0.16973747313022614 0.1516742706298828
Pedestrian 0.0 0 1.81270170211792 759.3307495117188 104.25711059570312 838.0360107421875 281.13616943359375 0.76047224 1.8331119 0.6824623 2.0397487 1.1225561 7.971395 2.0632100105285645 0.146503746509552
Pedestrian 0.0 0 -0.817099928855896 1060.2327880859375 158.7223358154297 1078.96826171875 193.439697265625 0.6265638 1.8666819 0.5878249 24.904016 1.1072091 39.155285 -0.2506067454814911 0.1385633945465088
Pedestrian 0.0 0 -1.5657868385314941 747.855712890625 164.13693237304688 763.0045166015625 203.71401977539062 0.5162614 1.8720982 0.7038324 6.905804 1.4601167 34.451576 -1.3679590225219727 0.12193654477596283
Cyclist 0.0 0 -0.0476665198802948 409.60260009765625 175.45135498046875 439.7469787597656 206.42630004882812 1.6248417 1.7259632 0.5882025 -10.5186 1.8751146 40.810646 -0.299917995929718 0.17896485328674316
Car 0.0 0 -0.1408536583185196 603.1785278320312 186.7360076904297 685.8563232421875 215.97796630859375 4.2639246 1.4974736 1.6937784 1.7923317 2.268032 38.984444 -0.09491045027971268 0.9183368682861328
Car 0.0 0 -3.1221179962158203 583.9662475585938 185.15167236328125 629.9876098632812 203.72178649902344 3.8467252 1.5206017 1.7359952 -0.26342508 2.5787787 61.165188 -3.126424789428711 0.2903847098350525
Car 0.0 0 -0.7600699663162231 1045.970458984375 150.18911743164062 1141.710693359375 180.6449432373047 4.4722013 1.631764 1.6739129 26.66565 0.41778174 39.859997 -0.1704656332731247 0.14954940974712372
Car 0.0 0 -3.5294349193573 1180.4739990234375 185.41688537597656 1242.0 226.196533203125 4.211485 1.450368 1.5562749 24.943687 1.9629587 27.980612 -2.801356315612793 0.1401442438364029
Car 0.0 0 1.1829402446746826 716.6083984375 162.71853637695312 771.8175659179688 190.47071838378906 3.9836175 1.4926734 1.6883513 7.5107417 0.94788724 40.92824 1.3644309043884277 0.11599733680486679
