Pedestrian 0.0 0 1.378577709197998 948.4998168945312 169.88092041015625 979.9749755859375 231.07623291015625 0.9207451 1.7593907 0.6672362 10.386764 1.6742713 21.272835 1.8327926397323608 0.7359194755554199
Pedestrian 0.0 0 -1.586841106414795 464.22528076171875 180.8442840576172 479.751220703125 224.4525604248047 0.73989576 1.6164 0.56399655 -5.2717886 1.9239331 27.31586 -1.7774908542633057 0.3570970892906189
Pedestrian 0.0 0 0.3464944362640381 591.77392578125 170.51698303222656 603.91552734375 191.21961975097656 0.9448951 1.8095219 0.5279859 -1.0894846 1.6056122 63.466145 0.3293297290802002 0.1924784779548645
Pedestrian 0.0 0 2.802743434906006 831.3080444335938 166.29205322265625 864.9152221679688 228.42710876464844 0.7596892 1.8053919 0.67654234 6.978452 1.6150863 21.30889 3.1192259788513184 0.16177910566329956
Pedestrian 0.0 0 1.861546516418457 322.53857421875 179.13916015625 354.1888122558594 237.2066650390625 1.2979331 1.6845186 0.54560286 -8.217308 1.8800772 21.739725 1.5001606941223145 0.11882056295871735
Cyclist 0.0 0 1.861546516418457 322.53857421875 179.13916015625 354.1888122558594 237.2066650390625 1.2979331 1.6845186 0.54560286 -8.217308 1.8800772 21.739725 1.5001606941223145 0.1695098876953125
Car 0.0 0 0.4611240327358246 173.86331176757812 177.84262084960938 332.37396240234375 237.06781005859375 3.3330839 1.4476902 1.4860822 -9.123509 1.581208 18.50874 0.0031485557556152344 0.9233789443969727
Car 0.0 0 1.6175286769866943 513.87451171875 174.8087158203125 554.63623046875 208.10546875 4.1843987 1.4303805 1.6821045 -3.4836414 1.5269679 33.381268 1.5135458707809448 0.9145761728286743
Car 0.0 0 1.3469769954681396 678.5529174804688 165.8169403076172 736.9853515625 203.8053741455078 4.191379 1.587616 1.6894016 4.2578974 1.2938802 32.31678 1.4779773950576782 0.8696657419204712
Car 0.0 0 1.679071307182312 529.6257934570312 174.14674377441406 564.7083129882812 203.15753173828125 4.053273 1.6051329 1.6141452 -3.6555803 1.6846665 42.144943 1.5925495624542236 0.3548555374145508
Car 0.0 0 3.1160686016082764 206.93203735351562 179.54823303222656 338.5762634277344 231.98150634765625 3.411158 1.4171866 1.4727916 -9.947121 1.6281987 21.282259 2.678847312927246 0.1808580458164215
