Pedestrian 0.0 0 -3.0049853324890137 648.4127807617188 172.9578399658203 660.6464233398438 199.89273071289062 0.7580124 1.8130486 0.5690783 2.9911344 1.8204978 48.921757 -2.943920135498047 0.3332952558994293
Pedestrian 0.0 0 -0.1769767850637436 457.4852294921875 166.59580993652344 471.62060546875 198.8267822265625 0.6858043 1.807211 0.62027156 -8.275349 1.4566685 40.86887 -0.37676098942756653 0.20916365087032318
Car 0.0 0 -1.6993861198425293 669.4912719726562 175.4717559814453 739.2910766601562 228.56649780273438 4.025455 1.5156752 1.6600586 2.8412879 1.6061152 22.810139 -1.5754618644714355 0.8788481950759888
Car 0.0 0 -1.6771517992019653 655.6804809570312 174.488525390625 698.244873046875 206.44149780273438 4.021052 1.4134376 1.5745405 3.0711813 1.4957354 34.144806 -1.5874474048614502 0.8244314193725586
Car 0.0 0 -1.4515680074691772 547.6692504882812 174.1464385986328 583.5684814453125 203.68043518066406 3.976317 1.6133075 1.606602 -2.5464423 1.6918612 41.62082 -1.5126737356185913 0.7996389269828796
Car 0.0 0 -1.698732614517212 666.1218872070312 176.45663452148438 717.7000122070312 216.9624786376953 3.5251892 1.4622864 1.5473876 3.0894682 1.6120216 28.137913 -1.5893733501434326 0.42287054657936096
Car 0.0 0 1.2128758430480957 852.9523315429688 175.23165893554688 984.048828125 242.55174255371094 3.9607613 1.4187936 1.5738249 7.188755 1.4829532 17.352238 1.6056350469589233 0.363391637802124
Car 0.0 0 1.4565708637237549 634.6270751953125 171.25193786621094 659.14990234375 192.84793090820312 3.9454656 1.770448 1.6316149 3.0723953 1.6394669 61.170044 1.5067558288574219 0.20977787673473358
Car 0.0 0 1.2722511291503906 791.8948364257812 163.81439208984375 885.1097412109375 214.06155395507812 4.380395 1.4878266 1.6569408 7.2728615 1.2205203 23.55309 1.5717487335205078 0.19855569303035736
Car 0.0 0 -0.00017552077770233154 647.6058959960938 170.80653381347656 703.7216186523438 194.7800750732422 3.765817 1.6099402 1.6941006 4.464282 1.4727995 49.464546 0.08983278274536133 0.16757000982761383
Car 0.0 0 0.09811098128557205 530.8070678710938 173.1466064453125 577.6599731445312 188.8492889404297 4.2785378 1.4658347 1.6553305 -5.26848 1.4942299 68.25749 0.02107834815979004 0.1586417257785797
