Pedestrian 0.0 0 -1.8939796686172485 802.3309936523438 158.6302947998047 837.3338012695312 226.34579467773438 0.7988492 1.8196304 0.70331806 5.701909 1.4377732 19.800295 -1.613594889640808 0.5904218554496765
Pedestrian 0.0 0 0.13035207986831665 728.335693359375 168.5946502685547 741.6599731445312 191.51927185058594 1.0240343 1.865056 0.45935574 10.210512 1.5188897 59.070034 0.3015151023864746 0.20846080780029297
Pedestrian 0.0 0 -0.23623722791671753 1060.129150390625 149.2041778564453 1208.522216796875 266.4042663574219 1.8288687 1.7617377 0.52616125 8.195446 1.4065942 11.431145 0.38576769828796387 0.20413480699062347
Pedestrian 0.0 0 -3.1165754795074463 744.7387084960938 164.389404296875 758.9918212890625 193.12091064453125 0.9008026 1.8624625 0.54345894 9.238087 1.3141195 47.132435 -2.9230263233184814 0.19596095383167267
Pedestrian 0.0 0 -2.323882818222046 1181.0888671875 178.89120483398438 1204.2587890625 209.20559692382812 0.8850671 1.8818331 0.7259027 36.66076 2.2663603 45.44305 -1.6450451612472534 0.15097077190876007
Pedestrian 0.0 0 1.352350115776062 770.0267333984375 166.0828094482422 787.7838134765625 203.33729553222656 0.9328042 1.7992344 0.6583173 8.223325 1.4725722 35.31427 1.58113431930542 0.14929065108299255
Cyclist 0.0 0 -1.9125865697860718 688.9546508789062 166.571044921875 711.87353515625 206.63453674316406 1.6658759 1.7919493 0.51279 4.101238 1.5112852 33.13873 -1.7894530296325684 0.6673961877822876
Cyclist 0.0 0 -0.27865439653396606 1057.0128173828125 148.62095642089844 1220.12890625 265.4869689941406 2.0168219 1.7542247 0.5203486 8.245242 1.3908309 11.415441 0.3468742370605469 0.6079354286193848
Cyclist 0.0 0 -1.7248185873031616 677.8412475585938 169.587890625 689.8165893554688 197.0000457763672 1.6251658 1.7949914 0.54877186 4.881847 1.5814797 48.070644 -1.6236099004745483 0.1691957414150238
Car 0.0 0 -2.2869420051574707 1200.865234375 145.9325408935547 1242.0 182.9682159423828 3.920839 2.0442884 1.84878 36.71437 0.55864 41.78931 -1.566100001335144 0.4881281852722168
Car 0.0 0 -2.227329730987549 38.3430061340332 187.23992919921875 126.00597381591797 219.865234375 3.675849 1.5215423 1.6346613 -26.422766 2.2673347 36.08818 -2.859323024749756 0.1283106952905655
Car 0.0 0 -2.508406400680542 128.6820526123047 183.9534454345703 201.39120483398438 210.58181762695312 3.508727 1.5717036 1.6503638 -27.351587 2.2692008 44.35221 -3.0610079765319824 0.1281493753194809
