Pedestrian 0.0 0 0.16594275832176208 538.7213134765625 169.88177490234375 555.3756103515625 196.60360717773438 1.0728657 1.8197448 0.47552252 -4.338734 1.6176949 49.41267 0.07836127281188965 0.6090294122695923
Pedestrian 0.0 0 1.2506911754608154 611.0304565429688 175.98556518554688 629.628173828125 214.4640655517578 0.7610294 1.7512852 0.65289664 0.43493515 1.898502 33.373337 1.2637228965759277 0.37074506282806396
Pedestrian 0.0 0 0.8149571418762207 1122.4788818359375 156.72964477539062 1242.0 346.69976806640625 0.91353446 1.7501246 0.6664803 5.682526 1.6019347 7.127263 1.4880460500717163 0.3132491111755371
Pedestrian 0.0 0 0.8081299066543579 199.02978515625 199.3902587890625 246.4830322265625 295.91455078125 0.4920516 1.6157678 0.5395243 -6.804916 2.0914962 12.590528 0.3126258850097656 0.17490296065807343
Cyclist 0.0 0 0.31982162594795227 591.2660522460938 128.87811279296875 631.112060546875 182.96966552734375 1.304766 1.891636 0.57771957 0.00013409834 0.3541131 25.70947 0.3198268413543701 0.17792221903800964
Cyclist 0.0 0 0.8149571418762207 1122.4788818359375 156.72964477539062 1242.0 346.69976806640625 0.91353446 1.7501246 0.6664803 5.682526 1.6019347 7.127263 1.4880460500717163 0.10752664506435394
Car 0.0 0 1.7351045608520508 357.11822509765625 183.04161071777344 450.1264953613281 248.03981018066406 4.160251 1.4323553 1.6491133 -5.2679543 1.7277051 18.732111 1.4609594345092773 0.9654480218887329
Car 0.0 0 1.692529320716858 424.98956298828125 182.0658416748047 477.9798583984375 223.09764099121094 3.606735 1.3758463 1.5017729 -5.8840365 1.7434222 26.894695 1.4771424531936646 0.8965051174163818
Car 0.0 0 1.2759654521942139 663.113525390625 162.01666259765625 777.343017578125 237.75721740722656 3.9894662 1.6521587 1.6666583 2.530225 1.4161172 17.835342 1.4168908596038818 0.8226175308227539
Car 0.0 0 1.644576072692871 447.4175109863281 178.9495391845703 488.72216796875 213.4286651611328 3.8227441 1.458932 1.5895009 -6.5186534 1.7568347 33.22535 1.4508416652679443 0.49292346835136414
Car 0.0 0 -1.4689661264419556 552.0247192382812 171.50108337402344 581.2979125976562 197.7925262451172 3.888118 1.7377673 1.6262473 -2.9740515 1.6487023 49.664722 -1.5287772417068481 0.3457828164100647
