Pedestrian 0.0 0 -1.1422356367111206 140.0243682861328 173.53382873535156 196.23155212402344 268.33184814453125 0.7604065 1.6922148 0.62553823 -8.181502 1.705497 13.298895 -1.6937578916549683 0.2575893998146057
Pedestrian 0.0 0 1.3414033651351929 1052.142822265625 136.96229553222656 1080.648193359375 192.8028564453125 0.7502577 1.9101305 0.68567395 15.8533 0.68274605 25.14541 1.9039229154586792 0.19386515021324158
Pedestrian 0.0 0 -1.3003956079483032 415.5741882324219 174.2770233154297 433.1812744140625 211.71063232421875 0.9982974 1.7509184 0.5656223 -8.8547 1.8199002 34.28882 -1.5531132221221924 0.16297419369220734
Pedestrian 0.0 0 1.8763890266418457 85.54113006591797 157.2081756591797 152.17543029785156 280.4610900878906 0.5119013 1.7619922 0.6929978 -7.2938147 1.5386814 10.657698 1.2762298583984375 0.15277710556983948
Pedestrian 0.0 0 -1.7742863893508911 978.3425903320312 172.76681518554688 1002.9173583984375 225.08348083496094 0.7386835 1.709964 0.5848692 12.61815 1.7074721 24.016447 -1.2905288934707642 0.14607250690460205
Pedestrian 0.0 0 1.1129908561706543 1109.469970703125 157.2398223876953 1144.51611328125 212.2604522705078 0.6850965 1.7324799 0.6787737 16.505241 1.2411815 23.109823 1.7331894636154175 0.1416265368461609
Pedestrian 0.0 0 -1.6580870151519775 1018.44189453125 142.66448974609375 1041.0750732421875 194.72705078125 0.6173083 1.8585199 0.65719473 15.177737 0.78117794 26.173496 -1.132585883140564 0.14040692150592804
Pedestrian 0.0 0 -1.1334789991378784 1037.4736328125 147.6527557373047 1059.3358154296875 188.74038696289062 0.591717 1.8232654 0.6511645 19.676926 0.705317 32.450577 -0.5883917808532715 0.124826580286026
Pedestrian 0.0 0 -1.4509449005126953 143.56939697265625 157.803955078125 171.11123657226562 209.9055938720703 0.52739495 1.8371108 0.7791411 -16.251179 1.3068024 25.843647 -2.012291431427002 0.12202738970518112
Pedestrian 0.0 0 -1.2732808589935303 41.85832977294922 150.1679229736328 113.70917510986328 290.5990905761719 0.5837996 1.8349181 0.64466166 -7.2712445 1.5388525 9.807868 -1.911234974861145 0.12110114097595215
Cyclist 0.0 0 -1.2383302450180054 414.5251770019531 177.00582885742188 434.5668640136719 214.30531311035156 1.4962335 1.7279977 0.46330702 -8.860578 1.9304748 34.35881 -1.4907150268554688 0.24675709009170532
Cyclist 0.0 0 -1.2661688327789307 133.64834594726562 172.1522979736328 198.38320922851562 272.16046142578125 1.5969661 1.7051661 0.5528889 -8.102153 1.6935598 13.141568 -1.8186531066894531 0.20142343640327454
Cyclist 0.0 0 3.192725658416748 254.6292724609375 124.90823364257812 360.4121398925781 216.93556213378906 2.030743 1.8688482 0.53402406 -6.403254 0.89554584 15.245872 2.795098304748535 0.18235956132411957
Car 0.0 0 1.2177667617797852 735.5339965820312 186.75865173339844 1063.080322265625 375.0 3.6704085 1.4082223 1.659784 2.3784661 1.5811286 7.092253 1.5413413047790527 0.9699259400367737
Car 0.0 0 2.261850118637085 487.2939147949219 180.5998077392578 679.7426147460938 270.27899169921875 4.2284436 1.5318143 1.6267662 -0.44055346 1.715046 14.864367 2.2322206497192383 0.9561440348625183
Car 0.0 0 -2.497044801712036 909.45556640625 207.2231903076172 1242.0 375.0 3.7688696 1.4946506 1.6229454 2.5711417 1.6939098 2.2355778 -1.6419482231140137 0.6655649542808533
Car 0.0 0 1.7250210046768188 772.5311279296875 182.30584716796875 907.0604248046875 284.6727294921875 4.4122596 1.4904069 1.6770546 4.327523 1.6955419 13.282723 2.0399770736694336 0.12140435725450516
