Pedestrian 0.0 0 -1.3785338401794434 248.1279754638672 174.12936401367188 264.0445251464844 206.10653686523438 0.6810078 1.762609 0.6798117 -19.75982 1.8348007 40.219822 -1.8351936340332031 0.2282567024230957
Pedestrian 0.0 0 1.4203295707702637 889.9254150390625 153.66429138183594 921.4611206054688 218.500244140625 1.0412493 1.8194028 0.6914196 8.478257 1.2812665 20.831816 1.806843876838684 0.1457332819700241
Cyclist 0.0 0 1.9972929954528809 106.5655746459961 176.92181396484375 142.20106506347656 219.8834228515625 1.7106776 1.740079 0.5873595 -20.402475 1.9162083 30.282898 1.404416799545288 0.6521755456924438
Cyclist 0.0 0 1.1683590412139893 852.1295776367188 153.56719970703125 884.8063354492188 202.5292205810547 1.4522331 1.6830187 0.5620657 9.09001 1.0204124 25.54114 1.5102773904800415 0.23891185224056244
Cyclist 0.0 0 -1.1150598526000977 136.16549682617188 174.16136169433594 164.87103271484375 210.36480712890625 1.5069432 1.7033633 0.56285024 -22.174286 1.7681612 34.781937 -1.6826138496398926 0.13532496988773346
Cyclist 0.0 0 -0.7039702534675598 146.54782104492188 182.1797332763672 181.9934539794922 215.6353302001953 1.5358802 1.6333158 0.549165 -22.566702 2.1159058 36.492664 -1.2578022480010986 0.12235471606254578
Cyclist 0.0 0 1.3987300395965576 890.1395263671875 156.54296875 922.5410766601562 222.28150939941406 1.0278969 1.8471258 0.6976037 8.50333 1.3891752 20.847641 1.7860107421875 0.10638532787561417
Car 0.0 0 2.0534024238586426 222.87200927734375 185.4532012939453 294.357666015625 219.92233276367188 3.3828478 1.4230585 1.5208642 -15.908914 2.0253022 32.752575 1.6012356281280518 0.9094575047492981
Car 0.0 0 1.9507596492767334 44.705421447753906 187.5341033935547 123.57035827636719 224.99734497070312 3.9871762 1.5463967 1.5990627 -24.396976 2.2732913 33.578117 1.3224207162857056 0.33470290899276733
Car 0.0 0 1.961700201034546 302.776123046875 174.55221557617188 351.08160400390625 204.2926483154297 4.1554103 1.9839438 1.6894302 -19.7579 2.107999 50.461384 1.5885038375854492 0.22087088227272034
Car 0.0 0 2.161599636077881 52.702327728271484 185.8364715576172 152.20265197753906 223.3087615966797 3.833487 1.4280047 1.6044041 -21.550972 2.0167422 30.765528 1.550544261932373 0.17434245347976685
