Pedestrian 0.0 0 0.17003780603408813 937.4469604492188 131.31961059570312 1005.2064819335938 254.15548706054688 0.85407776 1.8216083 0.5741742 5.584348 1.0234814 11.140954 0.634680986404419 0.448647677898407
Pedestrian 0.0 0 -2.9558799266815186 516.5145874023438 168.17625427246094 533.3927001953125 201.48739624023438 0.8543214 1.8394471 0.5058964 -4.630891 0.89965755 39.973927 -3.071213483810425 0.4284112751483917
Pedestrian 0.0 0 -0.42684364318847656 645.7960815429688 170.3313751220703 667.6130981445312 207.93649291992188 0.8691449 1.7744222 0.6006442 2.3042648 1.0732268 34.350025 -0.3598620891571045 0.37262749671936035
Cyclist 0.0 0 0.1965855211019516 456.7071838378906 156.07969665527344 511.9690856933594 208.75308227539062 1.7620337 1.7694104 0.6607049 -4.235315 0.791802 24.496729 0.025384902954101562 0.5971177220344543
Car 0.0 0 -1.240441083908081 226.31103515625 192.69805908203125 417.6250915527344 310.7721862792969 3.419922 1.4188206 1.5576323 -4.032102 1.548271 10.589217 -1.604264497756958 0.9702206254005432
Car 0.0 0 -1.1621127128601074 169.26840209960938 186.3220672607422 307.0940856933594 252.42239379882812 3.8457377 1.4151974 1.554686 -8.814896 1.4461684 17.418516 -1.6306003332138062 0.9238085746765137
Car 0.0 0 -1.5552407503128052 562.020751953125 176.9759063720703 599.495849609375 212.02789306640625 3.8769708 1.5461034 1.6529979 -1.269022 1.1837871 33.660442 -1.592923641204834 0.8961058259010315
Car 0.0 0 -0.9668075442314148 0.0 186.6837615966797 200.6806182861328 307.5176086425781 4.1375403 1.4413203 1.5963066 -8.028029 1.4686365 10.719974 -1.6095948219299316 0.8918232321739197
Car 0.0 0 -0.8289934992790222 0.0 210.2142791748047 251.62786865234375 376.0 3.783432 1.501884 1.6350701 -3.174898 1.6746213 2.9834723 -1.6454654932022095 0.753350555896759
Car 0.0 0 -1.001039743423462 151.81015014648438 185.07415771484375 263.0793151855469 233.83790588378906 3.3993053 1.4567268 1.5476304 -12.845153 1.4536299 23.216646 -1.5063925981521606 0.7211235165596008
Car 0.0 0 -1.228460431098938 276.6224060058594 179.99794006347656 347.181884765625 213.20359802246094 3.9172983 1.3809434 1.674612 -13.062109 1.1650808 31.887123 -1.6172459125518799 0.3691783547401428
Car 0.0 0 -1.6404567956924438 414.6342468261719 185.17794799804688 449.29803466796875 213.00648498535156 3.705388 1.4561743 1.5939361 -9.755006 1.4553294 39.61927 -1.8818734884262085 0.3545224368572235
Car 0.0 0 -1.3390069007873535 387.1940612792969 181.0911865234375 441.79254150390625 215.49697875976562 3.8103778 1.4939415 1.5975902 -8.870824 1.3159819 33.137947 -1.6005680561065674 0.31626787781715393
