Pedestrian 0.0 0 0.589246392250061 147.4372100830078 127.57001495361328 211.88365173339844 252.56719970703125 0.5155675 1.7939681 0.7110491 -6.4335465 1.144407 10.720475 0.048740386962890625 0.3477686047554016
Pedestrian 0.0 0 1.7746505737304688 1083.6051025390625 177.97796630859375 1226.37158203125 375.0 0.60685444 1.667566 0.6671465 3.634656 1.7058774 4.8908215 2.4137587547302246 0.31787386536598206
Pedestrian 0.0 0 1.3255259990692139 1026.8475341796875 160.26181030273438 1067.38623046875 233.1322784423828 1.182171 1.6878252 0.56042004 10.449136 1.3965228 17.356676 1.8674324750900269 0.1918601542711258
Pedestrian 0.0 0 1.5735256671905518 504.3402099609375 159.7650909423828 520.0617065429688 198.89389038085938 0.9284438 1.9219445 0.76637846 -4.909803 1.2793957 35.94897 1.437788486480713 0.1900167465209961
Pedestrian 0.0 0 2.3878588676452637 769.9297485351562 171.86886596679688 825.6964721679688 266.8669738769531 0.7600324 1.7800406 0.72221875 3.5927663 1.761939 14.016714 2.638777017593384 0.1875300258398056
Pedestrian 0.0 0 -0.6438367962837219 1098.270751953125 211.873046875 1153.5411376953125 281.20855712890625 0.9377609 1.6971929 0.6587915 13.085975 2.7103145 18.38409 -0.025228744372725487 0.16703476011753082
Pedestrian 0.0 0 1.090700626373291 0.0 118.1434326171875 83.34674072265625 296.824462890625 0.62705815 1.8697699 0.71829504 -6.4774237 1.2976205 8.002021 0.41020989418029785 0.15476815402507782
Pedestrian 0.0 0 1.4122830629348755 519.9038696289062 165.44635009765625 532.38916015625 200.3402557373047 0.82974356 1.8919702 0.55548483 -4.640228 1.4906806 39.59423 1.2956206798553467 0.1486998200416565
Pedestrian 0.0 0 1.9617351293563843 534.0602416992188 176.1200408935547 549.012939453125 205.15283203125 0.8928623 1.796072 0.6431195 -4.324665 2.0037239 45.27209 1.8664979934692383 0.14816707372665405
Pedestrian 0.0 0 2.037240982055664 828.8458251953125 141.5115509033203 887.2965087890625 262.95953369140625 0.68528354 1.7369398 0.5801142 3.6496913 1.2890404 10.763707 2.3641490936279297 0.1342063546180725
Cyclist 0.0 0 1.2974367141723633 1026.5880126953125 159.6556854248047 1068.88720703125 233.0833282470703 1.2217467 1.6933315 0.5543524 10.428033 1.3893201 17.29938 1.8399111032485962 0.1871703714132309
Cyclist 0.0 0 -1.896181583404541 1024.7130126953125 166.19747924804688 1059.877685546875 226.89024353027344 1.4341947 1.639805 0.4052398 12.059762 1.4603162 20.23553 -1.3587307929992676 0.16076552867889404
Cyclist 0.0 0 1.3668797016143799 1023.4833984375 102.03460693359375 1094.3868408203125 225.0460968017578 1.6398885 1.784082 0.61711824 6.9601526 0.75731933 11.337991 1.9174418449401855 0.1315251588821411
Car 0.0 0 1.74077308177948 423.1885986328125 172.7536163330078 506.447021484375 238.6607208251953 3.4959269 1.605786 1.6143115 -3.8390872 1.603698 19.345373 1.5448684692382812 0.9579694271087646
Car 0.0 0 -1.5427212715148926 626.63037109375 180.97422790527344 646.7355346679688 200.09002685546875 3.9019635 1.6004779 1.6783307 2.3766115 2.3448896 64.11014 -1.5056674480438232 0.5827668905258179
Car 0.0 0 -2.5587964057922363 1090.8873291015625 207.15725708007812 1242.0 283.608154296875 3.20485 1.4306797 1.6392825 13.323738 2.3180063 16.875017 -1.8904575109481812 0.15536610782146454
