Pedestrian 0.0 0 0.7474409937858582 510.5809631347656 159.3105926513672 538.15283203125 212.61700439453125 0.7000865 1.9041348 0.7118151 -3.0738702 0.97992176 26.168007 0.6305100917816162 0.332534521818161
Pedestrian 0.0 0 -0.23729586601257324 681.3296508789062 172.94815063476562 703.6261596679688 209.85269165039062 0.97250164 1.8157319 0.66062784 4.1778417 1.21329 35.75106 -0.12096425145864487 0.17727087438106537
Pedestrian 0.0 0 -1.6103116273880005 286.5625 194.38401794433594 312.7040710449219 258.2044982910156 0.94252664 1.6254498 0.59647393 -8.203639 1.8762475 19.01783 -2.017561674118042 0.1539239138364792
Car 0.0 0 -1.075089931488037 100.23375701904297 186.91293334960938 293.9705505371094 272.3608703613281 3.8719778 1.4114268 1.5716653 -7.725424 1.4499604 13.892661 -1.582588791847229 0.9368354082107544
Car 0.0 0 -1.5802127122879028 582.94921875 175.98558044433594 619.1773681640625 209.17343139648438 3.7463405 1.5191545 1.6592244 -0.3782329 1.0977824 34.791046 -1.5910838842391968 0.8533097505569458
Car 0.0 0 -0.8292490839958191 0.0 146.0684051513672 134.20751953125 329.8583068847656 3.7006562 1.5339906 1.5502745 -7.216124 1.2083814 7.8479295 -1.572730541229248 0.47745025157928467
Car 0.0 0 2.116922378540039 112.38545227050781 180.83738708496094 259.5992431640625 240.87376403808594 4.1161637 1.4726351 1.555513 -11.398117 1.3663708 19.703535 1.5924760103225708 0.36816179752349854
Car 0.0 0 1.895078420639038 264.6080017089844 188.8855743408203 330.5781555175781 223.2161865234375 3.7686424 1.4455302 1.6322393 -14.023341 1.6231637 32.624863 1.4891186952590942 0.3233743906021118
Car 0.0 0 2.053046226501465 0.0 152.0396728515625 108.9696273803711 210.65924072265625 3.6823974 1.5244831 1.5936984 -16.176832 0.66282576 20.646246 1.3884326219558716 0.227256640791893
Car 0.0 0 -1.2919679880142212 625.9874877929688 169.43003845214844 662.8628540039062 193.99754333496094 4.0295362 1.7137328 1.6353177 2.6917763 0.6137178 52.311832 -1.2405569553375244 0.18671497702598572
Car 0.0 0 -1.4302688837051392 288.90753173828125 191.18014526367188 366.8960876464844 250.22940063476562 3.5873215 1.4754323 1.5569192 -7.8322906 1.6607336 20.269693 -1.7989999055862427 0.15174293518066406
