Pedestrian 0.0 0 2.0675806999206543 115.0576400756836 119.89234161376953 202.58863830566406 271.7138671875 0.6605531 1.797011 0.683513 -5.5933013 1.1704967 8.889346 1.5059568881988525 0.3387611210346222
Pedestrian 0.0 0 1.7936351299285889 515.5569458007812 165.5171356201172 532.7770385742188 202.837646484375 1.0382223 1.8388652 0.6433736 -4.3265967 1.4777197 36.098614 1.6743491888046265 0.3380008041858673
Pedestrian 0.0 0 -0.8280665874481201 716.1455078125 145.02394104003906 738.3861083984375 191.13812255859375 0.62079793 1.9697275 0.7224393 5.0441046 0.78134847 31.292973 -0.6682515144348145 0.2344965636730194
Pedestrian 0.0 0 2.5162582397460938 741.3424072265625 149.12478637695312 769.0535888671875 201.59063720703125 0.71314615 1.8176967 0.6479897 5.072428 0.99594796 25.438032 2.7130799293518066 0.16087590157985687
Cyclist 0.0 0 1.8249766826629639 515.4821166992188 164.81056213378906 533.0646362304688 201.66238403320312 1.056835 1.8142563 0.62907326 -4.3196044 1.4186264 36.085308 1.7058382034301758 0.13607361912727356
Car 0.0 0 -2.081953763961792 798.673828125 177.3534698486328 1242.0 375.0 4.008575 1.4800295 1.5952042 2.5244112 1.5222403 4.690896 -1.5882530212402344 0.9610623717308044
Car 0.0 0 -1.3319191932678223 329.7077331542969 181.44361877441406 490.235107421875 289.038330078125 4.234694 1.4327809 1.5823839 -3.1641378 1.6023041 12.076567 -1.5881656408309937 0.9601735472679138
Car 0.0 0 -1.7348309755325317 672.2313842773438 168.87124633789062 770.3135375976562 237.98228454589844 4.1640415 1.4342027 1.5908726 2.4431133 1.3519095 17.069635 -1.592670202255249 0.9580731987953186
Car 0.0 0 -0.8881285786628723 0.0 188.21206665039062 339.3047180175781 375.0 4.0299177 1.4235348 1.597117 -2.8721354 1.5400348 3.4271305 -1.5856488943099976 0.8620262742042542
Car 0.0 0 1.47426176071167 633.8067016601562 168.95484924316406 675.7052612304688 201.96202087402344 3.8671165 1.4729936 1.602199 2.024792 1.2993463 34.159046 1.5334678888320923 0.7362099289894104
Car 0.0 0 -1.5177667140960693 665.0211791992188 164.14756774902344 690.3019409179688 189.5345001220703 4.3400474 1.8689381 1.7063134 5.203525 1.2283452 55.38696 -1.4240931272506714 0.2236732393503189
