Pedestrian 0.0 0 1.0508928298950195 468.17681884765625 155.4935760498047 608.07080078125 370.0 0.7113935 1.6361449 0.64028895 -0.50290877 1.4906939 4.6321955 0.9427483081817627 0.8431098461151123
Pedestrian 0.0 0 1.419163703918457 563.546142578125 141.88809204101562 631.90185546875 302.5838928222656 0.9098793 1.7285591 0.64603597 -0.15239465 1.3149108 8.1036825 1.400360345840454 0.8341189026832581
Pedestrian 0.0 0 2.50476336479187 803.9661865234375 125.47731018066406 891.8826904296875 278.3876953125 0.7669595 1.7949941 0.6908319 2.9428396 1.1507728 8.741452 2.8294990062713623 0.7358314394950867
Pedestrian 0.0 0 -2.939335823059082 591.0780029296875 136.86590576171875 636.7120971679688 207.2667236328125 1.1671671 1.891656 0.5403837 0.21314198 0.7207992 19.380873 -2.9283387660980225 0.6882137060165405
Pedestrian 0.0 0 0.10708023607730865 608.4437255859375 146.57347106933594 649.2360229492188 213.57513427734375 1.1011707 1.8636856 0.5711689 0.6467393 0.9215776 20.021261 0.13937163352966309 0.6376501321792603
Pedestrian 0.0 0 1.1572484970092773 673.7078857421875 139.85800170898438 744.52001953125 290.89337158203125 0.80122423 1.6983831 0.55349934 1.1735109 1.2430524 8.406429 1.2959489822387695 0.591857373714447
Pedestrian 0.0 0 0.8418064117431641 719.28662109375 127.64685821533203 803.6233520507812 288.19293212890625 0.7837204 1.8126745 0.62165487 1.8152971 1.2176121 8.472438 1.0528743267059326 0.5543840527534485
Pedestrian 0.0 0 2.079871892929077 632.6233520507812 142.11058044433594 664.6542358398438 202.9816436767578 0.810091 1.8607599 0.69541836 1.3383983 0.6887965 22.137323 2.1402573585510254 0.5274655818939209
Pedestrian 0.0 0 1.1201791763305664 235.35348510742188 136.55067443847656 297.330322265625 240.31927490234375 0.9005397 1.6474773 0.5928762 -5.6691976 0.95137316 11.7324295 0.670055627822876 0.4022940397262573
Pedestrian 0.0 0 0.7971156239509583 828.293212890625 82.14891815185547 1151.5130615234375 370.0 0.71453565 1.6979948 0.6575482 1.2050507 1.4244795 2.4145415 1.2600274085998535 0.37712639570236206
Pedestrian 0.0 0 2.5608232021331787 536.962890625 143.7210693359375 560.0928955078125 186.91384887695312 0.7952861 1.8957939 0.6624415 -2.5387938 0.2829831 31.534035 2.4804868698120117 0.369351863861084
Pedestrian 0.0 0 0.4784739911556244 751.8531494140625 124.06037902832031 921.1799926757812 370.0 0.6177357 1.674716 0.5995478 1.1247523 1.4228724 3.6020205 0.7811365127563477 0.3630658686161041
Pedestrian 0.0 0 0.2176322042942047 545.8575439453125 139.5017547607422 571.888427734375 183.60137939453125 0.9537827 1.7790179 0.607278 -1.9038156 0.12660618 28.89029 0.15182924270629883 0.3337373733520508
Pedestrian 0.0 0 1.8232181072235107 109.7477035522461 146.5883331298828 165.39964294433594 261.7723083496094 0.69066805 1.84581 0.62112355 -7.801736 1.3040336 11.753391 1.2372125387191772 0.3080827295780182
Pedestrian 0.0 0 1.4163260459899902 159.24517822265625 156.10256958007812 197.20606994628906 228.87779235839844 0.8698274 1.9389143 0.7664765 -11.757689 1.2904897 19.412106 0.8717343807220459 0.24732933938503265
Pedestrian 0.0 0 -2.214562177658081 958.365478515625 130.66441345214844 1131.47314453125 370.0 0.70209485 1.7091286 0.6100861 2.638697 1.4281243 4.386588 -1.6730129718780518 0.23983480036258698
Cyclist 0.0 0 -1.1151337623596191 307.8468017578125 137.7537841796875 371.0149841308594 238.2230682373047 1.6600908 1.7290006 0.401603 -4.895297 0.99501693 13.0082445 -1.475063443183899 0.5418400764465332
Cyclist 0.0 0 3.3158955574035645 421.2715148925781 151.9896697998047 457.00469970703125 188.98377990722656 1.6021346 1.7682608 0.5921478 -8.01537 0.4069559 34.131596 3.085237741470337 0.3213804066181183
Cyclist 0.0 0 1.1415014266967773 235.53353881835938 137.5980987548828 296.04754638671875 240.43310546875 0.8753501 1.6338314 0.5935217 -5.68019 0.9538658 11.736124 0.690742015838623 0.14463083446025848
Cyclist 0.0 0 1.6526721715927124 549.6527099609375 138.66188049316406 567.5213012695312 183.51638793945312 0.94710207 1.8028121 0.6551941 -1.9138744 0.12273049 28.891708 1.586525797843933 0.13432438671588898
Car 0.0 0 2.8713903427124023 351.6267395019531 178.42689514160156 438.2900390625 207.93389892578125 4.194254 1.5168749 1.6598138 -11.322825 1.4117231 38.157818 2.582930088043213 0.3457643389701843
