Pedestrian 0.0 0 2.825228214263916 640.2471923828125 165.6630859375 661.6094970703125 207.03330993652344 0.72298914 1.730962 0.6976946 1.6921296 1.4304459 30.617304 2.880439043045044 0.5251517295837402
Pedestrian 0.0 0 0.4174506664276123 223.77130126953125 179.5166473388672 252.40296936035156 220.22482299804688 0.96087754 1.7688022 0.60010767 -16.418257 2.0657065 31.78403 -0.059354472905397415 0.33301374316215515
Pedestrian 0.0 0 1.6867831945419312 453.7020263671875 170.72259521484375 469.72430419921875 213.65443420410156 0.73348546 1.7651694 0.5740088 -6.214321 1.6778934 30.054253 1.4828864336013794 0.25853899121284485
Cyclist 0.0 0 -2.406067371368408 646.4976806640625 166.9600372314453 689.5039672851562 211.22291564941406 1.7818096 1.7270883 0.59640425 2.2763166 1.4974707 29.003262 -2.3277430534362793 0.44903168082237244
Cyclist 0.0 0 -1.5488321781158447 881.4830322265625 157.98287963867188 893.3343505859375 199.01425170898438 1.7246746 1.7313874 0.44495708 12.010131 1.104233 31.326153 -1.182726263999939 0.4039747714996338
Car 0.0 0 1.9673182964324951 209.20785522460938 188.7246551513672 326.92559814453125 249.1337890625 4.1873055 1.5270957 1.6664298 -10.054137 2.0467606 21.480598 1.529550313949585 0.9588173031806946
Car 0.0 0 -1.4470106363296509 476.0494689941406 177.58984375 543.5458374023438 233.42129516601562 3.8848128 1.5950291 1.6498194 -3.1343236 1.7584865 22.894209 -1.5830694437026978 0.9470677375793457
Car 0.0 0 -1.557891607284546 581.7284545898438 177.0818634033203 607.769287109375 204.0346221923828 4.1634583 1.6503042 1.6181368 -0.99753857 1.9378461 46.920296 -1.5791486501693726 0.8093888759613037
Car 0.0 0 1.8000481128692627 352.4705505371094 185.51239013671875 400.85577392578125 214.30499267578125 4.1460333 1.4765172 1.7195019 -13.227636 2.233956 41.01448 1.488068699836731 0.7616623640060425
Car 0.0 0 1.9096174240112305 451.4696350097656 183.5106964111328 488.2735290527344 204.28402709960938 3.782418 1.4928771 1.6352806 -10.834694 2.3480494 55.883858 1.7181144952774048 0.35345736145973206
Car 0.0 0 0.6122385263442993 628.1441650390625 173.631591796875 724.1846313476562 209.51011657714844 4.0452147 1.4987074 1.6510769 2.8639255 1.5358088 32.15651 0.701066255569458 0.31070199608802795
