Pedestrian 0.0 0 -0.1886569857597351 1182.0848388671875 115.9142837524414 1242.0 360.948486328125 0.6124179 1.6761158 0.5154594 4.5898223 1.2869871 5.3092 0.5241971015930176 0.2887023687362671
Pedestrian 0.0 0 -1.9964452981948853 952.6630859375 64.28008270263672 1074.556884765625 327.7485656738281 0.611 1.6721301 0.5113676 2.6580775 0.98341244 4.8995366 -1.499366044998169 0.2661184072494507
Pedestrian 0.0 0 3.4078094959259033 394.2903747558594 166.0502166748047 419.2465515136719 207.4356689453125 0.9306016 1.8125963 0.6296471 -9.025852 1.5149629 31.918278 3.1322247982025146 0.26020318269729614
Cyclist 0.0 0 -3.3190741539001465 775.6119995117188 177.84300231933594 832.390869140625 223.34144592285156 1.8693141 1.6108321 0.8195856 6.9647255 1.7952771 26.135046 -3.0586369037628174 0.31360936164855957
Car 0.0 0 2.509979486465454 994.0556640625 159.26336669921875 1168.28955078125 215.6363067626953 4.5956144 1.7548274 1.7633425 15.191632 1.3321236 23.469385 3.084451198577881 0.8928096294403076
Car 0.0 0 2.713604688644409 852.538818359375 172.091552734375 982.5119018554688 217.69757080078125 3.5720665 1.4284277 1.5149176 9.867705 1.4049052 23.405497 3.1125900745391846 0.832007646560669
Car 0.0 0 1.2623299360275269 258.4790954589844 186.18960571289062 329.0128479003906 222.19625854492188 4.105231 1.4243156 1.7086693 -14.202858 2.058755 32.201183 0.8469300270080566 0.6989102959632874
Car 0.0 0 2.4008162021636963 1149.56591796875 157.18418884277344 1242.0 236.591552734375 3.5408428 1.5273421 1.581311 13.284643 1.2263029 14.675122 3.136523962020874 0.5871248841285706
Car 0.0 0 1.5903135538101196 52.74763870239258 197.4844970703125 102.7252426147461 236.17919921875 4.237102 1.4187284 1.6588284 -23.19101 2.5689247 31.472551 0.9552721977233887 0.4809015393257141
Car 0.0 0 -0.009531687945127487 603.5484008789062 167.2540740966797 666.0169677734375 193.8876190185547 3.8708007 1.6495231 1.6921698 1.5221317 1.3030547 45.577007 0.023852825164794922 0.2892661690711975
Car 0.0 0 1.5372097492218018 122.30247497558594 195.1876983642578 167.97315979003906 234.19122314453125 3.7797074 1.4799454 1.5507865 -20.470531 2.521879 31.653316 0.9631505012512207 0.2644713222980499
Car 0.0 0 -1.4685509204864502 308.6387634277344 159.06483459472656 346.2261962890625 187.40589904785156 3.8355758 1.5743678 1.6628062 -16.487772 0.8087266 42.14948 -1.8414254188537598 0.2566966712474823
Car 0.0 0 0.5135136246681213 104.58936309814453 180.521240234375 285.5098876953125 245.00283813476562 4.5856824 1.9137279 1.8687813 -12.917313 2.1641862 22.585184 -0.006016012281179428 0.2537331283092499
Car 0.0 0 -1.3627500534057617 434.8912353515625 164.1111297607422 482.29290771484375 197.35610961914062 3.6815445 1.5752794 1.5908154 -7.538299 1.161365 36.028767 -1.5690046548843384 0.24837684631347656
Car 0.0 0 -0.3011760115623474 631.862060546875 173.60987854003906 706.6212768554688 199.47633361816406 4.155508 1.4976349 1.6208003 3.4872563 1.5444427 43.091232 -0.22042472660541534 0.24182331562042236
