Pedestrian 0.0 0 -1.477133870124817 876.4793090820312 162.99839782714844 894.47216796875 206.6053009033203 0.6806175 1.7841508 0.6381662 11.401792 1.3812723 29.964758 -1.1135441064834595 0.3269875645637512
Pedestrian 0.0 0 1.5655748844146729 907.4984130859375 143.01510620117188 947.927978515625 223.29281616210938 0.97942483 1.8540274 0.8631436 7.552229 1.1652511 17.281794 1.9775696992874146 0.3117254674434662
Pedestrian 0.0 0 -2.0147671699523926 1008.7482299804688 151.22232055664062 1048.83251953125 221.95916748046875 0.7549831 1.8365508 0.65756035 11.047366 1.2752823 19.133099 -1.491134524345398 0.3042159080505371
Pedestrian 0.0 0 -1.2732532024383545 856.0023803710938 171.1945343017578 887.9591064453125 231.76495361328125 0.8112481 1.8039066 0.7115226 7.953695 1.7548419 22.024055 -0.9266917705535889 0.20559389889240265
Pedestrian 0.0 0 -0.30751335620880127 1075.2755126953125 175.54183959960938 1116.495361328125 249.73854064941406 0.64497346 1.6626916 0.5564866 11.086319 1.7260392 16.549402 0.28271913528442383 0.19100061058998108
Pedestrian 0.0 0 1.7590620517730713 828.7373657226562 135.4303741455078 867.3887939453125 208.27529907226562 0.9985529 1.7410572 0.7367661 5.8508744 0.8469577 17.857807 2.075676918029785 0.14041244983673096
Pedestrian 0.0 0 -2.2939019203186035 863.6353759765625 156.83192443847656 887.760009765625 195.25193786621094 0.85183394 1.8141732 0.69517845 12.6954565 1.0579772 34.590908 -1.942148208618164 0.1212393119931221
Pedestrian 0.0 0 -0.7252158522605896 935.3494262695312 152.96804809570312 953.7083740234375 190.8951416015625 0.53608674 1.9063052 0.67055744 16.958294 0.9071487 36.661686 -0.2919647991657257 0.11571881920099258
Cyclist 0.0 0 -3.167729377746582 856.9202880859375 157.74636840820312 892.4968872070312 195.8870391845703 1.5868973 1.8028576 0.6409145 12.664174 1.089098 34.65985 -2.817415237426758 0.1932142823934555
Car 0.0 0 1.9645949602127075 245.51708984375 185.4112091064453 375.7707214355469 249.3517303466797 4.253941 1.4422455 1.687662 -7.841297 1.8146552 19.24267 1.577643871307373 0.9357574582099915
Car 0.0 0 -1.542941927909851 590.4306030273438 170.88702392578125 623.0114135742188 203.03993225097656 4.2945776 1.6063464 1.6078348 -0.16213122 1.5084348 38.210648 -1.547184944152832 0.9002752304077148
Car 0.0 0 1.7861740589141846 380.7420959472656 172.00460815429688 456.1220703125 222.04513549804688 4.020766 1.5567868 1.6456692 -6.44037 1.5307195 24.487679 1.528993844985962 0.47692960500717163
Car 0.0 0 1.774554967880249 420.29583740234375 171.1557159423828 478.5515441894531 211.2724609375 3.7630024 1.5255541 1.5814044 -6.4930763 1.4613299 29.328264 1.5566762685775757 0.23773710429668427
