Pedestrian 0.0 0 -1.5146090984344482 703.9996337890625 178.36880493164062 717.925537109375 214.57159423828125 0.7487609 1.6815782 0.6112584 4.731357 1.9456019 34.06805 -1.3766121864318848 0.4639710783958435
Pedestrian 0.0 0 -1.1143229007720947 78.92974853515625 154.0170440673828 107.04014587402344 196.11805725097656 0.8464301 1.8550447 0.7236948 -23.153349 1.0254136 32.26664 -1.736739158630371 0.4170285761356354
Pedestrian 0.0 0 2.754760980606079 727.7848510742188 147.7509765625 756.77294921875 190.93101501464844 1.0853478 1.8447051 0.60609066 5.681435 0.77263105 31.230293 2.93471360206604 0.3253527581691742
Cyclist 0.0 0 2.6326828002929688 725.9296264648438 146.51719665527344 757.5767211914062 189.62948608398438 1.2045246 1.8361443 0.6049849 5.6564126 0.71482253 31.208567 2.8119819164276123 0.175474613904953
Cyclist 0.0 0 -1.5146090984344482 703.9996337890625 178.36880493164062 717.925537109375 214.57159423828125 0.7487609 1.6815782 0.6112584 4.731357 1.9456019 34.06805 -1.3766121864318848 0.11035700887441635
Car 0.0 0 -1.0913536548614502 130.21971130371094 181.25393676757812 334.4799499511719 280.2685852050781 3.7341163 1.4142572 1.5557905 -6.331163 1.5819573 12.496482 -1.5602957010269165 0.9840482473373413
Car 0.0 0 -1.440111756324768 490.9087219238281 176.16015625 553.75048828125 224.7656707763672 3.8941588 1.5307002 1.6601075 -2.991227 1.6543244 24.942644 -1.559466004371643 0.9683466553688049
Car 0.0 0 1.2880525588989258 806.927001953125 178.02557373046875 843.6410522460938 201.75318908691406 3.4247267 1.5000248 1.4399499 14.271187 1.8572903 48.076546 1.5766105651855469 0.459311306476593
Car 0.0 0 -1.5253576040267944 557.0115966796875 171.55233764648438 580.4213256835938 192.18601989746094 3.710989 1.4866586 1.5794419 -3.0778794 1.3932326 53.848717 -1.5824533700942993 0.32785868644714355
Car 0.0 0 1.4419385194778442 1128.201904296875 186.64926147460938 1172.7288818359375 214.01568603515625 4.405946 1.5702034 1.7168766 34.42751 2.4967232 46.09776 2.0834121704101562 0.2868252098560333
