Car 0.0 0 -1.8865513801574707 773.580322265625 179.74488830566406 1034.988525390625 340.0290222167969 4.0447454 1.4277605 1.5798227 3.1019697 1.5302253 8.644515 -1.5420259237289429 0.9596551656723022
Car 0.0 0 -1.1129447221755981 184.4125518798828 189.9344024658203 378.87396240234375 298.0454406738281 3.9573197 1.5923232 1.6420056 -5.8318434 1.9546001 13.273247 -1.5269222259521484 0.9549282193183899
Car 0.0 0 1.8607687950134277 396.85101318359375 184.58493041992188 483.6671447753906 235.06488037109375 4.236802 1.4960222 1.7288513 -5.6983237 1.9309099 24.556154 1.632751703262329 0.9037610292434692
Car 0.0 0 2.4413204193115234 1006.3640747070312 141.9657745361328 1242.0 255.73284912109375 4.331724 1.5477978 1.649807 8.437371 1.1279223 10.709664 3.108595132827759 0.7979896068572998
Car 0.0 0 1.7362381219863892 471.4971923828125 183.10140991210938 515.3107299804688 216.1166534423828 3.5416658 1.4561998 1.5184629 -5.5926194 1.9746099 34.699062 1.5764374732971191 0.7452468276023865
Car 0.0 0 1.7969655990600586 446.06817626953125 183.3489227294922 503.05096435546875 222.44664001464844 3.630436 1.4691234 1.5491685 -5.5929656 1.9319435 29.94627 1.6123261451721191 0.710476815700531
Car 0.0 0 1.7193533182144165 493.04345703125 180.44715881347656 532.6944580078125 209.7267303466797 4.140875 1.5266094 1.6266747 -5.4684854 1.9780678 40.78034 1.586052417755127 0.672697901725769
Car 0.0 0 -0.2945641279220581 1002.4564208984375 154.48097229003906 1096.647705078125 184.15151977539062 3.9663966 1.5202935 1.6027323 23.175304 0.5792327 38.23593 0.2503383159637451 0.5725709199905396
Car 0.0 0 -0.8043108582496643 983.1106567382812 149.9723358154297 1065.58935546875 177.13800048828125 4.2210813 1.5095176 1.6447273 23.771145 0.23840734 41.471527 -0.2838364243507385 0.5489943027496338
Car 0.0 0 -0.18173417448997498 807.7491455078125 160.7516326904297 900.6964721679688 192.7355499267578 4.194487 1.5601501 1.675745 12.183963 0.9701641 36.31942 0.1419353485107422 0.5153285264968872
