Pedestrian 0.0 0 -0.29389578104019165 789.2564697265625 162.50990295410156 816.4560546875 222.610595703125 0.626554 1.7694786 0.6373694 5.7136374 1.465287 21.570131 -0.03495607152581215 0.5471286177635193
Pedestrian 0.0 0 -2.1491775512695312 1212.1083984375 131.2674102783203 1242.0 191.14907836914062 0.97768223 1.8704703 0.68338567 19.92014 0.57182467 23.065388 -1.436819314956665 0.3869903087615967
Pedestrian 0.0 0 0.25932037830352783 741.3275756835938 163.52012634277344 757.2960205078125 191.65966796875 0.97281694 1.8904762 0.47750923 9.411657 1.2637638 48.89813 0.44946980476379395 0.381858229637146
Pedestrian 0.0 0 -1.9138606786727905 675.4470825195312 169.49160766601562 689.2890625 195.45986938476562 1.090994 1.7612696 0.61329985 4.934846 1.5335768 49.53815 -1.8145711421966553 0.32616114616394043
Pedestrian 0.0 0 0.8652122616767883 701.8677368164062 170.54238891601562 713.512451171875 193.09385681152344 0.94922113 1.8831453 0.46760473 8.203791 1.6904732 60.77446 0.9993886947631836 0.24874131381511688
Pedestrian 0.0 0 0.8380243182182312 1158.8426513671875 182.86328125 1180.3189697265625 211.23477172851562 0.9130104 1.8275009 0.674181 36.64206 2.4906073 47.29264 1.4972057342529297 0.20351523160934448
Pedestrian 0.0 0 -1.8011623620986938 691.6716918945312 166.64108276367188 708.4440307617188 203.19190979003906 1.3425549 1.7129005 0.50030005 4.260862 1.4220992 34.5053 -1.6783000230789185 0.17855127155780792
Cyclist 0.0 0 -3.041879653930664 989.1807861328125 147.8146209716797 1113.294921875 245.2564697265625 1.909552 1.6948746 0.67310697 8.112182 1.2597047 13.390086 -2.497180700302124 0.446140855550766
Cyclist 0.0 0 -1.8055174350738525 691.5095825195312 166.5785675048828 708.5772705078125 203.26986694335938 1.3756675 1.7186968 0.50143635 4.2600904 1.4251002 34.507107 -1.6826834678649902 0.35539859533309937
Cyclist 0.0 0 -2.1491775512695312 1212.1083984375 131.2674102783203 1242.0 191.14907836914062 0.97768223 1.8704703 0.68338567 19.92014 0.57182467 23.065388 -1.436819314956665 0.15897265076637268
Cyclist 0.0 0 -2.055479049682617 675.0411987304688 170.72972106933594 689.9848022460938 196.44483947753906 1.253323 1.737127 0.48950464 4.9313345 1.5939848 49.41185 -1.9560078382492065 0.1382448822259903
Car 0.0 0 -2.2182669639587402 1114.8863525390625 172.57228088378906 1187.8033447265625 199.1350860595703 4.2564335 1.7396502 1.7788495 36.91717 1.7215573 49.385292 -1.5763462781906128 0.2800431251525879
Car 0.0 0 2.4645814895629883 0.0 185.9279022216797 105.02893829345703 221.53050231933594 4.0861297 1.4836512 1.6984074 -26.285225 2.1370492 33.853825 1.8043768405914307 0.21539168059825897
Car 0.0 0 1.881786584854126 185.82496643066406 166.9986572265625 227.49261474609375 191.5848388671875 4.0033736 1.8453754 1.6941875 -31.428038 1.4062458 56.283337 1.3725249767303467 0.1770663559436798
