Pedestrian 0.0 0 -2.928865432739258 513.8726196289062 172.28150939941406 536.342529296875 209.494140625 0.99387485 1.8119688 0.60138345 -4.0926294 1.1833043 35.34659 -3.044137954711914 0.26683279871940613
Pedestrian 0.0 0 -1.7373442649841309 408.6454162597656 187.8759765625 426.8377990722656 226.50445556640625 0.74413216 1.6657264 0.65633965 -8.374227 1.7853267 31.534307 -1.9969124794006348 0.18323978781700134
Cyclist 0.0 0 3.3037970066070557 431.7843017578125 156.06027221679688 506.2530212402344 221.0848388671875 1.9346997 1.7555655 0.6205523 -3.838028 0.9695442 19.743214 3.1117944717407227 0.30150744318962097
Car 0.0 0 -1.0430819988250732 0.0 198.51483154296875 322.2442626953125 376.0 3.4044802 1.3910371 1.5086676 -3.823631 1.5356605 6.0227556 -1.6087430715560913 0.9160215258598328
Car 0.0 0 -1.5981796979904175 570.9140014648438 177.93701171875 607.0936889648438 211.07110595703125 3.9199324 1.525158 1.6469506 -0.9959423 1.1912526 35.087875 -1.6265562772750854 0.891254723072052
Car 0.0 0 -0.921677827835083 0.0 188.7064971923828 168.64443969726562 257.7827453613281 4.145804 1.4168874 1.562406 -12.525381 1.5108899 17.036531 -1.555644154548645 0.688485324382782
Car 0.0 0 -1.2579200267791748 337.8061828613281 182.0527801513672 421.0719299316406 229.61492919921875 4.2528176 1.6213748 1.7080141 -8.377115 1.5146829 26.63503 -1.5626394748687744 0.683600664138794
Car 0.0 0 2.2549455165863037 0.0 186.9396514892578 148.3419952392578 308.61407470703125 3.7007756 1.4100718 1.5545748 -8.540937 1.440224 10.238541 1.5596990585327148 0.5519490838050842
Car 0.0 0 1.6080700159072876 394.7054443359375 177.75856018066406 418.7559814453125 200.86927795410156 3.3413057 1.5019901 1.4418306 -13.558099 1.0184736 48.50809 1.3355233669281006 0.28068360686302185
Car 0.0 0 -2.71374249458313 604.1738891601562 182.6920623779297 674.3961181640625 210.7108154296875 3.589344 1.5066464 1.5772985 1.728034 1.3720752 40.16808 -2.6707489490509033 0.22766821086406708
Car 0.0 0 -1.599035620689392 392.1425476074219 183.6743927001953 432.0669250488281 219.6998748779297 3.9896593 1.5528892 1.6522105 -9.098791 1.4875821 33.131832 -1.8670520782470703 0.21796797215938568
