Cyclist 0.0 0 1.3811118602752686 732.5247192382812 168.89222717285156 746.6967163085938 193.91712951660156 1.7600712 1.726203 0.6569988 9.061772 1.4532797 50.652603 1.5581395626068115 0.6651603579521179
Cyclist 0.0 0 -1.530682921409607 793.7530517578125 183.4599609375 814.949951171875 237.3397979736328 1.8969549 1.6144832 0.58037704 6.162229 1.9675431 23.000135 -1.2689094543457031 0.4270501732826233
Car 0.0 0 -1.3274866342544556 496.55609130859375 176.8577880859375 632.9212646484375 273.36553955078125 3.7203028 1.4664443 1.5986962 -0.7154263 1.5504922 13.102236 -1.3820358514785767 0.9647741317749023
Car 0.0 0 2.0974152088165283 107.35010528564453 174.12989807128906 513.22900390625 375.0 3.5921369 1.4764929 1.5359974 -2.203751 1.4913081 6.265054 1.759179711341858 0.9502922892570496
Car 0.0 0 -1.9010112285614014 888.5782470703125 192.14891052246094 1242.0 375.0 3.178231 1.4019873 1.4997498 3.0474606 1.587912 5.2313 -1.3735260963439941 0.9242818355560303
Car 0.0 0 -1.6641954183578491 800.7799682617188 181.0264434814453 871.4672241210938 241.8377685546875 3.0952113 1.4791801 1.5375208 6.035133 1.7212752 19.668634 -1.3664748668670654 0.8619500398635864
Car 0.0 0 1.7381914854049683 654.3114624023438 166.763916015625 706.643798828125 206.22996520996094 4.0832624 1.660203 1.6920003 3.2022939 1.4043721 32.541977 1.8362807035446167 0.8332473635673523
Car 0.0 0 -2.8916845321655273 501.08355712890625 165.30374145507812 612.0032348632812 206.0166473388672 3.8629696 1.4572499 1.5644283 -2.0055773 1.187359 26.931055 -2.9660181999206543 0.7389849424362183
Car 0.0 0 -1.642470359802246 792.9413452148438 182.6337890625 851.2449340820312 231.80728149414062 3.7281966 1.4519228 1.5846312 6.9537587 1.8056567 24.080667 -1.3613485097885132 0.5345064997673035
Car 0.0 0 2.6095542907714844 0.0 0.0 1242.0 375.0 3.9057977 1.5150989 1.6103681 -2.9453645 1.6657064 1.5651078 1.5271934270858765 0.5164192318916321
Car 0.0 0 1.5905117988586426 775.7504272460938 172.12539672851562 797.0487670898438 191.9912567138672 4.148312 1.4736154 1.5182917 13.62365 1.4199264 55.719208 1.8303124904632568 0.4288685619831085
