Car 0.0 0 -1.8734989166259766 729.8817749023438 187.1351318359375 942.8797607421875 326.63629150390625 3.7250102 1.4354204 1.597503 2.716718 1.6649922 9.692828 -1.6002293825149536 0.9731446504592896
Car 0.0 0 -1.7132997512817383 665.7457885742188 177.9815673828125 745.1251831054688 245.5421600341797 3.9734044 1.720696 1.6788101 2.5799685 1.8822584 20.679707 -1.5891826152801514 0.9641851782798767
Car 0.0 0 0.4570029079914093 119.13220977783203 168.52565002441406 384.2098388671875 268.0439453125 3.9590337 1.6795515 1.654856 -6.3611417 1.6068605 13.006143 0.0021233558654785156 0.9625977277755737
Car 0.0 0 0.7200565338134766 0.0 185.57534790039062 268.2791442871094 342.1545104980469 4.329365 1.5314636 1.6755928 -6.465437 1.6922338 8.151727 0.0495142936706543 0.9121975898742676
Car 0.0 0 3.422457695007324 313.6220703125 182.54371643066406 465.41741943359375 241.37005615234375 3.8705173 1.5976468 1.6109928 -6.2857547 1.8872045 20.69991 3.127645492553711 0.9113468527793884
Car 0.0 0 -1.7086411714553833 651.1493530273438 182.16111755371094 712.8873291015625 228.41920471191406 4.2599144 1.5209383 1.6868547 2.5379102 1.8943824 26.75642 -1.6140717267990112 0.902560830116272
Car 0.0 0 0.3488115668296814 259.90008544921875 188.4437255859375 442.0074462890625 257.5939636230469 3.9686804 1.6122931 1.6027144 -6.413453 2.0192633 18.00206 0.00656890869140625 0.8295645117759705
Car 0.0 0 -2.850710391998291 372.50982666015625 180.19058227539062 484.9442138671875 220.0006561279297 4.2307305 1.5836523 1.6640228 -7.513965 1.8981808 29.968534 -3.09637451171875 0.7706781625747681
Car 0.0 0 -1.6956393718719482 640.4959716796875 178.91326904296875 680.1580200195312 213.25970458984375 3.2679923 1.5910763 1.5534981 2.4078448 1.9052392 35.689262 -1.6282745599746704 0.766501247882843
Car 0.0 0 2.9791319370269775 336.67578125 179.80999755859375 467.7420959472656 235.1761932373047 3.8516235 1.6350288 1.5542878 -6.721649 1.8739989 23.218792 2.697343349456787 0.5276167392730713
