Pedestrian 0.0 0 -1.2263586521148682 422.2427673339844 168.96629333496094 437.0132141113281 201.68142700195312 0.8385418 1.9132816 0.599847 -10.690242 1.6862748 42.64181 -1.4719947576522827 0.2133299857378006
Cyclist 0.0 0 -2.204472541809082 1052.7451171875 127.29866027832031 1239.026123046875 318.2383728027344 1.7860007 1.7725694 0.620837 5.4700737 1.350019 7.5914197 -1.5800808668136597 0.9164539575576782
Car 0.0 0 1.8866046667099 304.636962890625 189.4922637939453 372.28619384765625 225.4938201904297 4.460674 1.5432527 1.7966553 -13.213216 2.4096653 35.28826 1.5283280611038208 0.9481356143951416
Car 0.0 0 -1.6546775102615356 568.5728759765625 175.45260620117188 615.7531127929688 213.90711975097656 4.446169 1.6135454 1.7672983 -0.92196065 1.7406867 32.892628 -1.6826995611190796 0.9020289182662964
Car 0.0 0 -1.5750864744186401 685.87841796875 179.7230987548828 709.5225219726562 202.22756958007812 4.13373 1.5151843 1.625883 6.283563 2.0313828 52.0347 -1.454911231994629 0.29777634143829346
Car 0.0 0 1.8059861660003662 395.4793701171875 179.5265655517578 431.54022216796875 203.69871520996094 3.9466634 1.652597 1.6552118 -14.2558 2.156287 52.42753 1.5404908657073975 0.27771300077438354
Car 0.0 0 -1.4982291460037231 660.920654296875 178.68125915527344 687.0599975585938 200.6850128173828 3.920932 1.519175 1.6335176 4.7034717 1.9640657 52.973816 -1.409672737121582 0.22991016507148743
Car 0.0 0 1.0597000122070312 1011.7949829101562 176.59080505371094 1087.65283203125 208.8649139404297 3.9710448 1.5346586 1.5482445 22.274977 1.7359378 36.782734 1.6042141914367676 0.1735842227935791
Car 0.0 0 1.285402774810791 749.4435424804688 187.97036743164062 795.2151489257812 215.61578369140625 3.8849213 1.5249909 1.6874561 9.8009615 2.4884357 43.973583 1.5047012567520142 0.17065544426441193
Car 0.0 0 0.9669983386993408 1056.958251953125 187.8173065185547 1112.5887451171875 209.29660034179688 3.6626608 1.4709619 1.681054 35.330727 2.62625 53.83828 1.5477463006973267 0.15923377871513367
Car 0.0 0 -1.3565096855163574 400.4109802246094 169.49517822265625 443.7007141113281 203.88446044921875 4.2208514 1.9765712 1.6729409 -11.329265 1.7838764 43.610703 -1.6106733083724976 0.15227310359477997
