Pedestrian 0.0 0 0.7364983558654785 1182.939697265625 93.34342956542969 1242.0 230.49366760253906 0.55863166 1.737427 0.54284185 7.9501834 0.7305404 9.451025 1.4358601570129395 0.4541385769844055
Pedestrian 0.0 0 -0.9841896295547485 665.1527709960938 177.25746154785156 688.9747314453125 222.8453369140625 0.6567139 1.7186397 0.65942353 2.537476 1.8911971 27.75076 -0.8930051326751709 0.4359712302684784
Pedestrian 0.0 0 -2.5297207832336426 1165.40478515625 155.64517211914062 1242.0 273.60565185546875 0.90806246 1.7112471 0.59233916 9.084126 1.4619575 10.98078 -1.8385684490203857 0.3918725252151489
Pedestrian 0.0 0 -0.6198948621749878 1051.983154296875 186.99610900878906 1117.3543701171875 268.84912109375 1.0280823 1.7045125 0.57106656 10.093217 2.0134451 15.434667 -0.04076078534126282 0.19879169762134552
Pedestrian 0.0 0 2.098315715789795 1189.097900390625 183.9603271484375 1242.0 280.7013854980469 1.241048 1.6271061 0.5779812 10.894945 1.8306313 12.719369 2.806607723236084 0.14643925428390503
Pedestrian 0.0 0 1.382543683052063 727.5381469726562 164.52493286132812 740.4686889648438 194.96920776367188 1.0811799 1.7622658 0.5532605 7.232918 1.2804964 42.30917 1.5518608093261719 0.13275249302387238
Pedestrian 0.0 0 2.3924174308776855 1161.0166015625 121.2098159790039 1242.0 252.8533935546875 0.72053736 1.7852713 0.5598245 8.223358 1.0852616 10.085078 3.076477527618408 0.13200002908706665
Cyclist 0.0 0 -0.6314917206764221 1060.6484375 183.45362854003906 1136.767822265625 264.5296325683594 1.1896857 1.6678799 0.63343704 10.277857 1.8975762 15.269103 -0.039038415998220444 0.1292829066514969
Car 0.0 0 1.9503881931304932 279.2139587402344 181.34228515625 354.5427551269531 223.15994262695312 4.3283405 1.7558571 1.7414697 -13.472316 2.1739879 33.341602 1.5663787126541138 0.9214816689491272
Car 0.0 0 2.5985617637634277 805.1605224609375 164.51882934570312 946.107421875 215.03269958496094 3.9327278 1.5079885 1.5295342 8.263038 1.2595172 22.665804 2.948148012161255 0.21171391010284424
Car 0.0 0 -0.8974712491035461 156.74818420410156 182.04869079589844 222.93577575683594 210.28810119628906 3.60899 1.5709089 1.509104 -25.151722 2.1467867 43.264843 -1.424059510231018 0.15515176951885223
