Pedestrian 0.0 0 -0.5029107928276062 662.300048828125 159.4989013671875 694.62158203125 216.71795654296875 0.80637306 1.7333212 0.59574103 2.0662975 1.329117 22.28862 -0.41046860814094543 0.5144466757774353
Pedestrian 0.0 0 -2.0714447498321533 115.18954467773438 175.6683807373047 150.56539916992188 232.65711975097656 0.848207 1.8708384 0.6647967 -16.063013 1.9676123 24.224302 -2.656970500946045 0.48364177346229553
Pedestrian 0.0 0 -2.9054808616638184 679.710693359375 159.98336791992188 706.7977294921875 214.69276428222656 0.7586574 1.7366405 0.5648162 2.645256 1.3284459 23.296164 -2.7924160957336426 0.45656079053878784
Pedestrian 0.0 0 -1.661595344543457 654.4591064453125 168.72323608398438 673.2146606445312 219.97152709960938 1.0099272 1.6824658 0.5352511 1.7539195 1.5472122 24.194927 -1.5892307758331299 0.25421661138534546
Cyclist 0.0 0 -2.3778271675109863 671.4802856445312 161.37916564941406 729.8154296875 224.65577697753906 1.7599983 1.7401822 0.55846876 2.5331197 1.4249685 20.69847 -2.2560508251190186 0.5877082347869873
Cyclist 0.0 0 -1.7713168859481812 774.3316650390625 149.31515502929688 791.5988159179688 188.80697631835938 1.6998949 1.75287 0.43204868 7.8325195 0.7084407 32.879856 -1.537459135055542 0.2621719539165497
Cyclist 0.0 0 -1.661595344543457 654.4591064453125 168.72323608398438 673.2146606445312 219.97152709960938 1.0099272 1.6824658 0.5352511 1.7539195 1.5472122 24.194927 -1.5892307758331299 0.18354442715644836
Cyclist 0.0 0 -2.1140708923339844 679.3453369140625 159.77874755859375 707.9842529296875 214.37579345703125 0.8394661 1.7266334 0.5656233 2.652972 1.3134861 23.315329 -2.0007715225219727 0.12964963912963867
Car 0.0 0 2.040546417236328 190.547607421875 185.8649444580078 297.63397216796875 236.39361572265625 3.963028 1.5319675 1.6742861 -12.516467 2.0168033 24.879976 1.5744426250457764 0.9226855039596558
Car 0.0 0 -1.3734949827194214 402.0986633300781 172.6254425048828 522.6127319335938 263.7744445800781 3.9984488 1.6052685 1.6300262 -2.8939354 1.6016014 14.706261 -1.567794919013977 0.9008867740631104
Car 0.0 0 -1.4493639469146729 586.1378784179688 173.27914428710938 619.4339599609375 198.07000732421875 4.312161 1.5371474 1.662083 -0.45423594 1.5665467 47.047935 -1.459018349647522 0.6294246315956116
Car 0.0 0 1.8691776990890503 398.2833251953125 180.08433532714844 446.1943054199219 209.33444213867188 3.8418682 1.5104017 1.5197691 -10.427621 1.9329269 40.173855 1.6152195930480957 0.4183967411518097
Car 0.0 0 2.241734504699707 0.0 193.61439514160156 96.03809356689453 259.82415771484375 3.9409127 1.458887 1.577236 -15.8366 2.0668266 19.127758 1.5501887798309326 0.38912302255630493
Car 0.0 0 2.108663320541382 51.068687438964844 183.8062744140625 168.04718017578125 230.7430419921875 4.153186 1.5275064 1.6408503 -18.320023 1.9638845 26.59665 1.505487322807312 0.2990657091140747
Car 0.0 0 3.5178542137145996 0.0 189.16334533691406 78.45247650146484 216.306640625 3.8804874 1.5205176 1.574963 -34.5489 2.5300734 43.32425 2.844670534133911 0.23970845341682434
