Pedestrian 0.0 0 1.6076688766479492 266.4918212890625 141.29483032226562 298.23876953125 205.42181396484375 1.1132253 1.8445365 0.81999236 -9.760626 0.9371324 21.42223 1.1801422834396362 0.329973042011261
Car 0.0 0 1.2510886192321777 752.0067749023438 188.1837921142578 963.35107421875 325.7958068847656 3.554345 1.4121855 1.5329369 2.9812772 1.6544368 9.591688 1.552441120147705 0.9663615822792053
Car 0.0 0 -2.7392520904541016 278.3396911621094 176.2242889404297 426.1196594238281 237.7758026123047 3.360483 1.556058 1.5744156 -6.8461013 1.6503575 19.222128 -3.081401824951172 0.9334343075752258
Car 0.0 0 -1.6686980724334717 641.7564697265625 181.0314178466797 680.1727294921875 211.87498474121094 4.0765133 1.4768629 1.599863 2.5726638 1.9278804 37.70026 -1.6005637645721436 0.8272470831871033
Car 0.0 0 3.8798532485961914 0.0 175.38333129882812 182.62063598632812 366.0751037597656 3.8390515 1.474224 1.5747191 -6.272991 1.5001805 6.4488416 3.108276844024658 0.643707811832428
Car 0.0 0 0.31067755818367004 314.2178955078125 178.40240478515625 470.8567810058594 233.89407348632812 4.2225676 1.5921968 1.6215727 -6.5106506 1.766162 21.72208 0.01947307586669922 0.6150062680244446
Car 0.0 0 0.09740190953016281 461.300048828125 181.80018615722656 545.4998168945312 210.24468994140625 4.367356 1.4792755 1.7216644 -5.755954 1.9763836 39.095398 -0.048776350915431976 0.6013142466545105
Car 0.0 0 -2.8330774307250977 350.76751708984375 179.25123596191406 487.587890625 229.88514709472656 4.1442657 1.6194967 1.6236681 -6.3849473 1.8427601 24.222635 -3.0908091068267822 0.5921407341957092
Car 0.0 0 0.050810232758522034 401.49481201171875 179.2420654296875 511.7756042480469 216.7810516357422 4.312247 1.4609339 1.5959522 -6.2639346 1.7332515 29.588354 -0.1578121930360794 0.5526967644691467
Car 0.0 0 -2.1848106384277344 845.260986328125 0.0 1242.0 375.0 4.179787 1.9206216 1.614913 2.7499614 1.3421671 3.9828675 -1.5805245637893677 0.39604124426841736
