Pedestrian 0.0 0 -1.9030119180679321 886.2598266601562 159.0861053466797 916.2373657226562 210.5810089111328 0.9665637 1.8335718 0.73216313 10.518369 1.3436984 26.18982 -1.5211093425750732 0.6849155426025391
Pedestrian 0.0 0 1.5647568702697754 312.7234802246094 159.45362854003906 332.60345458984375 211.99569702148438 0.60427845 1.906838 0.6736975 -10.634403 1.4208745 26.589882 1.1843007802963257 0.1989421397447586
Pedestrian 0.0 0 1.6286158561706543 199.5731201171875 168.66281127929688 232.48670959472656 239.95220947265625 1.1742115 1.7433523 0.66906434 -10.035597 1.6412163 18.316006 1.127375602722168 0.18153883516788483
Pedestrian 0.0 0 -1.9743460416793823 659.6778564453125 173.07420349121094 676.1507568359375 207.293212890625 0.6778211 1.6717737 0.5924949 2.8225558 1.6831454 35.669125 -1.8953789472579956 0.17574739456176758
Pedestrian 0.0 0 1.233978509902954 320.7567443847656 159.77374267578125 341.8467102050781 209.81321716308594 0.54101354 1.8967038 0.61188006 -10.7630205 1.4012657 27.750917 0.8639953136444092 0.1591571420431137
Pedestrian 0.0 0 3.079129457473755 262.9638671875 161.6701202392578 285.1730651855469 221.41854858398438 0.58675283 1.8329039 0.6896919 -10.560316 1.490174 22.575169 2.641584634780884 0.10227681696414948
Car 0.0 0 1.7967575788497925 523.670166015625 179.0416259765625 602.6345825195312 232.55897521972656 3.5763917 1.4267216 1.5903084 -1.3574789 1.6282681 21.564205 1.7338899374008179 0.9618626236915588
Car 0.0 0 2.1301488876342773 0.0 210.6139373779297 432.02545166015625 375.0 3.8546662 1.4862792 1.600405 -2.4786634 1.8173226 4.3568664 1.6129037141799927 0.9481995701789856
Car 0.0 0 1.9438252449035645 872.6314086914062 169.34420776367188 905.545166015625 185.7247314453125 3.7636354 1.492889 1.6207587 26.184515 1.1733713 67.69144 2.3129196166992188 0.1435490846633911
Car 0.0 0 1.8456354141235352 941.2378540039062 167.14817810058594 974.61083984375 184.59971618652344 4.110405 1.5136267 1.6410275 31.183695 1.019101 64.66154 2.2949907779693604 0.13353461027145386
