Pedestrian 0.0 0 0.585242748260498 300.433349609375 154.1187286376953 334.0937805175781 221.4287567138672 0.6341519 1.8022177 0.5830685 -8.02187 1.300941 19.664524 0.19791364669799805 0.36226925253868103
Car 0.0 0 1.7436950206756592 426.7427978515625 180.94912719726562 520.8796997070312 250.83909606933594 3.5348983 1.3998839 1.5377764 -3.0743616 1.6068257 16.635632 1.5609509944915771 0.9656693339347839
Car 0.0 0 -1.7688394784927368 643.4224243164062 170.2957763671875 728.7828369140625 234.70095825195312 4.0528417 1.6447843 1.6181729 2.0029874 1.5798099 20.521458 -1.6715431213378906 0.9512417316436768
Car 0.0 0 3.702951192855835 0.0 184.84033203125 223.64141845703125 344.01025390625 3.812238 1.446791 1.5772783 -6.548965 1.5934788 7.759577 3.0019595623016357 0.9271658062934875
Car 0.0 0 3.3465754985809326 308.220947265625 178.9315185546875 452.209716796875 227.24578857421875 4.1828995 1.4756944 1.7004846 -7.3798404 1.6817256 23.358395 3.040560245513916 0.8969619870185852
Car 0.0 0 -2.2983474731445312 950.4466552734375 225.94436645507812 1242.0 375.0 3.5987525 1.4523479 1.5632616 2.4929624 1.7580494 2.2768178 -1.4676647186279297 0.5629560947418213
Car 0.0 0 -1.6772295236587524 607.534912109375 173.91983032226562 635.44677734375 196.3360137939453 4.1188607 1.6154697 1.6661547 0.80035365 1.6992215 54.325737 -1.662498116493225 0.4311160743236542
Car 0.0 0 3.9449706077575684 0.0 203.5006561279297 70.59339904785156 375.0 3.8504536 1.4791614 1.5690123 -6.561975 1.7442414 5.2748203 3.0512561798095703 0.42023321986198425
Car 0.0 0 1.7540178298950195 412.34844970703125 171.760498046875 466.021728515625 210.23709106445312 3.4027207 1.4555551 1.5066116 -6.85037 1.4145461 29.028652 1.5222711563110352 0.30028751492500305
Car 0.0 0 -0.13685393333435059 0.0 159.4348907470703 122.09656524658203 216.46987915039062 4.1577516 1.5201967 1.7216542 -17.147923 1.1628852 21.331371 -0.813957929611206 0.2908647358417511
Car 0.0 0 2.89833927154541 708.0350341796875 175.08607482910156 788.9436645507812 204.0517120361328 4.0722895 1.5382266 1.5770931 7.4802604 1.6631168 39.35349 3.086177110671997 0.26127636432647705
