Pedestrian 0.0 0 -0.8976585268974304 11.954146385192871 141.1979522705078 43.770751953125 190.9601287841797 0.7245734 1.9010274 0.6439028 -22.363447 0.40110794 27.371998 -1.5826911926269531 0.1897699534893036
Pedestrian 0.0 0 -2.9847960472106934 508.0292053222656 163.02940368652344 518.7061157226562 183.55160522460938 0.9294244 1.9307024 0.53006995 -8.628479 0.28822953 66.79145 -3.113269805908203 0.18644778430461884
Pedestrian 0.0 0 -0.6835338473320007 736.9354858398438 137.83128356933594 775.4566650390625 208.53179931640625 0.70760316 1.8544219 0.73598015 4.030093 0.73683983 19.029432 -0.47483542561531067 0.1766119748353958
Pedestrian 0.0 0 -1.1599986553192139 477.4874267578125 162.30064392089844 487.1076965332031 182.95333862304688 0.8355555 1.8808734 0.5852832 -11.231075 0.22458787 64.86235 -1.331451177597046 0.17141422629356384
Pedestrian 0.0 0 3.0931968688964844 275.1635437011719 165.4132080078125 292.5777282714844 195.324951171875 0.960592 1.840891 0.5508161 -19.978243 0.9137418 43.974277 2.6667590141296387 0.13816691935062408
Pedestrian 0.0 0 -2.141979932785034 809.5631713867188 128.20132446289062 865.3919067382812 236.59799194335938 0.87823606 1.80332 0.5249196 3.9705107 0.9349135 12.249218 -1.8285224437713623 0.11181408166885376
Pedestrian 0.0 0 1.6176339387893677 736.4512329101562 167.27272033691406 758.296142578125 222.09677124023438 0.6381596 1.6535432 0.62973154 4.34315 1.256157 21.706043 1.8151154518127441 0.10755181312561035
Pedestrian 0.0 0 -1.211295485496521 117.6939468383789 163.44700622558594 141.60484313964844 208.94305419921875 0.6632018 1.8291155 0.6159222 -19.391973 1.1450142 28.814825 -1.803660273551941 0.10082070529460907
Cyclist 0.0 0 2.245893716812134 421.58087158203125 166.22572326660156 441.9412841796875 190.78384399414062 1.5196472 1.6534913 0.51927626 -11.848997 0.69372296 48.39893 2.0057969093322754 0.5508502721786499
Car 0.0 0 -1.5412250757217407 553.1678466796875 158.4661407470703 574.2496948242188 178.48655700683594 3.804589 1.6240027 1.6664416 -3.43878 -0.17421067 59.662376 -1.5987987518310547 0.21990062296390533
Car 0.0 0 -1.3777214288711548 854.6898193359375 163.6004638671875 894.4819946289062 190.60536193847656 3.6192057 1.5888586 1.6275694 16.638168 0.59593016 43.560955 -1.0128703117370605 0.2125234454870224
Car 0.0 0 1.4446011781692505 518.0653076171875 162.3941192626953 546.5203247070312 184.93594360351562 3.9560108 1.6259722 1.6350075 -5.488129 0.32125333 53.10743 1.341626524925232 0.17718684673309326
Car 0.0 0 -2.444411039352417 848.2010498046875 154.5390167236328 931.2817993164062 190.7322235107422 3.5329912 1.6811435 1.6809771 13.929549 0.47673118 34.79079 -2.0635766983032227 0.12243885546922684
Car 0.0 0 2.1124610900878906 117.85761260986328 180.79026794433594 203.0738067626953 215.88998413085938 3.6223056 1.4352616 1.4831783 -19.253294 1.4500965 30.760368 1.553205966949463 0.10254690796136856
