Pedestrian 0.0 0 -1.3320343494415283 751.597900390625 166.2522430419922 779.8671875 226.84228515625 0.7191776 1.7711829 0.67612886 4.610804 1.5785568 21.560179 -1.1213505268096924 0.36767223477363586
Cyclist 0.0 0 1.5661232471466064 585.4073486328125 162.27166748046875 601.618896484375 211.39724731445312 1.7233367 1.7999429 0.5940484 -0.67313224 1.412568 27.30413 1.5414750576019287 0.8385910987854004
Car 0.0 0 -1.670091986656189 681.8263549804688 180.4482421875 775.178466796875 263.866455078125 3.5541975 1.5351491 1.5870013 2.365531 1.7169845 15.423063 -1.5179017782211304 0.9557992219924927
Car 0.0 0 -2.6998629570007324 184.33883666992188 169.42886352539062 399.1809997558594 236.34326171875 4.195693 1.4441512 1.6067486 -7.189054 1.3705872 16.43415 -3.1122281551361084 0.9374803304672241
Car 0.0 0 -1.7626985311508179 709.6165161132812 185.55294799804688 849.7301635742188 306.7342834472656 2.784994 1.5002031 1.4632305 2.3110173 1.7125392 10.633257 -1.5486881732940674 0.9157494902610779
Car 0.0 0 1.7242732048034668 471.5013732910156 167.6170196533203 546.8317260742188 226.7678985595703 4.1498556 1.694897 1.7321156 -3.1197028 1.545196 22.761621 1.5880621671676636 0.9125978946685791
Car 0.0 0 -0.8080370426177979 0.0 196.32530212402344 314.7451171875 375.0 3.8964634 1.4673809 1.6013024 -2.9106734 1.630745 3.0583634 -1.5686975717544556 0.7920918464660645
Car 0.0 0 1.7019753456115723 514.8456420898438 173.51483154296875 563.9583740234375 209.67404174804688 3.7954407 1.4301149 1.5851748 -2.964886 1.460198 30.528608 1.6051607131958008 0.7304341197013855
Car 0.0 0 1.4888560771942139 631.0169067382812 171.56838989257812 660.7090454101562 196.1421661376953 3.9846935 1.5492547 1.6237828 2.290075 1.4685607 47.50525 1.5370255708694458 0.6739794015884399
Car 0.0 0 1.7283982038497925 571.1976318359375 166.20516967773438 594.831298828125 184.2303009033203 3.900954 1.6013963 1.5735999 -2.4626992 1.0110545 66.13125 1.6911758184432983 0.3151346743106842
