Pedestrian 0.0 0 2.3767266273498535 21.13800811767578 163.407958984375 103.2354736328125 283.5652160644531 0.8967561 1.8234915 0.56348044 -8.713003 1.6804974 11.433668 1.7255593538284302 0.4842887818813324
Pedestrian 0.0 0 2.267871141433716 847.3629760742188 163.7571258544922 873.1016845703125 209.4522247314453 0.77394116 1.9025971 0.6944863 10.548269 1.5241905 30.53673 2.6004679203033447 0.47686129808425903
Pedestrian 0.0 0 -1.584296703338623 249.76788330078125 167.83251953125 270.91326904296875 220.09378051757812 0.6256449 1.7473017 0.6378388 -11.942248 1.5797713 24.543934 -2.037139654159546 0.12847429513931274
Pedestrian 0.0 0 1.6446127891540527 311.0128173828125 160.8613739013672 333.9735412597656 212.59478759765625 0.7684784 1.8462005 0.7219509 -10.485851 1.4185798 26.221907 1.2642021179199219 0.12734808027744293
Pedestrian 0.0 0 -1.897336721420288 1030.7674560546875 159.82444763183594 1073.2022705078125 224.8002166748047 1.7483997 1.7806312 0.49788812 12.594379 1.4239206 20.67815 -1.3502769470214844 0.12199743092060089
Cyclist 0.0 0 -1.8798315525054932 1031.2996826171875 161.65020751953125 1071.5313720703125 226.2651824951172 1.7167209 1.7801545 0.4840886 12.634287 1.4718459 20.766964 -1.3332701921463013 0.2825753390789032
Car 0.0 0 1.8244608640670776 404.7847900390625 186.30601501464844 548.5725708007812 283.9601135253906 3.8808587 1.4503429 1.648548 -2.317217 1.7353594 13.2651615 1.6515214443206787 0.9668094515800476
Car 0.0 0 1.7308820486068726 568.0943603515625 179.4321746826172 620.4387817382812 219.79745483398438 3.7211714 1.5319047 1.6009264 -0.632309 1.8233371 29.970636 1.7097876071929932 0.8961300253868103
Car 0.0 0 3.339550256729126 223.55197143554688 155.9287567138672 339.49053955078125 203.2423553466797 3.6577568 1.6726125 1.6281198 -12.107848 1.0746354 26.71057 2.913957118988037 0.2682936489582062
Car 0.0 0 2.0577330589294434 0.0 157.49195861816406 110.74851989746094 224.93482971191406 3.4502509 1.4765838 1.5099314 -13.94531 1.1406076 17.62792 1.3884472846984863 0.1456562727689743
