Pedestrian 0.0 0 0.6949352622032166 999.7172241210938 113.00650024414062 1160.408447265625 315.5711364746094 0.98446447 1.726401 0.7665697 4.3775206 1.1440358 6.702467 1.2735012769699097 0.8380119800567627
Pedestrian 0.0 0 -1.4697154760360718 670.9805297851562 163.970947265625 695.0755615234375 225.70013427734375 0.79866034 1.6654646 0.5852697 2.227373 1.1936877 19.830347 -1.3578628301620483 0.8231081366539001
Pedestrian 0.0 0 1.359625220298767 581.097900390625 161.6976776123047 613.5792236328125 232.2013702392578 0.85549796 1.7028723 0.6387444 -0.1433844 1.2257824 17.83426 1.3515855073928833 0.7968299388885498
Pedestrian 0.0 0 -1.631553292274475 609.0698852539062 161.4170684814453 632.6302490234375 209.9640350341797 1.0591382 1.721877 0.787613 0.6729618 1.0106275 26.018478 -1.60569429397583 0.7047767639160156
Pedestrian 0.0 0 1.4563610553741455 487.5226135253906 158.44659423828125 534.9432373046875 245.97747802734375 0.5196287 1.618868 0.8376512 -1.7574896 1.193763 13.635688 1.3281787633895874 0.6994114518165588
Pedestrian 0.0 0 -1.8677376508712769 626.2469482421875 162.78335571289062 657.7168579101562 227.83853149414062 0.8069704 1.6649827 0.61305875 1.0247099 1.1871374 18.847328 -1.8134222030639648 0.6284854412078857
Pedestrian 0.0 0 -0.4193025827407837 701.1384887695312 157.18023681640625 733.3760986328125 215.1822509765625 0.7946342 1.7193125 0.57391083 3.4623318 0.9995467 21.67021 -0.2608678638935089 0.6086822748184204
Pedestrian 0.0 0 2.213188886642456 933.4671020507812 128.84536743164062 1091.2515869140625 374.0 0.6715583 1.5937353 0.6436699 2.6795049 1.2744055 4.8038254 2.721989870071411 0.5972056984901428
Pedestrian 0.0 0 -2.720137596130371 456.20562744140625 162.97314453125 495.3507385253906 229.66131591796875 0.8540533 1.7021316 0.5512452 -3.3003244 1.2304353 18.703573 -2.89479398727417 0.5528647899627686
Pedestrian 0.0 0 -2.629793405532837 639.1512451171875 159.07144165039062 675.05419921875 227.92984008789062 0.7195469 1.6468165 0.50934696 1.3293875 1.111613 17.588423 -2.554353713989258 0.5449926257133484
Pedestrian 0.0 0 -0.2867301106452942 784.619140625 152.81732177734375 831.8274536132812 223.8267059326172 1.0627074 1.8289855 0.5894934 5.370449 1.091382 18.798742 -0.008460933342576027 0.5426836013793945
Pedestrian 0.0 0 -1.0645997524261475 364.4347839355469 169.5387725830078 434.99285888671875 294.2123718261719 0.8066041 1.6151865 0.6114614 -2.7728548 1.4615562 9.765934 -1.3412503004074097 0.4764861762523651
Pedestrian 0.0 0 -1.515432596206665 627.7077026367188 163.3373260498047 641.960205078125 200.64334106445312 0.7356767 1.7310468 0.6298856 1.5609117 0.8891991 33.726936 -1.4691847562789917 0.4700973629951477
Pedestrian 0.0 0 -2.864938259124756 541.365966796875 168.97080993652344 557.2542114257812 200.75848388671875 0.8022322 1.8631878 0.60793084 -3.0782475 1.1295825 42.480553 -2.93727445602417 0.46917134523391724
Pedestrian 0.0 0 -1.1994656324386597 521.7264404296875 165.38131713867188 543.555419921875 206.6217041015625 0.8555391 1.8682894 0.7409774 -3.1725314 1.1390108 33.05215 -1.2951581478118896 0.3575765788555145
Pedestrian 0.0 0 -0.05979156494140625 1085.310546875 99.16253662109375 1152.6357421875 251.199951171875 0.6345153 1.7834824 0.59930396 6.3086357 0.81896484 8.846222 0.5597019195556641 0.3126361072063446
Pedestrian 0.0 0 2.0270650386810303 338.8292236328125 206.878173828125 416.9773254394531 349.1527099609375 0.62753284 1.580343 0.6738397 -2.6685739 1.8936186 8.4659605 1.721711277961731 0.3056831657886505
Pedestrian 0.0 0 0.7812759280204773 717.97998046875 136.14230346679688 839.675048828125 299.00299072265625 1.265366 1.6404083 0.5663516 1.8753278 1.1849113 7.919535 1.0137908458709717 0.29279467463493347
Pedestrian 0.0 0 -3.1509995460510254 659.2269287109375 166.22225952148438 676.7446899414062 202.91172790527344 0.7765061 1.6317756 0.54625344 2.9717424 0.95324004 32.249767 -3.0591113567352295 0.28582265973091125
Pedestrian 0.0 0 -1.0754811763763428 92.86884307861328 219.46658325195312 218.52886962890625 374.0 0.63933015 1.6437746 0.62160456 -3.5666537 1.964996 5.7101107 -1.6338077783584595 0.26701611280441284
Cyclist 0.0 0 0.7812759280204773 717.97998046875 136.14230346679688 839.675048828125 299.00299072265625 1.265366 1.6404083 0.5663516 1.8753278 1.1849113 7.919535 1.0137908458709717 0.16965799033641815
Cyclist 0.0 0 -1.6331981420516968 609.1447143554688 161.5582733154297 632.2869873046875 210.03810119628906 1.0271422 1.7211103 0.77315617 0.6687508 1.014204 26.026833 -1.6075091361999512 0.10204817354679108
Car 0.0 0 1.5202666521072388 551.3154296875 168.40011596679688 578.6029052734375 193.66941833496094 3.51613 1.6061887 1.6197201 -2.4337683 0.77423716 47.487988 1.469061255455017 0.4982297718524933
Car 0.0 0 1.0797433853149414 923.0903930664062 192.8712921142578 1178.69775390625 319.2550048828125 3.5459092 1.4151318 1.5073166 5.997794 1.6059557 10.167715 1.6126930713653564 0.26998552680015564
