Pedestrian 0.0 0 -1.0059757232666016 829.398193359375 125.24925231933594 894.4833374023438 237.86758422851562 0.67139894 1.8007418 0.7905726 4.1525126 1.0399104 12.052847 -0.6741862893104553 0.3834553062915802
Pedestrian 0.0 0 2.600703239440918 944.0899047851562 134.24366760253906 1009.6900024414062 223.1861572265625 1.0538561 1.82604 0.6321625 7.649326 1.0337057 15.1648655 3.067873477935791 0.3514285385608673
Pedestrian 0.0 0 -0.8759713172912598 999.7649536132812 151.57276916503906 1092.745849609375 305.12835693359375 0.6988731 1.7754765 0.6781892 5.239972 1.5297714 8.775702 -0.3376869261264801 0.334781289100647
Pedestrian 0.0 0 3.063131332397461 611.1077270507812 173.3609619140625 621.9197387695312 196.66436767578125 0.8116779 1.8254871 0.53394955 0.48611382 1.8659809 56.826828 3.071685314178467 0.1814788579940796
Cyclist 0.0 0 -1.9994871616363525 739.717041015625 164.59454345703125 761.3983154296875 199.87399291992188 1.6926007 1.8680027 0.49118498 7.5663743 1.4310329 39.0821 -1.8082510232925415 0.3037205636501312
Cyclist 0.0 0 -1.599700689315796 844.7327270507812 116.37140655517578 896.0943603515625 233.1360626220703 0.810017 1.8632358 0.7770226 4.267181 0.9622902 12.015764 -1.258461356163025 0.10610959678888321
Car 0.0 0 1.5895856618881226 619.265625 174.1583251953125 648.5455932617188 201.7376708984375 4.183972 1.624885 1.734403 1.4907472 1.71017 44.844 1.6228163242340088 0.776766836643219
Car 0.0 0 -1.6549861431121826 755.5964965820312 166.931640625 798.8265991210938 201.22067260742188 4.0318995 1.5411961 1.6697987 7.903343 1.2753602 34.541496 -1.4300509691238403 0.3208630383014679
Car 0.0 0 2.9570183753967285 0.0 0.0 1242.0 375.0 3.7202013 1.5545973 1.6276377 -2.4319558 1.6791145 0.88962805 1.7369093894958496 0.24110788106918335
Car 0.0 0 1.4737508296966553 737.20068359375 175.37449645996094 769.716796875 202.32647705078125 3.964815 1.647781 1.6727993 9.177906 1.8179325 46.549145 1.6684198379516602 0.21674314141273499
