Pedestrian 0.0 0 0.7049106359481812 878.3714599609375 174.12588500976562 935.5341796875 270.7044982910156 0.84146225 1.8167862 0.60413 5.74213 1.842901 14.096548 1.091731071472168 0.5179526209831238
Pedestrian 0.0 0 2.471161365509033 990.8240966796875 152.6540069580078 1048.5296630859375 238.76553344726562 0.87650585 1.7994596 0.62439734 8.714918 1.377701 15.451964 2.9846901893615723 0.45657244324684143
Pedestrian 0.0 0 -1.947153091430664 679.008056640625 173.97918701171875 695.1093139648438 203.4166717529297 1.2299881 1.7812068 0.5712213 4.70108 1.8518143 44.37627 -1.8416099548339844 0.18706299364566803
Pedestrian 0.0 0 0.6943328976631165 820.5994262695312 168.48902893066406 860.7842407226562 216.91380310058594 1.3900428 1.744512 0.5440625 8.489037 1.5876211 26.722893 1.0019199848175049 0.1803099662065506
Pedestrian 0.0 0 1.1347270011901855 743.5435180664062 162.76547241210938 758.7105712890625 194.54652404785156 0.96699977 1.9022615 0.5433807 8.514402 1.2987684 43.71982 1.3270686864852905 0.14265330135822296
Pedestrian 0.0 0 0.4025009274482727 672.7374877929688 176.01654052734375 685.9089965820312 198.32981872558594 0.9647447 1.8191875 0.48935378 5.683088 2.0818434 59.39537 0.4978928565979004 0.10644228011369705
Cyclist 0.0 0 0.2248193323612213 818.8943481445312 167.92105102539062 860.7564086914062 216.22113037109375 1.3896773 1.7496517 0.5519879 8.466464 1.5713153 26.724808 0.5316183567047119 0.1900256723165512
Cyclist 0.0 0 -0.6347761154174805 990.1919555664062 151.92523193359375 1050.9088134765625 239.91680908203125 0.9505189 1.8394827 0.6142875 8.727769 1.4023201 15.443144 -0.12037220597267151 0.15664878487586975
Car 0.0 0 -2.2863144874572754 1188.8760986328125 156.13015747070312 1242.0 197.6036376953125 4.5206327 2.3774903 1.7682278 37.67074 1.4191445 43.622944 -1.5740044116973877 0.25917932391166687
Car 0.0 0 2.066038131713867 191.43533325195312 182.5758819580078 252.24703979492188 213.43333435058594 4.354656 1.8535706 1.6030453 -25.167019 2.5151446 46.89191 1.5734610557556152 0.17815549671649933
Car 0.0 0 -1.7483853101730347 696.6057739257812 175.66648864746094 743.7330322265625 208.9925994873047 3.674239 1.5351158 1.652166 5.3093166 1.6807512 35.407837 -1.5995466709136963 0.1306682825088501
Car 0.0 0 1.6678974628448486 1062.3052978515625 170.22909545898438 1089.78759765625 189.64028930664062 3.7059364 1.5307657 1.5312694 37.992073 1.3241234 58.82521 2.241347551345825 0.11723200231790543
