Pedestrian 0.0 0 0.4980546236038208 128.99990844726562 139.71070861816406 195.73281860351562 261.2514343261719 0.60941315 1.7634825 0.6698855 -6.612654 1.1584575 10.770484 -0.05256693810224533 0.6072918772697449
Pedestrian 0.0 0 -0.10992106795310974 770.59228515625 150.8667449951172 818.850830078125 254.5026092529297 0.71602064 1.6952182 0.6518713 3.2079628 1.195426 12.122912 0.14876937866210938 0.57227623462677
Pedestrian 0.0 0 0.5806536674499512 256.8610534667969 112.39827728271484 355.3655700683594 270.0433044433594 0.88356334 1.7880942 0.628882 -3.5423229 1.0056566 8.536332 0.18730902671813965 0.4613777697086334
Pedestrian 0.0 0 -1.1294355392456055 63.056068420410156 140.3759765625 135.19703674316406 261.62359619140625 0.52213186 1.7334136 0.7182821 -7.4321904 1.1467998 10.585351 -1.7415831089019775 0.4609804153442383
Pedestrian 0.0 0 -2.71635365486145 1120.1470947265625 120.70195007324219 1238.0 374.0 0.6374192 1.6534363 0.64840996 3.807663 1.3013806 4.6023836 -2.025172233581543 0.45904532074928284
Pedestrian 0.0 0 1.7483879327774048 442.1183166503906 170.42315673828125 466.3626403808594 224.01129150390625 0.92330855 1.7325946 0.63217485 -4.872596 1.3755568 23.691856 1.54555082321167 0.39419490098953247
Pedestrian 0.0 0 1.8909868001937866 501.94342041015625 158.38026428222656 524.49560546875 204.96839904785156 0.9010866 1.790321 0.62544656 -3.464664 0.90288043 28.105207 1.7683308124542236 0.3495708405971527
Pedestrian 0.0 0 -1.5238022804260254 824.0100708007812 124.57537841796875 862.527099609375 214.94784545898438 0.6865929 1.8129843 0.72558284 4.9703245 0.67224985 14.859291 -1.201008677482605 0.28719571232795715
Pedestrian 0.0 0 3.3442420959472656 401.9210510253906 148.8647918701172 452.117431640625 230.33685302734375 0.9950123 1.7933646 0.60856664 -3.942555 1.0762184 16.13189 3.1045455932617188 0.2826056480407715
Pedestrian 0.0 0 2.963916540145874 567.73583984375 163.25991821289062 579.763671875 188.02145385742188 0.8664714 1.9437714 0.54483193 -2.165707 0.51246303 56.745293 2.925769567489624 0.24957889318466187
Pedestrian 0.0 0 -1.0895519256591797 529.0877685546875 163.22413635253906 547.6102905273438 201.13595581054688 0.6466336 1.7375035 0.6291356 -2.93698 0.90084904 33.337963 -1.177422285079956 0.24724271893501282
Pedestrian 0.0 0 2.070255756378174 557.6741943359375 161.91891479492188 574.1491088867188 194.01644897460938 0.69580203 1.9142525 0.75117683 -2.1371121 0.7472253 43.31455 2.02095627784729 0.23997844755649567
Pedestrian 0.0 0 2.99436354637146 613.8964233398438 174.02455139160156 641.460693359375 226.14488220214844 0.8580708 1.7378668 0.5513048 0.85804576 1.4896929 24.270922 3.0297017097473145 0.23846350610256195
Pedestrian 0.0 0 -2.646524429321289 455.6916198730469 148.01182556152344 472.290283203125 188.855224609375 0.52849543 1.9564525 0.6859569 -6.667765 0.35323054 34.813187 -2.8357625007629395 0.20739968121051788
Cyclist 0.0 0 0.05375714600086212 414.5775146484375 151.58282470703125 456.18402099609375 231.04147338867188 0.88388807 1.7483817 0.60150456 -3.7654521 1.091315 16.176474 -0.17494367063045502 0.12964162230491638
Cyclist 0.0 0 1.8909868001937866 501.94342041015625 158.38026428222656 524.49560546875 204.96839904785156 0.9010866 1.790321 0.62544656 -3.464664 0.90288043 28.105207 1.7683308124542236 0.12241702526807785
Car 0.0 0 1.6779327392578125 471.7038879394531 176.27703857421875 579.3798828125 264.1693420410156 4.124938 1.4479173 1.6149021 -1.3545483 1.3631637 13.901514 1.5808004140853882 0.9307661652565002
Car 0.0 0 2.055983066558838 473.22393798828125 176.83578491210938 527.8985595703125 206.17233276367188 3.261003 1.4386532 1.4351254 -5.153212 1.2108126 37.001606 1.9176032543182373 0.24367138743400574
