Pedestrian 0.0 0 -2.942422866821289 595.9341430664062 167.73912048339844 641.7936401367188 260.0203857421875 0.70375925 1.629808 0.7613587 0.11974676 1.5398304 13.185762 -2.9333415031433105 0.6387149691581726
Pedestrian 0.0 0 -2.9859912395477295 1160.76025390625 99.88461303710938 1242.0 324.31219482421875 0.65398735 1.7166976 0.599057 4.9728627 1.1588961 5.959799 -2.290623188018799 0.15968045592308044
Pedestrian 0.0 0 0.826336681842804 1093.9110107421875 128.67323303222656 1242.0 375.0 0.83328 1.7127094 0.5451744 3.687007 1.4500505 4.7303705 1.4884103536605835 0.12551459670066833
Pedestrian 0.0 0 0.4464675188064575 236.2931671142578 99.09345245361328 340.231201171875 283.9526062011719 0.7181562 1.6893196 0.6069735 -3.113471 1.015623 6.902535 0.02273082733154297 0.11278221011161804
Car 0.0 0 -1.6412062644958496 629.8291625976562 175.0170440673828 731.7124633789062 267.58648681640625 3.6639574 1.4405276 1.5443321 1.1085682 1.4858501 13.153991 -1.5571287870407104 0.8278930187225342
Car 0.0 0 1.4936374425888062 616.7906494140625 169.8584442138672 660.5153198242188 202.37673950195312 3.8948529 1.310379 1.5704993 1.1342839 1.1900263 31.050556 1.5301514863967896 0.593863844871521
Car 0.0 0 -1.5840080976486206 610.57373046875 157.93247985839844 637.2960815429688 184.25115966796875 4.098728 1.6678704 1.6934599 0.8610237 0.7226204 47.776062 -1.5659879446029663 0.3763521611690521
Car 0.0 0 -2.3701765537261963 0.0 159.17922973632812 322.9024658203125 375.0 4.3447375 1.638364 1.7372973 -4.923679 1.5460593 5.9212704 -3.0638461112976074 0.19255861639976501
Car 0.0 0 -1.7539772987365723 699.06201171875 171.3662109375 767.2410888671875 221.7333984375 3.4383993 1.4755793 1.5106947 3.777397 1.4323504 22.869331 -1.5902822017669678 0.16592292487621307
Car 0.0 0 2.9644205570220947 651.8291625976562 165.09112548828125 716.0350952148438 191.03436279296875 3.669762 1.5501456 1.6225475 4.4521027 1.0866604 44.059235 3.065126895904541 0.13244231045246124
Car 0.0 0 -1.294163465499878 350.602783203125 163.43373107910156 413.9685974121094 200.5269012451172 3.7086322 1.4560736 1.5745033 -9.489766 1.0866436 30.196373 -1.598658561706543 0.1315944939851761
