Pedestrian 0.0 0 -1.3261511325836182 788.7698364257812 131.7373046875 837.3250122070312 246.7479705810547 0.7283084 1.8432235 0.6239108 3.3395686 1.1846226 12.031615 -1.0554008483886719 0.11062320321798325
Pedestrian 0.0 0 -1.2539234161376953 500.33074951171875 174.47547912597656 514.71435546875 204.81422424316406 0.7074416 1.6258026 0.58111256 -5.5872993 1.7149416 39.10477 -1.3958431482315063 0.10839081555604935
Pedestrian 0.0 0 2.8245162963867188 448.03497314453125 173.72654724121094 472.00592041015625 224.0633087158203 0.7176481 1.8381844 0.6074233 -5.616934 1.8714945 26.803957 2.6179492473602295 0.10061910003423691
Cyclist 0.0 0 0.9641258716583252 699.2036743164062 156.1547393798828 745.2533569335938 215.04653930664062 1.7078772 1.7692204 0.5419324 3.44264 1.2679012 22.559711 1.1155588626861572 0.2867250144481659
Cyclist 0.0 0 1.2803754806518555 688.1378173828125 173.1324005126953 702.0772094726562 199.26699829101562 1.5214974 1.7074596 0.50351703 5.6184845 1.7266234 47.9474 1.3970236778259277 0.1579592227935791
Cyclist 0.0 0 2.2694928646087646 376.6540832519531 144.80557250976562 418.1287536621094 198.60531616210938 1.5028207 1.8298417 0.56442064 -7.4952707 0.8762144 25.339836 1.9819029569625854 0.1235632598400116
Cyclist 0.0 0 1.192408800125122 644.908447265625 132.6959991455078 671.77685546875 180.6234588623047 1.3821925 1.8040913 0.56326705 1.8161541 0.29281726 27.901724 1.2574082612991333 0.10086118429899216
Car 0.0 0 1.7330420017242432 497.4741516113281 180.81727600097656 560.4535522460938 229.59437561035156 4.1049814 1.6659377 1.7347306 -3.035414 1.9920614 27.4195 1.6227881908416748 0.9435496926307678
Car 0.0 0 -1.5369551181793213 553.9366455078125 176.67819213867188 575.5074462890625 197.25892639160156 3.8543782 1.5834925 1.608778 -3.6466756 1.9025916 58.18677 -1.5995451211929321 0.3818148374557495
Car 0.0 0 -1.7109203338623047 484.75390625 171.83106994628906 513.9571533203125 193.5266876220703 3.6239104 1.5257819 1.6129789 -8.141053 1.4541999 52.708424 -1.864163875579834 0.19057026505470276
Car 0.0 0 1.3853118419647217 636.815673828125 149.61936950683594 692.6246948242188 187.00714111328125 3.6844373 1.4073315 1.5757611 2.0959055 0.5331033 29.076628 1.457269549369812 0.15312272310256958
Car 0.0 0 -1.6607614755630493 701.3746948242188 160.20693969726562 748.7015380859375 200.5382537841797 4.3700967 1.7337329 1.7519144 5.1889524 1.1904285 33.25139 -1.505957841873169 0.13383936882019043
Car 0.0 0 1.6564987897872925 403.381591796875 166.87646484375 440.4298400878906 196.1438446044922 4.0558314 1.5718496 1.691616 -10.63998 1.2511744 40.88977 1.4019328355789185 0.10301011055707932
