Pedestrian 0.0 0 1.3010594844818115 1151.885498046875 115.56599426269531 1188.150390625 189.68588256835938 0.5419509 1.9078181 0.6294238 14.6442375 0.4336046 18.93935 1.9592549800872803 0.3585052192211151
Pedestrian 0.0 0 1.7889580726623535 741.5418090820312 140.42054748535156 776.0443725585938 214.05247497558594 0.7943491 1.7969518 0.6945025 3.691692 1.005787 18.11017 1.9900493621826172 0.3396191895008087
Pedestrian 0.0 0 0.4484037458896637 624.007568359375 174.49029541015625 634.7798461914062 195.5229949951172 0.75270057 1.7932019 0.57045245 1.6453232 1.9351475 62.00597 0.4749324321746826 0.2383088320493698
Pedestrian 0.0 0 2.435467481613159 792.49365234375 156.26943969726562 817.554443359375 201.6378173828125 0.73196834 1.7206256 0.57716703 7.4646425 1.0920031 27.779774 2.697974443435669 0.17174331843852997
Pedestrian 0.0 0 1.712292194366455 1107.9583740234375 112.48294067382812 1151.7772216796875 207.86390686035156 0.7385027 1.7552894 0.5804964 9.854437 0.64464265 13.74311 2.334366798400879 0.16300348937511444
Car 0.0 0 1.7932990789413452 356.2851867675781 179.42034912109375 421.5993347167969 218.6892852783203 4.362663 1.522035 1.7555065 -9.423214 1.8244779 30.952059 1.4977688789367676 0.8779576420783997
Car 0.0 0 -1.54066002368927 590.4209594726562 175.93313598632812 616.5376586914062 201.66522216796875 3.7941608 1.5917946 1.5898167 -0.42192352 1.8009142 47.00322 -1.5496362447738647 0.6861492395401001
Car 0.0 0 -1.4820854663848877 548.667236328125 180.56817626953125 573.8468017578125 200.7801055908203 3.789893 1.4689485 1.6156317 -3.7632465 2.086433 55.80776 -1.5494158267974854 0.6056506037712097
Car 0.0 0 1.8090730905532837 451.89764404296875 174.6800079345703 489.37005615234375 197.6397705078125 4.600209 1.6848134 1.8038473 -10.718205 1.8319557 55.657604 1.6188280582427979 0.36898356676101685
Car 0.0 0 1.8627485036849976 392.68634033203125 174.95199584960938 427.13812255859375 194.87310791015625 4.075563 1.5696713 1.6272799 -16.431093 1.7485486 59.338253 1.59261155128479 0.20161305367946625
