Pedestrian 0.0 0 3.746476411819458 0.0 163.1062469482422 60.48316192626953 292.1063232421875 0.6020152 1.7375555 0.6612898 -8.267592 1.606617 10.070279 3.059067487716675 0.6270925402641296
Pedestrian 0.0 0 3.4434781074523926 72.51168060302734 169.0386962890625 102.27202606201172 213.85279846191406 0.8518385 1.792716 0.55427134 -21.228746 1.6404493 29.260075 2.8158297538757324 0.6117139458656311
Pedestrian 0.0 0 -2.6551830768585205 216.32545471191406 169.22059631347656 248.28421020507812 212.80776977539062 0.9985259 1.7686809 0.5954435 -15.518028 1.6216023 29.575144 -3.1383936405181885 0.46816909313201904
Pedestrian 0.0 0 -0.0023533226922154427 594.5386962890625 163.9869384765625 607.884765625 197.46932983398438 0.7511887 1.8844165 0.64311016 -0.5346279 1.385728 40.93328 -0.015413539484143257 0.443862646818161
Pedestrian 0.0 0 2.7865211963653564 85.46175384521484 170.8092041015625 114.67021179199219 213.929931640625 0.85774225 1.771721 0.55426174 -21.35007 1.6880634 30.15385 2.1704208850860596 0.39111849665641785
Pedestrian 0.0 0 3.684279203414917 103.66527557373047 169.3988494873047 129.9083251953125 207.55224609375 0.83710355 1.7216724 0.5221503 -22.485523 1.5661169 32.841427 3.083916425704956 0.28708577156066895
Cyclist 0.0 0 -1.5984001159667969 412.63885498046875 175.44259643554688 424.5741271972656 214.2401885986328 1.6919731 1.5858836 0.43748865 -8.133347 1.6987368 30.480509 -1.8591620922088623 0.29866260290145874
Car 0.0 0 1.1808803081512451 539.251953125 168.433349609375 592.978759765625 194.6861572265625 4.404545 1.5350358 1.7604555 -2.801893 1.2769127 44.551918 1.118072509765625 0.8350582122802734
Car 0.0 0 0.641521692276001 830.1091918945312 163.3903350830078 884.1246948242188 185.6678009033203 3.4810185 1.5682656 1.570026 17.975195 0.9024099 52.670933 0.9704012870788574 0.7861427068710327
Car 0.0 0 -2.0412282943725586 626.3505249023438 167.66009521484375 680.9794311523438 192.64871215820312 4.421173 1.541126 1.7160351 2.7414334 1.2211589 46.86593 -1.9827995300292969 0.6326547265052795
Car 0.0 0 -2.242307662963867 764.0458374023438 166.553466796875 819.8568115234375 191.08389282226562 3.86467 1.5971292 1.6236948 12.289879 1.187271 49.070297 -1.996901273727417 0.5763479471206665
Car 0.0 0 -2.039464235305786 578.2875366210938 169.8400421142578 630.47021484375 193.94862365722656 4.159343 1.478334 1.6530774 -0.44650787 1.2938766 46.468544 -2.049072742462158 0.5520386695861816
Car 0.0 0 1.5658204555511475 727.306640625 168.4519500732422 750.255859375 190.36453247070312 3.713576 1.5111558 1.5620506 9.189061 1.2079358 51.719177 1.7416577339172363 0.341584712266922
Car 0.0 0 -1.6870712041854858 948.9437255859375 168.13583374023438 977.6705932617188 188.43177795410156 3.890687 1.5370984 1.58253 27.717659 1.1801288 56.740067 -1.232663869857788 0.2910861074924469
