Pedestrian 0.0 0 -3.1617536544799805 792.2200317382812 152.9977569580078 830.7434692382812 230.13858032226562 0.89906675 1.8571181 0.5470432 4.896802 1.3794492 17.74374 -2.8924825191497803 0.4076136648654938
Pedestrian 0.0 0 2.0049209594726562 826.482177734375 163.72213745117188 878.1233520507812 256.63665771484375 0.58150136 1.7723949 0.7965966 4.731484 1.5985576 14.245653 2.3255927562713623 0.2689162790775299
Cyclist 0.0 0 1.7628129720687866 500.8071594238281 163.3123016357422 560.0770874023438 294.3132629394531 1.6768779 1.7239482 0.5391741 -1.1615883 1.5987389 10.349909 1.6510488986968994 0.9291428327560425
Car 0.0 0 -1.807308316230774 751.2916259765625 189.80711364746094 984.9387817382812 372.1798400878906 3.3683195 1.4720037 1.5446956 2.4830108 1.6982195 7.876641 -1.5019316673278809 0.9543386101722717
Car 0.0 0 3.795459508895874 0.0 180.56637573242188 249.86672973632812 303.888427734375 4.144499 1.3801028 1.5831436 -7.008053 1.4851574 8.982759 3.1329293251037598 0.9409321546554565
Car 0.0 0 1.781761646270752 405.61309814453125 172.52513122558594 527.1351318359375 261.7789001464844 4.005869 1.6410793 1.7004851 -2.9265335 1.6353904 15.284911 1.5925856828689575 0.9046621322631836
Car 0.0 0 1.3855055570602417 635.794921875 177.66270446777344 680.1271362304688 206.10862731933594 4.1910715 1.4655209 1.7036041 2.5690134 1.7476397 40.091866 1.4494962692260742 0.8662667274475098
Car 0.0 0 -2.4243595600128174 926.7619018554688 177.1922607421875 1242.0 375.0 3.700094 1.5156395 1.5871736 2.4981961 1.540188 2.1687217 -1.5684804916381836 0.7456011772155762
Car 0.0 0 -1.3006865978240967 481.7280578613281 180.64112854003906 562.9989624023438 230.59844970703125 3.7835064 1.4175447 1.6258496 -2.7515247 1.6885818 23.08498 -1.4193180799484253 0.7058405876159668
Car 0.0 0 1.6914970874786377 570.3915405273438 170.77432250976562 595.7628173828125 190.8211669921875 4.0023813 1.5737804 1.5942073 -2.1805766 1.4108739 58.70244 1.6543679237365723 0.27479270100593567
