Car 0.0 0 -1.926387906074524 797.5240478515625 181.64370727539062 1031.2315673828125 318.68048095703125 3.705899 1.4543628 1.6330961 3.7614264 1.5963038 9.756774 -1.5584267377853394 0.9808031320571899
Car 0.0 0 2.0440917015075684 51.84371566772461 195.14727783203125 356.5328063964844 355.0426940917969 3.985978 1.4454911 1.6190284 -4.7388096 1.7881533 9.076902 1.5629417896270752 0.9762474298477173
Car 0.0 0 1.9271979331970215 296.43536376953125 185.52365112304688 446.6106872558594 274.1832580566406 3.8685591 1.4877543 1.6200777 -4.692521 1.7797699 14.637567 1.6169683933258057 0.9736965298652649
Car 0.0 0 -1.8338062763214111 730.1026000976562 179.2339630126953 867.9264526367188 265.76824951171875 4.233681 1.4931144 1.6492106 3.652014 1.6440943 14.896836 -1.5933940410614014 0.9641411304473877
Car 0.0 0 1.7549151182174683 506.6092834472656 177.62020874023438 549.5186157226562 209.19677734375 3.3489473 1.4750849 1.5384167 -4.0724897 1.7243239 35.949356 1.642111897468567 0.9432955980300903
Car 0.0 0 1.798794150352478 391.05169677734375 183.26869201660156 488.7743835449219 243.82052612304688 4.406139 1.4343553 1.6750262 -4.6258183 1.7559897 20.051405 1.5720629692077637 0.9420636892318726
Car 0.0 0 -1.731393575668335 708.023193359375 182.63055419921875 791.7437744140625 242.25039672851562 3.9149485 1.4444582 1.6552328 3.7356029 1.7440128 20.102713 -1.5476634502410889 0.941912829875946
Car 0.0 0 -2.2820334434509277 956.5787963867188 189.0481719970703 1242.0 375.0 3.7530684 1.4892989 1.5724299 3.7166848 1.6290944 4.3317504 -1.5729076862335205 0.8798813223838806
Car 0.0 0 -1.6916475296020508 699.092529296875 175.8807830810547 756.7678833007812 221.61083984375 3.694421 1.4906036 1.5709594 4.071878 1.6063913 25.639204 -1.5341483354568481 0.6338696479797363
Car 0.0 0 -1.6988393068313599 688.8565063476562 176.98458862304688 737.0125122070312 215.5436553955078 3.7371721 1.5351771 1.570557 4.3197412 1.7237769 31.003014 -1.5603976249694824 0.6005516648292542
