Pedestrian 0.0 0 1.265081524848938 807.9490966796875 151.63739013671875 846.6815185546875 224.12693786621094 1.0159739 1.7514148 0.6434574 5.342718 1.2391597 17.943445 1.5544757843017578 0.3878982961177826
Pedestrian 0.0 0 1.9007692337036133 703.6533203125 158.23377990722656 734.2227172851562 221.8303985595703 0.4806891 1.7786261 0.7465339 3.058433 1.370096 20.561752 2.0484304428100586 0.28425857424736023
Cyclist 0.0 0 -2.1818056106567383 1006.08251953125 152.52745056152344 1047.4505615234375 203.061279296875 1.5614938 1.8324165 0.5376885 15.510441 1.0957099 26.962614 -1.659778118133545 0.32293158769607544
Cyclist 0.0 0 -0.2845054268836975 734.8709716796875 174.71238708496094 768.0694580078125 207.45147705078125 1.7569968 1.8603886 0.659123 8.088011 1.9685733 41.45353 -0.09181588888168335 0.3097204267978668
Cyclist 0.0 0 2.787515878677368 800.591552734375 152.85389709472656 853.9554443359375 224.72982788085938 1.09943 1.7467557 0.68063784 5.333062 1.261064 17.907444 3.0769646167755127 0.2859465777873993
Car 0.0 0 -2.0156431198120117 762.7609252929688 182.14573669433594 1041.1497802734375 345.79937744140625 3.4253552 1.4399796 1.5658944 3.0029955 1.5705853 8.329909 -1.6696381568908691 0.9776041507720947
Car 0.0 0 1.8977398872375488 233.32809448242188 193.21142578125 372.93365478515625 283.61871337890625 3.3981872 1.451292 1.4831241 -5.885245 1.8991288 14.111788 1.5026267766952515 0.9694983959197998
Car 0.0 0 2.1057775020599365 0.0 198.70643615722656 273.84674072265625 363.3109130859375 3.7291949 1.5161408 1.5551027 -5.895742 1.9115802 9.130881 1.5324363708496094 0.9691309928894043
Car 0.0 0 -1.8379364013671875 719.4256591796875 183.21554565429688 856.2383422851562 270.7215270996094 3.7220001 1.4153214 1.6039673 3.2285054 1.6440414 14.007496 -1.6114082336425781 0.9432863593101501
Car 0.0 0 -2.334336280822754 921.9154663085938 194.95394897460938 1242.0 375.0 3.5539968 1.5016527 1.55385 2.9599478 1.6582328 3.2968266 -1.6027283668518066 0.8708231449127197
Car 0.0 0 -2.771214008331299 335.89984130859375 179.6099853515625 430.449462890625 209.46221923828125 4.4888053 1.5315955 1.7355646 -12.089824 1.9018611 38.489323 -3.075563669204712 0.861467182636261
Car 0.0 0 1.2699064016342163 297.0538330078125 187.51687622070312 341.00634765625 211.71807861328125 3.6953282 1.459708 1.6798531 -19.358067 2.4725304 47.856934 0.8855278491973877 0.3140273988246918
