Pedestrian 0.0 0 -1.3408114910125732 895.595947265625 140.80706787109375 915.7420043945312 188.11773681640625 0.56531274 2.00536 0.691079 12.668484 0.6473428 31.01167 -0.9529931545257568 0.3441966474056244
Pedestrian 0.0 0 2.3155698776245117 0.0 135.02069091796875 62.2166748046875 243.5452880859375 0.66772336 1.8120767 0.59572405 -10.023373 1.1807172 12.397514 1.6356682777404785 0.2553044557571411
Pedestrian 0.0 0 3.104757308959961 322.85272216796875 139.29669189453125 369.2904052734375 229.3085174560547 0.9029972 1.8566276 0.6254052 -5.6668215 1.1648161 15.341118 2.750916004180908 0.16494087874889374
Pedestrian 0.0 0 -2.6266534328460693 211.15699768066406 156.4404296875 256.41973876953125 241.7210235595703 0.64105517 1.7294179 0.5535357 -7.821217 1.3969226 14.91631 -3.1095829010009766 0.13876764476299286
Pedestrian 0.0 0 -2.226685047149658 0.0 149.91217041015625 73.94300079345703 300.96197509765625 0.6713962 1.8572986 0.6464957 -7.5139976 1.5755652 9.261335 -2.9082963466644287 0.12948894500732422
Car 0.0 0 -0.29343897104263306 710.8331909179688 181.84449768066406 946.3028564453125 257.2605285644531 4.4647546 1.4816588 1.6540213 4.431124 1.6823504 15.225335 -0.010225947946310043 0.9699732661247253
Car 0.0 0 -3.205239772796631 645.0452880859375 178.8584747314453 731.7545166015625 208.98081970214844 4.3598166 1.5050119 1.6723503 3.9652839 1.8238823 37.344597 -3.0994551181793213 0.8931723833084106
Car 0.0 0 1.9916106462478638 639.5242919921875 176.5211944580078 684.360107421875 201.0838623046875 3.9799876 1.6415755 1.6838408 3.685934 1.9121553 51.013077 2.0637400150299072 0.357318252325058
Car 0.0 0 -0.1079925075173378 644.287353515625 176.4307098388672 713.9317626953125 204.34768676757812 3.8644805 1.5784916 1.6486187 3.937367 1.7906113 41.86463 -0.014218391850590706 0.26006582379341125
Car 0.0 0 1.7902456521987915 735.94287109375 181.68338012695312 830.1857299804688 243.08633422851562 4.2436585 1.4893726 1.705464 4.9544106 1.7677262 20.434765 2.0281059741973877 0.13221491873264313
