Pedestrian 0.0 0 -1.2283426523208618 747.6121215820312 162.48538208007812 772.9700317382812 211.4995574951172 0.7925024 1.722286 0.6632755 5.3462877 1.3583058 25.861897 -1.0244896411895752 0.6777582168579102
Pedestrian 0.0 0 1.0783427953720093 1129.9105224609375 172.69264221191406 1181.838623046875 259.97198486328125 0.65486354 1.7470145 0.61216503 11.142327 1.7441425 14.809955 1.7233487367630005 0.30234602093696594
Pedestrian 0.0 0 -1.4195241928100586 973.056884765625 149.5109100341797 993.0018310546875 198.30332946777344 0.48218438 1.8051403 0.59925693 13.949498 0.9418895 27.062555 -0.9435901641845703 0.2362280935049057
Pedestrian 0.0 0 3.479536533355713 20.76698875427246 178.90570068359375 62.89278793334961 247.1737823486328 0.7336933 1.8021609 0.6167244 -15.415366 1.9697728 19.528097 2.811295986175537 0.18154485523700714
Pedestrian 0.0 0 -1.8836311101913452 689.0496826171875 165.4818115234375 704.3021240234375 191.38377380371094 1.0821569 1.7469441 0.73552984 5.883482 1.2500885 49.262787 -1.764763593673706 0.16950903832912445
Cyclist 0.0 0 2.2058539390563965 217.6695098876953 175.49066162109375 260.7265319824219 219.06536865234375 1.8598549 1.6927558 0.55043113 -14.974748 1.8029959 29.105272 1.7306715250015259 0.6005973219871521
Car 0.0 0 1.8587610721588135 389.6334228515625 181.0767364501953 443.4351501464844 212.44186401367188 4.4483337 1.6237161 1.7439444 -10.886669 2.1143892 40.775043 1.597853660583496 0.9422152042388916
Car 0.0 0 -1.5944290161132812 598.0941162109375 176.0530242919922 626.1619262695312 202.7400665283203 4.1842074 1.6114529 1.6892058 0.0642563 1.8259342 46.182426 -1.5930376052856445 0.769078254699707
Car 0.0 0 1.8358938694000244 394.5768737792969 172.59523010253906 464.7649230957031 215.44358825683594 3.933481 1.5084628 1.6063683 -6.792596 1.4997108 27.382652 1.5927400588989258 0.3570912778377533
Car 0.0 0 -0.8639675378799438 980.634033203125 154.9390411376953 1058.879638671875 185.2299346923828 3.8154056 1.5986468 1.6418804 22.391212 0.6535161 39.500187 -0.34826961159706116 0.24486029148101807
Car 0.0 0 -0.7798568606376648 1101.1519775390625 155.4055633544922 1199.745361328125 188.24388122558594 3.7650273 1.5461888 1.6462148 26.175636 0.7249893 35.04561 -0.13834135234355927 0.18269984424114227
