Pedestrian 0.0 0 0.10021840035915375 582.4442749023438 173.4030303955078 701.1556396484375 374.0 0.9383581 1.7685558 0.5964677 0.30464804 1.7064385 5.9972644 0.15097260475158691 0.8555607199668884
Pedestrian 0.0 0 -1.476141333580017 674.2193603515625 177.51763916015625 749.6490478515625 339.62322998046875 0.76655924 1.6289923 0.73151326 1.1474912 1.5903406 7.6759415 -1.3277482986450195 0.7987951636314392
Pedestrian 0.0 0 -3.47493314743042 888.4381713867188 137.87982177734375 1018.89208984375 308.835693359375 1.1129383 1.7941238 0.74652934 3.8217893 1.3377063 7.9700994 -3.0278067588806152 0.716243326663971
Pedestrian 0.0 0 -1.7682507038116455 480.32318115234375 132.60487365722656 505.6268005371094 197.29238891601562 0.6560526 1.8922521 0.628533 -3.2675612 0.4630948 21.425945 -1.9195895195007324 0.14704714715480804
Cyclist 0.0 0 1.3120672702789307 1078.5340576171875 22.988943099975586 1238.0 374.0 1.5250597 1.6868597 0.5129176 2.7557404 1.0873312 3.5227332 1.975905418395996 0.176353320479393
Car 0.0 0 -0.016141638159751892 290.98736572265625 157.4156494140625 610.4973754882812 285.53680419921875 4.6358066 1.8091669 1.7971182 -2.3603785 1.4703948 11.519915 -0.2182399332523346 0.9293271899223328
Car 0.0 0 0.12679973244667053 204.11936950683594 146.6656036376953 331.3490905761719 201.42562866210938 3.5895119 1.6882013 1.661795 -10.813835 0.6154023 23.474321 -0.3048890233039856 0.26565298438072205
Car 0.0 0 -0.3014027178287506 469.9555358886719 190.73997497558594 643.5963745117188 262.7755126953125 3.7477376 1.5082906 1.6210072 -1.0922059 1.744373 16.83152 -0.36620238423347473 0.22603361308574677
Car 0.0 0 -0.22013957798480988 448.0699157714844 143.1439971923828 603.56982421875 207.53358459472656 4.056424 1.6748292 1.7342831 -2.1705945 0.6783282 20.155258 -0.32741981744766235 0.1483209878206253
Car 0.0 0 1.6902462244033813 370.5870666503906 169.75692749023438 451.1802673339844 232.46051025390625 3.8956177 1.4551362 1.566328 -4.8804283 1.1838259 18.70339 1.4349995851516724 0.10818292945623398
