Cyclist 0.0 0 -1.6929484605789185 647.7315063476562 174.72711181640625 665.3914794921875 221.13902282714844 1.7449248 1.65285 0.43716 1.6657546 1.7246897 26.648418 -1.6305210590362549 0.27325770258903503
Car 0.0 0 -1.7620742321014404 585.0100708007812 175.49415588378906 657.7261962890625 229.48988342285156 3.9482648 1.6387358 1.6966515 0.24602538 1.7352988 24.194939 -1.751906156539917 0.9331405758857727
Car 0.0 0 -2.275982618331909 0.0 181.855712890625 147.41070556640625 342.2779846191406 3.8684819 1.4572043 1.6159762 -7.364507 1.5655979 7.6600876 -3.041710138320923 0.8280515670776367
Car 0.0 0 0.5460003018379211 0.0 174.6063690185547 270.3255920410156 293.29498291015625 3.5119674 1.613537 1.5378965 -7.201304 1.6419116 10.682334 -0.04715283215045929 0.8259413242340088
Car 0.0 0 -1.7538785934448242 532.16455078125 174.86483764648438 557.0615234375 193.51510620117188 3.6143146 1.5219032 1.4663056 -5.5982676 1.6983173 61.23242 -1.845051646232605 0.5350238680839539
Car 0.0 0 1.7108778953552246 352.13751220703125 172.889404296875 422.3498229980469 226.51576232910156 3.5671947 1.4688758 1.5256485 -6.6381345 1.4703882 21.6445 1.4132955074310303 0.48818182945251465
Car 0.0 0 -1.4131650924682617 280.6593322753906 168.93154907226562 360.90228271484375 228.9975128173828 3.508078 1.5698528 1.6052439 -8.257659 1.4676956 20.742409 -1.7920368909835815 0.45151233673095703
Car 0.0 0 1.7592787742614746 343.5988464355469 171.69430541992188 401.85986328125 213.15481567382812 3.3138318 1.4915004 1.5302092 -9.080795 1.4501398 27.695082 1.4424399137496948 0.30304354429244995
Car 0.0 0 -1.4587734937667847 389.7033996582031 170.9335174560547 426.3553771972656 205.96836853027344 3.7415605 1.8632609 1.5662978 -11.278517 1.7614809 40.34277 -1.731380820274353 0.26141801476478577
Car 0.0 0 0.388534277677536 285.2364807128906 174.8951873779297 400.2553405761719 220.1321258544922 3.3472009 1.4851453 1.5244807 -9.093448 1.5573587 24.578493 0.03417563438415527 0.24230755865573883
