Pedestrian 0.0 0 3.1067428588867188 596.3128051757812 172.51815795898438 626.0594482421875 242.31842041015625 0.66764385 1.593603 0.68695194 -0.02873017 1.5862937 16.826061 3.1050353050231934 0.6805586814880371
Pedestrian 0.0 0 1.3506872653961182 690.0029296875 173.00718688964844 709.5017700195312 221.526123046875 0.6814867 1.661649 0.535238 3.0707607 1.6674085 25.075722 1.4725401401519775 0.192342609167099
Cyclist 0.0 0 0.9995404481887817 970.4599609375 152.10342407226562 1079.737060546875 276.6356201171875 1.6895386 1.645835 0.5238953 5.86363 1.3719504 10.391633 1.513269305229187 0.13881374895572662
Car 0.0 0 -1.5435508489608765 621.8073120117188 172.7135009765625 696.5821533203125 242.5087432861328 3.5689456 1.4435563 1.551038 1.1371739 1.4410081 16.770586 -1.4758468866348267 0.9128798246383667
Car 0.0 0 -1.2985823154449463 434.4561462402344 164.16973876953125 490.906982421875 199.18846130371094 4.084614 1.5825989 1.6203499 -7.046782 1.1904894 34.700874 -1.4989300966262817 0.3576551377773285
Car 0.0 0 0.7953292727470398 908.8787841796875 109.49407958984375 1242.0 375.0 4.200141 1.4511014 1.5958426 3.9521534 1.1898841 5.1574097 1.449184775352478 0.3115326762199402
Car 0.0 0 -1.577938199043274 613.4960327148438 173.9427947998047 648.281005859375 206.46481323242188 3.6262462 1.4557087 1.5630455 0.9351136 1.5105047 34.24473 -1.550638198852539 0.29444122314453125
Car 0.0 0 3.0124499797821045 646.1834106445312 162.62205505371094 704.9959716796875 187.39004516601562 3.6915646 1.6082623 1.6541414 4.279363 0.94422793 47.74875 3.1018335819244385 0.19748972356319427
Car 0.0 0 -0.10746070742607117 671.0543823242188 166.91552734375 756.2700805664062 200.33059692382812 3.6370258 1.4621255 1.5862021 4.5679235 1.2026365 32.42099 0.03251194953918457 0.13377536833286285
Car 0.0 0 -1.575852632522583 609.7717895507812 158.4754180908203 634.9039306640625 184.10972595214844 4.091307 1.7534432 1.7191943 0.83720154 0.7702744 51.407196 -1.5595684051513672 0.11739178001880646
Car 0.0 0 -0.22168782353401184 684.7113647460938 166.00592041015625 798.8493041992188 207.07415771484375 4.0146623 1.5120782 1.6060524 4.9153533 1.260299 27.45491 -0.04453105479478836 0.11528828740119934
