Pedestrian 0.0 0 1.3766283988952637 1113.48388671875 146.34701538085938 1149.06494140625 203.79437255859375 1.1687119 1.806424 0.7197863 16.821144 0.9732735 23.367079 2.0005626678466797 0.22187884151935577
Pedestrian 0.0 0 -1.694839358329773 1161.1607666015625 153.4373779296875 1195.3126220703125 214.73818969726562 0.73346215 1.8211094 0.72910684 17.218172 1.2446431 21.934683 -1.0293275117874146 0.19295001029968262
Cyclist 0.0 0 1.3766283988952637 1113.48388671875 146.34701538085938 1149.06494140625 203.79437255859375 1.1687119 1.806424 0.7197863 16.821144 0.9732735 23.367079 2.0005626678466797 0.14085626602172852
Car 0.0 0 1.9175620079040527 245.576904296875 186.406494140625 314.6541748046875 223.95924377441406 4.087004 1.5212718 1.5610188 -14.955842 2.177986 32.842133 1.4902383089065552 0.783545970916748
Car 0.0 0 1.635986328125 587.4998168945312 172.310546875 612.0028686523438 192.85923767089844 4.091398 1.6015916 1.7193826 -0.8187178 1.5595925 58.32186 1.621949315071106 0.7310044765472412
Car 0.0 0 2.519620656967163 219.42530822753906 160.7715301513672 289.97943115234375 190.36143493652344 4.0626245 1.9450918 1.8098671 -24.410486 1.1512086 49.645405 2.0626375675201416 0.34713754057884216
Car 0.0 0 -1.6128733158111572 898.3033447265625 168.21092224121094 930.0032958984375 196.0194854736328 3.4586482 1.6767521 1.6880572 19.072353 1.3971498 45.418224 -1.2153071165084839 0.15428273379802704
Car 0.0 0 1.2445679903030396 1097.2440185546875 158.4159698486328 1187.21923828125 205.594482421875 3.411898 1.4416134 1.3609316 17.454733 1.0007948 23.876528 1.8758248090744019 0.1513800323009491
Car 0.0 0 0.8959675431251526 766.298095703125 176.47994995117188 804.7876586914062 193.1769256591797 3.6122127 1.4816077 1.5429626 16.2078 1.8277258 66.83834 1.1338679790496826 0.1491013914346695
Car 0.0 0 2.0929646492004395 174.34324645996094 177.66038513183594 254.781982421875 212.24977111816406 3.8272166 1.5214658 1.6540464 -18.680042 1.7625498 34.203552 1.5930871963500977 0.13478566706180573
Car 0.0 0 -1.9110136032104492 907.2144775390625 191.90586853027344 941.36572265625 209.62709045410156 3.7804763 1.4187785 1.5973233 27.75937 3.1571805 63.87967 -1.5010758638381958 0.12374896556138992
