Pedestrian 0.0 0 0.3271065652370453 30.4061222076416 186.31814575195312 59.41937255859375 229.62559509277344 0.8015341 1.8376868 0.7036822 -24.245987 2.0947418 30.588867 -0.3431309759616852 0.30689817667007446
Pedestrian 0.0 0 0.3869621753692627 113.7552490234375 175.9412841796875 133.43687438964844 210.3426055908203 0.63864344 1.7763071 0.6857982 -25.137949 1.5423373 36.905567 -0.21099531650543213 0.23107682168483734
Pedestrian 0.0 0 1.6733739376068115 811.7931518554688 170.5324249267578 852.2432250976562 261.81402587890625 0.7248244 1.6955972 0.672166 4.329615 1.5120826 13.595268 1.9816837310791016 0.21598584949970245
Pedestrian 0.0 0 -2.033378839492798 854.3361206054688 142.48744201660156 878.8657836914062 187.06407165527344 0.88615525 1.8531542 0.6425431 11.022557 0.27436918 29.864088 -1.67979896068573 0.18173739314079285
Pedestrian 0.0 0 0.32380223274230957 467.25616455078125 168.5621795654297 481.408447265625 191.8417510986328 0.99457395 1.8467635 0.52828604 -10.412353 0.9009746 56.416626 0.14129424095153809 0.17065346240997314
Cyclist 0.0 0 -0.14589537680149078 590.2360229492188 164.3477020263672 613.4976196289062 186.81993103027344 1.8011812 1.7894211 0.5755525 -0.24058114 0.5044788 56.715275 -0.150137260556221 0.7620688080787659
Cyclist 0.0 0 -1.054529070854187 416.8074035644531 172.82899475097656 437.7078552246094 202.206787109375 1.6506495 1.7662082 0.4946726 -10.895847 1.306387 43.364605 -1.300694465637207 0.24105434119701385
Cyclist 0.0 0 -1.8628590106964111 849.2689208984375 121.94766235351562 901.1563110351562 247.76295471191406 1.4678249 1.8092109 0.32995063 4.096148 0.96889937 10.905654 -1.503563642501831 0.204025536775589
Car 0.0 0 -1.4898731708526611 542.3235473632812 168.82862854003906 569.0231323242188 189.49356079101562 4.135618 1.4522657 1.6229433 -3.5658083 0.6333345 51.761703 -1.558653473854065 0.7791135907173157
Car 0.0 0 -1.1784955263137817 150.2913818359375 168.64920043945312 215.2820281982422 199.38241577148438 3.671761 1.4734465 1.5407524 -21.318672 0.906726 35.820877 -1.7153387069702148 0.3107636868953705
Car 0.0 0 -0.5280386209487915 820.2677612304688 147.60379028320312 911.0652465820312 178.13575744628906 4.2619925 1.5630172 1.6795807 13.814319 -0.12827878 37.576584 -0.1757439821958542 0.30425921082496643
