Pedestrian 0.0 0 1.0637084245681763 754.6575927734375 159.44114685058594 799.5350952148438 241.7102813720703 0.6845259 1.7496223 0.7090083 3.7155318 1.303382 15.456593 1.2996172904968262 0.24738074839115143
Pedestrian 0.0 0 2.886448860168457 55.548099517822266 166.01849365234375 98.06800079345703 235.5287322998047 0.8134944 1.8915125 0.65246725 -14.794005 1.499022 19.756649 2.243708848953247 0.17035050690174103
Pedestrian 0.0 0 -0.2340410351753235 291.5367126464844 170.37925720214844 306.729248046875 197.3566131591797 0.8011681 1.7546326 0.590646 -20.100044 1.0977006 46.45861 -0.6423684358596802 0.16143092513084412
Pedestrian 0.0 0 -2.039076805114746 479.2428894042969 166.00433349609375 488.69366455078125 185.39341735839844 0.9308754 1.8319016 0.52288663 -11.500305 0.46347162 67.32739 -2.2082557678222656 0.1583525389432907
Pedestrian 0.0 0 1.709304928779602 787.0281372070312 172.7266845703125 829.8768310546875 271.46612548828125 0.7231943 1.7564546 0.66827357 3.7156181 1.6198196 13.03837 1.9869215488433838 0.1565934270620346
Pedestrian 0.0 0 0.1466747671365738 719.0301513671875 166.70628356933594 746.0936279296875 215.1021270751953 0.835011 1.6294795 0.5967826 4.343884 1.1665853 24.217075 0.324160099029541 0.12871944904327393
Pedestrian 0.0 0 1.2078496217727661 724.4956665039062 141.7610321044922 756.370361328125 203.9644317626953 0.9287923 1.8051926 0.6410129 3.9865012 0.6825249 21.027403 1.395211935043335 0.12183133512735367
Cyclist 0.0 0 1.212342381477356 717.6375732421875 166.19140625 747.8319702148438 216.3372039794922 1.3423375 1.670633 0.58270025 4.3423996 1.1954744 24.263441 1.3894363641738892 0.18263567984104156
Cyclist 0.0 0 -0.7233954668045044 424.1311950683594 168.74012756347656 444.4298400878906 194.1022491455078 1.3587725 1.7769803 0.5817656 -12.125588 0.9543299 50.257393 -0.9601407051086426 0.17856979370117188
Car 0.0 0 -1.44187331199646 554.4091186523438 164.448974609375 577.7002563476562 181.63600158691406 3.8144825 1.465211 1.5715889 -3.377363 0.09804256 62.232254 -1.4960904121398926 0.4922295808792114
Car 0.0 0 2.4185707569122314 0.0 142.6431884765625 114.50279235839844 222.7812957763672 4.238823 1.6536034 1.7124401 -14.221126 0.8740741 16.805723 1.716282606124878 0.27131351828575134
Car 0.0 0 2.373166084289551 0.0 177.41819763183594 28.63854217529297 234.4749298095703 4.2207136 1.582721 1.6080599 -20.362314 1.4988104 21.756104 1.6208479404449463 0.19581004977226257
Car 0.0 0 1.0903708934783936 720.9793701171875 158.08941650390625 799.494873046875 199.12486267089844 3.5264986 1.4542052 1.4431705 5.807289 0.66154957 26.942694 1.3026652336120605 0.15027503669261932
Car 0.0 0 2.14770770072937 3.974356174468994 184.364990234375 114.71685028076172 227.41354370117188 3.710132 1.4824023 1.5174739 -20.403046 1.6397214 26.593 1.4932678937911987 0.14037208259105682
