Pedestrian 0.0 0 1.1651395559310913 969.036865234375 121.01720428466797 1028.940673828125 211.6415252685547 1.1520529 1.8483438 0.7198729 8.184 0.79145545 15.318012 1.6558281183242798 0.4372819662094116
Cyclist 0.0 0 1.1651395559310913 969.036865234375 121.01720428466797 1028.940673828125 211.6415252685547 1.1520529 1.8483438 0.7198729 8.184 0.79145545 15.318012 1.6558281183242798 0.21705971658229828
Car 0.0 0 1.7486419677734375 406.6502380371094 187.46939086914062 504.3663635253906 253.8915557861328 4.3024936 1.4635136 1.7701164 -3.9756546 1.8934155 19.027843 1.5426663160324097 0.9594661593437195
Car 0.0 0 1.9307873249053955 241.6471710205078 197.38507080078125 381.3921813964844 273.438720703125 4.246193 1.4406798 1.663893 -6.9541726 2.0984266 17.190388 1.5463746786117554 0.9433209300041199
Car 0.0 0 1.7122623920440674 475.73504638671875 184.93499755859375 526.6461181640625 226.2447509765625 3.525519 1.467181 1.5013739 -4.2672873 1.9731499 28.426489 1.563258409500122 0.9225974082946777
Car 0.0 0 -1.6519112586975098 631.7514038085938 178.51345825195312 666.1846923828125 207.73648071289062 3.4756649 1.4654948 1.5553766 2.0088782 1.7826184 38.62275 -1.599945306777954 0.8867576122283936
Car 0.0 0 2.3031420707702637 0.0 206.64842224121094 121.89427947998047 375.0 4.1305084 1.5824902 1.6528672 -6.55148 1.9841928 6.454851 1.5103148221969604 0.7366322875022888
Car 0.0 0 2.751197338104248 725.2039794921875 171.88031005859375 831.8168334960938 209.57115173339844 4.244904 1.6027921 1.7392906 7.368548 1.561744 31.88352 2.978318214416504 0.7148977518081665
Car 0.0 0 -0.22485345602035522 724.6141357421875 156.83450317382812 817.1744995117188 192.9904327392578 4.112086 1.7122431 1.6777772 7.718969 0.9539623 35.02239 -0.007920712232589722 0.4361155331134796
Car 0.0 0 -1.2579004764556885 641.3386840820312 176.90187072753906 697.3219604492188 210.6820526123047 3.5420365 1.4591807 1.5831674 2.7727659 1.6587576 33.569077 -1.1754887104034424 0.37609925866127014
