Pedestrian 0.0 0 1.2867220640182495 773.5958862304688 168.6324462890625 878.9561767578125 365.9510498046875 0.7299641 1.637121 0.70602536 1.8218088 1.6024535 6.3503723 1.5661011934280396 0.5624997019767761
Pedestrian 0.0 0 -0.9258328676223755 371.7493896484375 203.0234832763672 425.507568359375 299.4627380371094 0.7126461 1.7247814 0.68537873 -4.039872 2.31451 13.639124 -1.2137973308563232 0.4086579978466034
Pedestrian 0.0 0 -2.095262050628662 406.5221862792969 188.88218688964844 451.54248046875 273.6494445800781 0.6554796 1.6427348 0.64169735 -3.7168171 1.9779384 14.6122875 -2.3443422317504883 0.1854851245880127
Car 0.0 0 -1.6361215114593506 764.9580688476562 180.05615234375 824.3712158203125 229.76242065429688 4.2021837 1.454731 1.6169106 5.998352 1.7164251 23.966995 -1.3908835649490356 0.901232123374939
Car 0.0 0 -1.7661947011947632 822.769287109375 180.3031768798828 1144.2613525390625 375.0 3.5726693 1.4396614 1.5630466 2.694833 1.5231357 6.1347613 -1.352297306060791 0.8090165257453918
Car 0.0 0 -2.3921151161193848 288.4301452636719 185.98085021972656 481.34228515625 262.4672546386719 4.047673 1.4782203 1.6869406 -5.098049 1.8017691 16.131792 -2.6982080936431885 0.7827981114387512
Car 0.0 0 -1.5937492847442627 753.5154418945312 169.88352966308594 786.7185668945312 201.99606323242188 3.9347832 1.6969191 1.7069845 8.842417 1.5403085 40.22017 -1.3773417472839355 0.4276791214942932
Car 0.0 0 -0.27160483598709106 801.6334228515625 168.85064697265625 887.6143798828125 201.74209594726562 3.7767532 1.6039369 1.6783209 11.6465225 1.4090728 36.09763 0.04049062728881836 0.30333104729652405
Car 0.0 0 -2.579648971557617 576.414794921875 183.90870666503906 648.3721923828125 212.66473388671875 3.8518193 1.5441357 1.7128552 0.089268744 2.2124894 41.84379 -2.5775156021118164 0.2798427641391754
Car 0.0 0 -1.3795948028564453 613.1842651367188 178.35723876953125 639.9580688476562 197.3214874267578 3.540634 1.5297748 1.6291374 1.4122232 2.0115116 61.2085 -1.3565266132354736 0.17384952306747437
