Car 0.0 0 -1.6945946216583252 661.7185668945312 180.02407836914062 727.0257568359375 231.26602172851562 3.9409828 1.51811 1.6528631 2.662179 1.7757719 23.909151 -1.5837057828903198 0.9665242433547974
Car 0.0 0 -1.6859360933303833 641.3170776367188 177.03994750976562 680.30029296875 207.5997314453125 3.667552 1.4169649 1.5094284 2.4368808 1.6360472 35.831734 -1.618031620979309 0.9598221182823181
Car 0.0 0 3.4799904823303223 253.4523162841797 178.0142822265625 427.3006896972656 244.18614196777344 3.5668075 1.493963 1.5881901 -6.393218 1.6235269 17.239712 3.1248695850372314 0.9553191661834717
Car 0.0 0 -1.8157215118408203 695.31396484375 166.279296875 859.524658203125 287.25164794921875 4.4541674 1.7902557 1.752138 2.7006388 1.6933153 12.934829 -1.6098902225494385 0.9494332075119019
Car 0.0 0 -2.391077995300293 0.0 184.12802124023438 217.1883544921875 344.51983642578125 3.9881816 1.4764898 1.6191825 -6.6403084 1.6100357 7.642135 -3.1064469814300537 0.927959680557251
Car 0.0 0 -2.605926275253296 80.38713836669922 185.6582794189453 362.0504455566406 279.03094482421875 4.0233865 1.4508244 1.5013822 -6.543579 1.6841453 12.2823305 -3.095439910888672 0.9101831912994385
Car 0.0 0 3.6979641914367676 0.0 182.20155334472656 340.2624816894531 306.23724365234375 4.270031 1.5617791 1.6317004 -6.241082 1.7026012 10.022624 3.1410210132598877 0.9035703539848328
Car 0.0 0 -1.7572051286697388 678.32080078125 183.5369110107422 768.3375854492188 248.67059326171875 3.4254367 1.45697 1.6413548 2.745311 1.7563783 18.452295 -1.6095097064971924 0.8930600881576538
Car 0.0 0 3.517097234725952 173.3095245361328 184.041748046875 382.6142272949219 263.8013610839844 3.6168947 1.5232371 1.5064849 -6.767796 1.7671708 14.860361 3.089740037918091 0.8583104610443115
Car 0.0 0 0.29387199878692627 280.1341857910156 170.87759399414062 459.9474792480469 237.40313720703125 4.30516 1.7147293 1.6895741 -6.4195085 1.6641442 19.492043 -0.024280225858092308 0.7066074013710022
