Car 0.0 0 -2.485886812210083 822.1912231445312 184.60675048828125 1012.8988037109375 263.7585144042969 3.5755148 1.4397337 1.5709962 6.4640703 1.7264929 15.639222 -2.093946933746338 0.975453794002533
Car 0.0 0 -2.478943109512329 0.0 208.56504821777344 271.5832824707031 346.0559997558594 3.8555646 1.5083085 1.5639142 -6.6616154 2.0065832 9.206272 -3.105329990386963 0.9319076538085938
Car 0.0 0 -1.789562702178955 643.1597900390625 185.23619079589844 701.5170288085938 228.1604461669922 3.2858827 1.498285 1.5613606 2.3078237 2.0075192 27.916811 -1.7070823907852173 0.9068740010261536
Car 0.0 0 -2.292293071746826 0.0 192.29812622070312 137.7940216064453 375.0 3.8847158 1.5478384 1.6472944 -7.1981473 1.7668831 7.1700325 -3.079648017883301 0.8238047957420349
Car 0.0 0 -2.6718099117279053 185.2211456298828 191.8082275390625 395.828369140625 268.77166748046875 4.094561 1.6099684 1.6729774 -7.254767 2.0689726 16.50753 -3.0858829021453857 0.8005355000495911
Car 0.0 0 3.3843634128570557 336.2918701171875 191.77474975585938 469.3472900390625 240.71078491210938 3.9240642 1.4993087 1.5769824 -6.7506967 2.141741 23.624847 3.106034755706787 0.7963122725486755
Car 0.0 0 -1.6946051120758057 623.1029663085938 184.68792724609375 663.4158935546875 216.13821411132812 4.0214024 1.4882597 1.6122465 1.6500268 2.1420054 37.76681 -1.6509430408477783 0.7304275631904602
Car 0.0 0 3.4498918056488037 245.14923095703125 191.5508575439453 414.32745361328125 258.0421142578125 3.8064544 1.6028401 1.6033528 -7.2516146 2.1145573 18.817858 3.08207106590271 0.7130380868911743
Car 0.0 0 -2.8129985332489014 393.73809814453125 190.82330322265625 492.2530517578125 228.70150756835938 3.7700546 1.511992 1.6147755 -7.113758 2.302602 30.735348 -3.040445566177368 0.5190157294273376
Car 0.0 0 3.6355395317077637 53.789207458496094 165.15480041503906 368.1673583984375 289.9351806640625 4.078641 1.8533009 1.7679399 -6.2768583 1.7393064 11.601895 3.1396167278289795 0.5058163404464722
