Pedestrian 0.0 0 -1.936930775642395 1083.2384033203125 116.50923919677734 1129.5670166015625 200.22677612304688 0.77394307 1.7378578 0.5666029 10.668419 0.41112316 15.117111 -1.3223774433135986 0.43216297030448914
Pedestrian 0.0 0 -2.34169864654541 209.02394104003906 160.9332275390625 225.4544677734375 190.51522827148438 0.6406408 1.9380494 0.7065366 -25.637648 0.6574706 46.74879 -2.84332275390625 0.26667356491088867
Pedestrian 0.0 0 -2.1440184116363525 98.70793151855469 151.5387420654297 122.2711410522461 190.61276245117188 0.75762576 1.9992341 0.7024662 -25.639069 0.5188446 36.639633 -2.7545855045318604 0.2413932830095291
Pedestrian 0.0 0 -2.2215685844421387 898.1937255859375 144.7523651123047 945.6318969726562 197.6753692626953 1.8297508 1.7189246 0.4410058 10.657461 0.5593961 23.900848 -1.8021270036697388 0.11397697776556015
Cyclist 0.0 0 -0.11401331424713135 634.4465942382812 163.70068359375 667.3872680664062 196.1495361328125 1.7815785 1.7984374 0.5865661 2.5518692 0.8687507 39.519375 -0.04953023046255112 0.9354403614997864
Cyclist 0.0 0 0.09084425866603851 695.2294921875 158.1212158203125 731.8809814453125 193.3011932373047 1.799056 1.7655466 0.5744076 5.5118837 0.64387107 35.974194 0.24287962913513184 0.8630509972572327
Cyclist 0.0 0 -1.082231879234314 351.2239990234375 174.2854461669922 386.7745666503906 218.40147399902344 1.9950908 1.8508676 0.60010976 -10.243355 1.5916214 30.692417 -1.4043503999710083 0.786267876625061
Cyclist 0.0 0 -2.251171588897705 934.5750122070312 151.0521697998047 973.2902221679688 196.1697235107422 1.665986 1.7906038 0.47517374 14.231424 0.6233901 28.920965 -1.7938802242279053 0.34826841950416565
Cyclist 0.0 0 -2.2215685844421387 898.1937255859375 144.7523651123047 945.6318969726562 197.6753692626953 1.8297508 1.7189246 0.4410058 10.657461 0.5593961 23.900848 -1.8021270036697388 0.33267536759376526
Car 0.0 0 -1.454982042312622 496.8206787109375 174.0133514404297 544.269287109375 210.54153442382812 3.8005362 1.5293486 1.6712939 -3.718807 1.2592516 31.499203 -1.5724984407424927 0.9694607257843018
Car 0.0 0 2.4342081546783447 1060.9700927734375 124.91790771484375 1224.0 189.4131622314453 3.8348858 1.5052537 1.5807554 13.573745 0.20962986 17.370945 3.0975074768066406 0.6655441522598267
Car 0.0 0 -1.938639521598816 1010.3896484375 147.96299743652344 1062.89013671875 174.56224060058594 3.9683204 1.6888571 1.7179968 29.18946 -0.41897738 47.93398 -1.3916641473770142 0.5287981033325195
Car 0.0 0 2.656400203704834 922.3154296875 149.35374450683594 998.7943115234375 172.84906005859375 4.3378577 1.5411457 1.6812689 24.014732 -0.5259036 47.83263 3.121692419052124 0.47040435671806335
