Pedestrian 0.0 0 -1.0248050689697266 407.5789794921875 156.8555145263672 437.73895263671875 209.44203186035156 0.8964322 1.887198 0.707379 -6.897862 1.3134108 26.422197 -1.2801686525344849 0.4996860921382904
Pedestrian 0.0 0 1.8042247295379639 904.33056640625 139.32211303710938 927.8803100585938 194.2700653076172 0.6050545 1.9127499 0.64597476 10.796759 0.7458559 25.549137 2.2040505409240723 0.31743624806404114
Pedestrian 0.0 0 -0.08385312557220459 459.61376953125 166.95138549804688 471.59063720703125 201.3277130126953 0.6035227 1.9230871 0.7376675 -8.20281 1.5932397 40.799934 -0.28225770592689514 0.268557071685791
Pedestrian 0.0 0 -0.5013187527656555 457.1944580078125 158.14199829101562 476.70904541015625 200.43002319335938 0.52803415 1.80261 0.75830185 -6.2313523 1.1758399 31.21436 -0.6983594298362732 0.19944828748703003
Pedestrian 0.0 0 0.9364781379699707 709.754638671875 127.81212615966797 749.939208984375 185.67446899414062 1.5079752 1.893414 0.55188143 3.993952 0.4198791 24.404934 1.098693609237671 0.11765848845243454
Cyclist 0.0 0 0.9642441868782043 710.9197998046875 129.59776306152344 750.8861694335938 187.09658813476562 1.5256101 1.8750241 0.55614424 4.0173025 0.4648058 24.334814 1.1278531551361084 0.2675802707672119
Car 0.0 0 -1.7409842014312744 701.5383911132812 167.94631958007812 799.7059326171875 242.8065643310547 4.2012744 1.656742 1.685179 3.331087 1.5484877 18.076338 -1.558749794960022 0.9611213207244873
Car 0.0 0 1.7686132192611694 464.6135559082031 183.68170166015625 537.8588256835938 236.07562255859375 3.9586015 1.5161983 1.6306527 -3.5244436 1.90297 23.729282 1.6211639642715454 0.9500128626823425
Car 0.0 0 -1.358555555343628 554.88232421875 179.3169403076172 607.5476684570312 213.73350524902344 4.241896 1.4995795 1.65935 -1.344452 1.829036 34.50631 -1.397498369216919 0.9113519191741943
Car 0.0 0 -1.2283722162246704 681.3709716796875 176.49913024902344 744.3555908203125 212.49252319335938 3.5754743 1.414225 1.5409095 4.386638 1.5794003 30.681322 -1.0863604545593262 0.7003783583641052
Car 0.0 0 0.6374251842498779 1015.24560546875 0.0 1242.0 375.0 3.8560057 1.5799 1.6244675 3.2330596 1.3561295 2.4517136 1.559412956237793 0.5852990746498108
