Pedestrian 0.0 0 -1.1379462480545044 196.6443634033203 173.17300415039062 222.2075958251953 208.3006591796875 1.2166489 1.7180829 0.6652277 -19.975567 1.734606 35.930305 -1.6453485488891602 0.21117989718914032
Cyclist 0.0 0 2.1946234703063965 10.92512321472168 175.21380615234375 67.0628662109375 227.84970092773438 1.9031936 1.8061982 0.571764 -20.431658 1.8941184 25.80688 1.5249557495117188 0.4066636860370636
Cyclist 0.0 0 1.0447813272476196 893.2197265625 135.57440185546875 945.8787231445312 199.98391723632812 1.8264877 1.7580245 0.5338048 8.772817 0.740855 20.630486 1.4468514919281006 0.19580969214439392
Car 0.0 0 2.1520848274230957 120.32984924316406 188.24237060546875 222.7699432373047 231.84640502929688 3.5173187 1.4109724 1.5176245 -15.959778 2.0123332 26.391573 1.6081944704055786 0.923930287361145
Car 0.0 0 2.0290167331695557 275.1477966308594 172.61236572265625 331.31292724609375 204.50424194335938 4.1358743 1.9727546 1.6936134 -19.827154 1.958165 46.742683 1.6278437376022339 0.6059668660163879
Car 0.0 0 1.6669981479644775 7.208574295043945 184.4881591796875 71.59390258789062 228.0679931640625 4.230915 1.5936024 1.6855568 -23.51844 2.1107092 29.810406 0.9990413188934326 0.2539008557796478
Car 0.0 0 1.8233468532562256 378.39874267578125 178.37754821777344 406.718994140625 195.08181762695312 3.8861313 1.465956 1.5834743 -20.050804 1.9912565 66.59696 1.53090238571167 0.20817682147026062
Car 0.0 0 1.2862752676010132 842.8563842773438 190.04852294921875 888.5006713867188 216.8378143310547 3.5381875 1.4531786 1.6459049 15.244078 2.5279667 43.272778 1.6249786615371704 0.18152576684951782
Car 0.0 0 1.9681248664855957 357.65765380859375 179.09825134277344 395.92138671875 201.6162567138672 4.1052084 1.8035941 1.6207234 -19.711546 2.3508265 61.075832 1.6559394598007202 0.17734885215759277
Car 0.0 0 3.5649704933166504 124.2376480102539 172.88856506347656 223.89012145996094 206.4903564453125 3.909366 1.6277308 1.6939487 -21.7313 1.629866 36.02581 3.022190570831299 0.13205653429031372
