Pedestrian 0.0 0 3.1372017860412598 46.35736083984375 173.53517150878906 64.03351593017578 219.7078399658203 0.5470317 1.7903571 0.7085777 -21.909998 1.8179847 28.435848 2.480705499649048 0.3910734951496124
Cyclist 0.0 0 1.8894509077072144 480.3185729980469 175.89393615722656 497.17578125 202.7742919921875 1.876286 1.6593205 0.49224874 -7.7052007 1.8563805 45.720406 1.7224910259246826 0.5006359815597534
Car 0.0 0 -1.8900073766708374 762.7616577148438 171.7071533203125 984.4439697265625 318.9880065917969 3.547669 1.5431151 1.5691891 3.083293 1.5314572 9.330957 -1.5708658695220947 0.9687488079071045
Car 0.0 0 1.9778940677642822 143.39871215820312 197.8103485107422 420.340576171875 359.36517333984375 3.9358325 1.4252585 1.6156167 -3.749501 1.8036046 8.949472 1.58114755153656 0.9505753517150879
Car 0.0 0 -1.862838625907898 644.6746826171875 172.20831298828125 703.856689453125 210.2833709716797 3.4017925 1.5326229 1.5995568 2.647205 1.5069898 30.86981 -1.7772940397262573 0.9492959976196289
Car 0.0 0 -2.1749653816223145 871.2731323242188 182.5011444091797 1242.0 375.0 4.005302 1.49238 1.6145871 2.9846642 1.5760679 4.217814 -1.5591349601745605 0.897584080696106
Car 0.0 0 -3.240429401397705 772.974853515625 169.65298461914062 906.5308227539062 220.43348693847656 3.9311192 1.5441808 1.5829651 7.2055745 1.4471995 23.110651 -2.93819522857666 0.8369892835617065
Car 0.0 0 2.305950403213501 0.0 206.81983947753906 222.15184020996094 375.0 3.5565429 1.4856094 1.5367337 -3.8841398 1.7594339 4.0022573 1.535528540611267 0.8192989826202393
Car 0.0 0 -1.6893813610076904 595.5103149414062 172.5093536376953 629.7513427734375 198.9098358154297 4.117835 1.5958211 1.6871119 0.08874638 1.5753471 45.75492 -1.6874417066574097 0.6472991108894348
Car 0.0 0 2.3770456314086914 547.975341796875 174.2450408935547 595.3464965820312 192.8374481201172 3.957519 1.5027381 1.6160473 -3.2142947 1.6237986 60.610577 2.324063301086426 0.4991741180419922
Car 0.0 0 -0.27921295166015625 959.509765625 166.46804809570312 1105.4993896484375 219.0628204345703 3.5648177 1.5188284 1.4834535 12.712649 1.3347734 21.985744 0.245039701461792 0.4506734311580658
