Pedestrian 0.0 0 1.914184808731079 170.45626831054688 190.35418701171875 198.07150268554688 235.2288818359375 0.91431963 1.778914 0.7076481 -17.450706 2.5077953 29.518574 1.3802779912948608 0.15747582912445068
Pedestrian 0.0 0 1.066610336303711 1166.7442626953125 187.3457489013672 1242.0 311.60516357421875 0.9161632 1.7341018 0.6465597 8.828411 1.9595716 10.695547 1.7566654682159424 0.1459658294916153
Pedestrian 0.0 0 -0.051339149475097656 814.5618896484375 173.02919006347656 868.3631591796875 276.0005798339844 0.8767213 1.7679096 0.5422863 4.027996 1.7714565 12.759315 0.25444984436035156 0.11154250055551529
Cyclist 0.0 0 2.8465192317962646 695.6426391601562 168.1518096923828 726.5973510742188 200.07972717285156 1.6696849 1.8546723 0.69797564 5.9020066 1.5818825 42.385925 2.9848740100860596 0.14426693320274353
Cyclist 0.0 0 -1.6817376613616943 663.3609619140625 164.17628479003906 676.7920532226562 198.7975311279297 1.5650363 1.7272741 0.50954497 3.018402 1.2946955 36.78477 -1.5998653173446655 0.11923947930335999
Cyclist 0.0 0 -1.6199610233306885 711.4443359375 176.15530395507812 724.8528442382812 219.68359375 1.4749832 1.7100137 0.46174237 4.3301897 1.8475116 29.21424 -1.4728105068206787 0.10779842734336853
Car 0.0 0 1.8456411361694336 381.92864990234375 182.77549743652344 449.4380798339844 220.98806762695312 4.080288 1.4151356 1.6467043 -7.982069 1.8539684 29.8342 1.5842164754867554 0.9266527891159058
Car 0.0 0 1.698218822479248 480.1565856933594 178.52796936035156 507.97027587890625 199.64149475097656 3.6689065 1.4494551 1.5419859 -8.410151 1.8764082 52.387825 1.5390406847000122 0.6503815054893494
Car 0.0 0 2.9761996269226074 84.90138244628906 195.45062255859375 195.63978576660156 236.34771728515625 3.5273001 1.4369073 1.6182593 -18.951193 2.4051147 29.113289 2.3991594314575195 0.19101929664611816
Car 0.0 0 0.10049128532409668 627.7089233398438 176.31410217285156 690.4252319335938 200.57388305664062 3.7924125 1.47686 1.589683 3.0713837 1.6999226 45.337204 0.16813325881958008 0.11919005960226059
Car 0.0 0 2.0258843898773193 74.1102066040039 194.33944702148438 130.9521484375 222.63453674316406 3.554136 1.557265 1.4476483 -31.198366 2.9358828 44.414352 1.413523554801941 0.10530926287174225
