Pedestrian 0.0 0 1.6731159687042236 388.4447021484375 154.83944702148438 423.4430236816406 225.80677795410156 0.9798946 1.8771234 0.82299584 -5.58851 1.4009869 19.636398 1.395847201347351 0.5392791032791138
Pedestrian 0.0 0 -2.7002854347229004 462.27685546875 175.2537078857422 485.58953857421875 227.67483520507812 0.5723316 1.769014 0.6308893 -4.7103143 1.8529766 24.758041 -2.8882923126220703 0.26570650935173035
Pedestrian 0.0 0 3.0887601375579834 213.00839233398438 182.55482482910156 243.08486938476562 240.93382263183594 0.77600336 1.7342348 0.7303393 -11.756936 2.0388541 22.114973 2.6001315116882324 0.23725628852844238
Pedestrian 0.0 0 2.222327709197998 917.250732421875 109.86314392089844 970.4556884765625 212.75942993164062 0.62078565 1.8115798 0.6317591 6.017562 0.7029278 13.125275 2.6522040367126465 0.1913873851299286
Pedestrian 0.0 0 -2.113102674484253 165.26148986816406 188.9269561767578 197.6563720703125 242.81109619140625 0.69075626 1.725275 0.6572813 -14.192845 2.266445 23.822378 -2.65041184425354 0.1817358434200287
Pedestrian 0.0 0 1.9628047943115234 548.3076782226562 171.44932556152344 571.2456665039062 204.22718811035156 1.9179267 1.715335 0.5391567 -2.7206273 1.6421834 38.751858 1.8927134275436401 0.11894797533750534
Cyclist 0.0 0 1.969586730003357 548.60693359375 171.66378784179688 571.0193481445312 204.0875701904297 1.8299608 1.6976455 0.53328425 -2.7179892 1.6356862 38.727623 1.899519443511963 0.21195222437381744
Car 0.0 0 -1.5412108898162842 674.9225463867188 169.3714141845703 712.0291137695312 204.05577087402344 3.5475411 1.4634595 1.5481279 3.7402828 1.3168744 32.308487 -1.425956130027771 0.9284261465072632
Car 0.0 0 1.792470932006836 600.7474365234375 170.20831298828125 642.6101684570312 197.25413513183594 4.0382543 1.5106565 1.6151781 0.7046365 1.3632385 42.45176 1.809067964553833 0.7764948606491089
Car 0.0 0 2.4953360557556152 0.0 180.92584228515625 158.56695556640625 375.0 4.073824 1.5795294 1.6379328 -3.824669 1.6335384 2.7361188 1.5455180406570435 0.6488669514656067
Car 0.0 0 0.7904513478279114 975.3748168945312 126.76290893554688 1242.0 375.0 3.5262103 1.5087287 1.4830774 4.025929 1.3271712 4.6539726 1.5036193132400513 0.21970243752002716
Car 0.0 0 1.6696546077728271 615.7133178710938 168.7502899169922 646.541748046875 195.2271270751953 4.2461915 1.7255737 1.69343 1.4546617 1.4584807 49.236042 1.699190616607666 0.1888488084077835
