Pedestrian 0.0 0 0.5829344987869263 772.2154541015625 123.93937683105469 944.5407104492188 370.0 0.7340284 1.6196434 0.56970227 1.376241 1.3358428 4.028906 0.9120991230010986 0.7609487175941467
Pedestrian 0.0 0 1.985952615737915 469.4378662109375 147.5626678466797 493.6178894042969 197.2896270751953 0.8726121 1.8925284 0.62580943 -4.805095 0.64049476 27.40268 1.8123661279678345 0.7342385649681091
Pedestrian 0.0 0 0.3491867184638977 426.05438232421875 148.1025390625 464.07537841796875 208.2643280029297 1.044103 1.8786371 0.5728919 -5.0987206 0.86853445 22.423225 0.12560272216796875 0.4840441346168518
Pedestrian 0.0 0 1.156601905822754 633.9953002929688 143.48806762695312 663.074462890625 200.20069885253906 0.8370771 1.7367636 0.62364244 1.3265113 0.60487044 22.148378 1.216422438621521 0.467009037733078
Pedestrian 0.0 0 0.6849367618560791 924.5426025390625 153.4334716796875 1078.73974609375 370.0 0.6468129 1.616287 0.57705384 2.4785407 1.459366 4.5475407 1.1839553117752075 0.43354660272598267
Pedestrian 0.0 0 -1.744482398033142 486.5791931152344 150.62106323242188 502.4315185546875 187.29393005371094 0.75332767 1.8878195 0.6960339 -5.776547 0.35115346 36.860935 -1.8999300003051758 0.31235793232917786
Pedestrian 0.0 0 0.17934200167655945 539.6458129882812 136.84681701660156 571.6275634765625 181.61575317382812 1.2223938 1.8101971 0.5837278 -2.0386636 0.046607785 28.940636 0.10901522636413574 0.3115008771419525
Pedestrian 0.0 0 -2.5659961700439453 290.82843017578125 144.31182861328125 326.4375305175781 204.19456481933594 0.80444556 1.7764746 0.58162206 -8.969071 0.7044841 21.327532 -2.964082717895508 0.2260262668132782
Pedestrian 0.0 0 0.645515501499176 969.453857421875 179.80511474609375 1013.3012084960938 239.9897918701172 0.929154 1.7258248 0.6495291 11.341773 1.7074691 20.827318 1.144174337387085 0.2196083813905716
Pedestrian 0.0 0 -1.7233812808990479 407.95147705078125 157.9748992919922 419.0371398925781 186.9263916015625 0.5706413 1.8076478 0.5936115 -12.064004 0.40259346 44.52226 -1.9879930019378662 0.1746465116739273
Pedestrian 0.0 0 -1.6808754205703735 449.28570556640625 156.3775177001953 463.13275146484375 189.3679656982422 0.6365684 1.810767 0.6851349 -8.264342 0.4881392 39.212646 -1.8885926008224487 0.16454565525054932
Pedestrian 0.0 0 -1.8084125518798828 116.6962890625 139.63792419433594 166.3632354736328 256.8799133300781 0.60375565 1.8840415 0.5641565 -7.7631397 1.2290547 11.769245 -2.3915154933929443 0.16278475522994995
Pedestrian 0.0 0 -0.219244584441185 394.51763916015625 139.64703369140625 480.8733825683594 225.69873046875 1.5751709 1.6285164 0.57064 -3.3454955 0.8570147 13.977751 -0.45416951179504395 0.12659859657287598
Cyclist 0.0 0 -0.7086489200592041 275.98895263671875 137.10513305664062 375.2282409667969 240.30665588378906 1.7638284 1.724592 0.49413276 -5.0199513 1.0010738 12.705684 -1.0849196910858154 0.6439876556396484
Cyclist 0.0 0 -0.22026881575584412 390.205810546875 140.425048828125 484.8572998046875 226.62127685546875 1.7261356 1.6238502 0.623906 -3.3468413 0.87051415 13.97483 -0.4553321599960327 0.5814435482025146
Cyclist 0.0 0 0.2367352545261383 537.6293334960938 138.36038208007812 573.2618408203125 183.04859924316406 1.3593376 1.8068666 0.5818266 -2.05001 0.10453957 28.98225 0.16611957550048828 0.33400237560272217
Cyclist 0.0 0 0.5679901242256165 629.388427734375 154.7757568359375 671.1077880859375 202.00180053710938 1.4904231 1.7154905 0.5462449 1.6531866 0.7825749 26.33868 0.6306743621826172 0.1755332052707672
Cyclist 0.0 0 0.6245399713516235 366.6663513183594 168.32310485839844 483.27325439453125 282.4504089355469 1.703359 1.6430397 0.5720025 -2.7882113 1.4693993 10.749232 0.3707461357116699 0.16909877955913544
Cyclist 0.0 0 1.084399938583374 634.0232543945312 140.92404174804688 663.4373779296875 198.57135009765625 0.80512494 1.7621436 0.6110704 1.3304762 0.55395675 22.100733 1.1445279121398926 0.13024449348449707
