Cyclist 0.0 0 1.6028958559036255 540.0764770507812 173.97215270996094 554.5339965820312 210.4027557373047 1.754859 1.7237742 0.6470114 -3.0784163 1.7798954 35.08689 1.515383005142212 0.7887929081916809
Car 0.0 0 -0.45713090896606445 880.8997802734375 175.1976318359375 1206.6048583984375 279.6670227050781 3.9246602 1.4357177 1.5561565 6.2728124 1.474308 10.860993 0.0666208267211914 0.9551387429237366
Car 0.0 0 -2.0427730083465576 807.1188354492188 197.9956512451172 1242.0 375.0 3.5083911 1.3986096 1.5361565 2.7881546 1.6604141 5.731832 -1.59003746509552 0.9508343935012817
Car 0.0 0 0.6442477703094482 0.0 177.17727661132812 294.4853210449219 325.634765625 4.1247153 1.5119048 1.5350347 -6.02805 1.5659854 8.177312 0.009010076522827148 0.9233479499816895
Car 0.0 0 3.7061290740966797 0.0 178.621826171875 291.9429016113281 287.0039367675781 3.7127984 1.4846439 1.5026821 -6.9747825 1.5770237 10.736121 3.1299960613250732 0.9206426739692688
Car 0.0 0 -1.7017621994018555 633.7177734375 178.01065063476562 673.5349731445312 206.7004852294922 4.073608 1.4637003 1.6554918 2.3076415 1.7624103 39.65223 -1.6436307430267334 0.9140198230743408
Car 0.0 0 3.459956169128418 285.2898864746094 173.7945556640625 445.87078857421875 232.80445861816406 3.9290965 1.5796201 1.676958 -6.7930007 1.6074084 20.189653 3.135394811630249 0.9109981656074524
Car 0.0 0 3.5562429428100586 86.70586395263672 187.24273681640625 374.1263122558594 278.51251220703125 4.28243 1.4818739 1.6027373 -6.674052 1.7588665 12.937713 3.0799877643585205 0.8853551149368286
Car 0.0 0 -0.4650779664516449 835.977294921875 183.36956787109375 1084.0625 268.96221923828125 3.8295643 1.456911 1.552893 6.27768 1.6631788 13.303484 -0.024176398292183876 0.8567301630973816
Car 0.0 0 2.7234394550323486 736.2500610351562 178.2134246826172 897.9208984375 239.45492553710938 4.289338 1.7011236 1.6897385 6.0313373 1.8688071 21.381895 2.998373031616211 0.8561714887619019
Car 0.0 0 -0.31545957922935486 793.4651489257812 179.1639404296875 985.998779296875 254.1991729736328 3.7132795 1.5741018 1.5549625 6.0934005 1.7231597 16.13982 0.045534610748291016 0.8449881672859192
Car 0.0 0 -0.2529746890068054 714.0022583007812 170.64173889160156 828.623046875 219.12193298339844 3.8166018 1.7201939 1.6295208 5.8186655 1.6420556 26.48338 -0.03670094162225723 0.8213006258010864
Car 0.0 0 -2.9448933601379395 425.4105224609375 178.84423828125 520.677734375 210.9270782470703 4.1538353 1.4560418 1.6752789 -6.4242334 1.7451539 33.920948 -3.1320648193359375 0.8081797957420349
Car 0.0 0 -0.356100857257843 712.0551147460938 181.4763641357422 848.04345703125 228.59014892578125 4.146184 1.4860363 1.5804092 5.60737 1.7880142 24.188496 -0.1283048689365387 0.796408474445343
Car 0.0 0 -0.45641574263572693 782.0364990234375 178.43739318847656 942.4720458984375 241.3268585205078 3.6375117 1.5358016 1.5401497 6.460175 1.6892108 18.784796 -0.12518152594566345 0.7603073716163635
Car 0.0 0 0.9511319398880005 0.0 204.0507354736328 138.34817504882812 375.0 3.9983735 1.4794186 1.6152012 -6.3609405 1.7810105 5.906813 0.12873268127441406 0.7359775900840759
