Car 0.0 0 -1.7667608261108398 709.3833618164062 186.88192749023438 832.3671264648438 273.6239013671875 4.169763 1.4309633 1.6009754 3.0419686 1.7572191 14.668448 -1.5622775554656982 0.9633331894874573
Car 0.0 0 1.656768560409546 535.4307861328125 177.22206115722656 580.178955078125 216.1265106201172 3.7108564 1.4776957 1.5239897 -2.132341 1.6690955 29.68835 1.5850675106048584 0.9407981634140015
Car 0.0 0 -2.0434987545013428 810.9057006835938 204.0562744140625 1242.0 375.0 3.9492831 1.4262267 1.5850291 2.7699118 1.743758 5.353327 -1.5660134553909302 0.9290809631347656
Car 0.0 0 0.6175234317779541 0.0 169.81654357910156 270.17523193359375 293.6393127441406 3.6117456 1.4635527 1.5205519 -6.592492 1.4280087 9.286222 0.00016951560974121094 0.9180842041969299
Car 0.0 0 -1.718895435333252 656.3535766601562 175.6825408935547 705.7444458007812 214.73175048828125 4.1404815 1.6742793 1.6645895 3.1756282 1.8136678 33.351433 -1.6239644289016724 0.9023193120956421
Car 0.0 0 3.5922486782073975 94.09854888916016 177.2602996826172 407.4015197753906 287.650634765625 4.3473144 1.6873225 1.6851336 -5.815546 1.7658023 11.941769 3.139061450958252 0.9021911025047302
Car 0.0 0 3.305845260620117 318.43365478515625 177.75794982910156 474.87200927734375 231.7085723876953 4.1108828 1.4614375 1.6210759 -6.079809 1.6102264 20.785097 3.0212759971618652 0.8916128277778625
Car 0.0 0 0.5094012022018433 220.72003173828125 186.00491333007812 442.9119873046875 267.0562744140625 4.0090585 1.5004127 1.494598 -5.6536155 1.7876189 14.711085 0.14249348640441895 0.88264000415802
Car 0.0 0 0.7627576589584351 0.0 160.28408813476562 249.4375 356.53070068359375 4.34471 1.5537045 1.6924175 -5.9524555 1.4545451 6.6219087 0.030548810958862305 0.8287250995635986
Car 0.0 0 0.3589456081390381 274.97491455078125 178.21473693847656 450.6251525878906 241.4624481201172 3.9269974 1.5252683 1.6037463 -6.265253 1.6688001 18.405901 0.030854225158691406 0.8135160207748413
Car 0.0 0 3.183262348175049 462.5510559082031 177.11386108398438 537.9304809570312 208.24356079101562 3.69517 1.521474 1.6321316 -5.553648 1.7436235 36.552124 3.032477855682373 0.8045377135276794
