Pedestrian 0.0 0 -1.20388925075531 800.3937377929688 176.32962036132812 886.6911010742188 344.8258361816406 0.66946125 1.5915613 0.6346591 2.3092668 1.6292677 7.2911987 -0.8971647024154663 0.5688691139221191
Pedestrian 0.0 0 2.1010994911193848 876.6092529296875 127.81333923339844 1014.1854248046875 364.12567138671875 0.71053314 1.6096792 0.6671685 2.4435372 1.3032355 5.389543 2.5267646312713623 0.5525844693183899
Pedestrian 0.0 0 -1.7467398643493652 706.2633056640625 174.47544860839844 721.0879516601562 207.49339294433594 0.6727099 1.7543523 0.6792515 5.5239744 1.8425035 38.71689 -1.60502028465271 0.4844334125518799
Pedestrian 0.0 0 0.21314311027526855 981.8380126953125 97.42123413085938 1242.0 375.0 1.6245388 1.7392116 0.5626747 2.8307302 1.4332205 3.7275374 0.8626396656036377 0.10229945182800293
Cyclist 0.0 0 -2.6245739459991455 861.5465087890625 134.8886260986328 1092.3677978515625 363.0877380371094 1.7590568 1.7458508 0.5923568 3.1163533 1.4557524 6.410242 -2.1720657348632812 0.47780629992485046
Cyclist 0.0 0 0.21020638942718506 975.8893432617188 97.54722595214844 1242.0 375.0 1.699336 1.7491183 0.57363 2.835318 1.4473902 3.7230363 0.8610653877258301 0.4541208744049072
Cyclist 0.0 0 2.020812511444092 349.3288269042969 181.135009765625 370.9309387207031 213.25978088378906 1.7864965 1.8562524 0.49230495 -14.939459 2.361547 43.07747 1.6869874000549316 0.23821042478084564
Car 0.0 0 1.8625270128250122 348.2594909667969 190.81973266601562 415.3174743652344 231.34609985351562 3.8930135 1.4994301 1.6398953 -9.561741 2.3051662 30.385664 1.5576579570770264 0.9391831159591675
Car 0.0 0 -1.5096338987350464 602.0010986328125 178.8169403076172 631.7510986328125 205.41351318359375 4.099855 1.6027992 1.6725339 0.4529223 2.0050764 46.527004 -1.4998996257781982 0.7807407975196838
Car 0.0 0 3.4171011447906494 204.01670837402344 168.6768798828125 302.6615295410156 203.39822387695312 3.8474734 1.5730206 1.641016 -16.689917 1.3841377 33.842197 2.9589333534240723 0.3182869851589203
Car 0.0 0 2.04978084564209 58.633567810058594 180.4300079345703 117.36084747314453 205.4039764404297 4.1898985 1.6962092 1.7280482 -37.947945 2.2712994 52.53606 1.4242302179336548 0.2857729494571686
Car 0.0 0 0.2319069504737854 831.818115234375 174.10845947265625 1242.0 375.0 3.7062502 1.4602076 1.5341538 2.710462 1.4685247 2.588621 1.0402939319610596 0.21604177355766296
Car 0.0 0 -2.1949713230133057 272.48870849609375 190.9886932373047 347.63568115234375 222.65951538085938 4.0055933 1.5129397 1.6405455 -15.941743 2.5177798 38.215363 -2.5901787281036377 0.21084880828857422
