Pedestrian 0.0 0 -1.4043127298355103 138.92909240722656 163.1893768310547 156.18267822265625 199.10377502441406 0.79231447 1.8977195 0.6561684 -24.782078 1.3873978 38.61661 -1.9748640060424805 0.1760919839143753
Pedestrian 0.0 0 -0.08111933618783951 692.3256225585938 171.4429473876953 705.6272583007812 196.50990295410156 0.9050744 1.7927486 0.58051807 6.3705187 1.6921912 51.90906 0.04099464416503906 0.1429864466190338
Pedestrian 0.0 0 -0.21659713983535767 1033.583251953125 138.51522827148438 1074.4697265625 226.7417755126953 0.6064057 1.74703 0.523572 8.9448595 1.0674239 14.631222 0.33212924003601074 0.1263418048620224
Pedestrian 0.0 0 -0.06694523990154266 746.4923706054688 176.29234313964844 762.9086303710938 205.1541748046875 0.89459676 1.6431599 0.46392286 8.271792 1.8423417 41.432476 0.13010907173156738 0.12371165305376053
Pedestrian 0.0 0 3.7537331581115723 0.0 178.3274383544922 26.82895278930664 220.48565673828125 1.0384433 1.8942297 0.6465877 -27.399733 2.1467748 32.876827 3.0589520931243896 0.10416916012763977
Cyclist 0.0 0 -1.7662028074264526 749.158203125 176.1439208984375 761.2945556640625 205.7029266357422 1.2714179 1.6633575 0.44206637 8.288871 1.8552942 41.377758 -1.5684977769851685 0.21195060014724731
Cyclist 0.0 0 0.08296436071395874 891.0650634765625 141.9840087890625 936.384765625 204.04209899902344 1.2257415 1.8365155 0.5549426 9.163301 0.923323 21.879023 0.479586124420166 0.12674470245838165
Car 0.0 0 2.0202105045318604 237.82081604003906 191.73963928222656 305.4464111328125 226.64874267578125 3.4432814 1.488196 1.576158 -16.073328 2.4332871 34.360493 1.582665205001831 0.9397276639938354
Car 0.0 0 2.253220558166504 0.0 203.15318298339844 117.28805541992188 257.390869140625 4.0942507 1.5566989 1.8049548 -19.502562 2.6971378 25.08082 1.5922951698303223 0.7768164873123169
Car 0.0 0 1.8858747482299805 403.9693298339844 185.826171875 438.8284912109375 207.990234375 4.196574 1.751989 1.6660321 -16.097616 2.899981 61.6866 1.6306095123291016 0.47089049220085144
Car 0.0 0 0.8013662099838257 1124.57763671875 209.18080139160156 1242.0 264.8276062011719 3.646878 1.4061089 1.6921215 18.31239 2.6390822 22.589066 1.482582449913025 0.19771555066108704
Car 0.0 0 -0.6088219881057739 999.5264892578125 182.59181213378906 1068.3365478515625 202.674560546875 4.2926793 1.4872525 1.8312095 32.584343 2.2520807 55.560818 -0.07841594517230988 0.12428957968950272
Car 0.0 0 2.4019410610198975 291.238037109375 178.87217712402344 343.42706298828125 201.81565856933594 4.128283 1.8885655 1.7218487 -25.439425 2.4313354 62.795105 2.0170304775238037 0.10958348959684372
Car 0.0 0 1.5277040004730225 104.23384857177734 162.7990264892578 145.91778564453125 193.65463256835938 4.21963 1.5787275 1.6888697 -26.359404 1.0646229 39.113556 0.9346966743469238 0.10815414786338806
