Pedestrian 0.0 0 -0.40618717670440674 934.5717163085938 115.42729949951172 1034.448974609375 271.193115234375 0.92830735 1.739352 0.42085817 4.2353745 1.0984571 8.294815 0.06590843200683594 0.24452020227909088
Cyclist 0.0 0 -1.5883517265319824 764.2537841796875 163.99411010742188 802.1434936523438 282.3347473144531 1.7728182 1.8234282 0.5708444 2.8151243 1.68727 12.041556 -1.3586924076080322 0.9250957369804382
Cyclist 0.0 0 -1.6233596801757812 747.328369140625 173.58644104003906 777.75146484375 262.29339599609375 1.77582 1.7661949 0.52988815 3.164503 1.7830149 15.296265 -1.4193568229675293 0.49193042516708374
Car 0.0 0 1.881296992301941 389.34326171875 191.31500244140625 525.2753295898438 280.26763916015625 3.6722858 1.4208952 1.5540648 -2.898243 1.8341677 14.225713 1.6803148984909058 0.9653671383857727
Car 0.0 0 1.8205832242965698 609.3539428710938 179.04820251464844 657.8467407226562 210.2667999267578 3.9433537 1.5045135 1.6099482 1.2534006 1.8469688 37.728745 1.853792428970337 0.9575097560882568
Car 0.0 0 -2.8546619415283203 437.8901672363281 178.50096130371094 522.3642578125 210.7447052001953 3.5839949 1.4411482 1.5043298 -6.040647 1.711227 33.518665 -3.0329654216766357 0.8147954940795898
Car 0.0 0 -1.489941120147705 765.2926025390625 174.36941528320312 793.720703125 199.11793518066406 3.8769834 1.596108 1.5683457 11.483567 1.7034967 48.872395 -1.2591571807861328 0.380459189414978
Car 0.0 0 1.6532727479934692 658.8500366210938 179.6748504638672 686.0740356445312 202.74681091308594 4.149996 1.514613 1.5760099 4.4077716 2.016091 50.82997 1.7397723197937012 0.30295419692993164
Car 0.0 0 1.7438983917236328 636.5701293945312 180.2617950439453 674.8726806640625 210.71795654296875 3.8660684 1.6461895 1.5877767 2.6766062 2.0996685 42.0671 1.8074398040771484 0.2984634339809418
Car 0.0 0 -0.18602105975151062 830.6470947265625 159.4803924560547 907.784423828125 187.98580932617188 4.0898223 1.6596985 1.7477597 15.420779 0.881392 43.190754 0.15691065788269043 0.23065924644470215
