Pedestrian 0.0 0 -1.1998498439788818 290.44476318359375 168.60186767578125 361.4729919433594 299.8474426269531 0.9277443 1.7372291 0.6298245 -3.8469079 1.5678313 9.970336 -1.5680859088897705 0.8083401918411255
Pedestrian 0.0 0 -1.2486658096313477 398.4020690917969 186.65513610839844 461.42974853515625 291.138427734375 0.8905327 1.685477 0.79498357 -2.9163208 1.7771064 12.109959 -1.4849860668182373 0.659386157989502
Pedestrian 0.0 0 1.273303508758545 798.3474731445312 154.72190856933594 841.2860107421875 232.6457977294922 0.945027 1.7387073 0.6940464 4.9671044 1.1424279 16.499792 1.5657144784927368 0.6474266052246094
Pedestrian 0.0 0 2.233384370803833 716.8833618164062 160.50704956054688 778.5407104492188 271.1323547363281 0.74347466 1.7349436 0.6756283 2.352375 1.4070079 11.761623 2.430783987045288 0.5424834489822388
Pedestrian 0.0 0 3.4125068187713623 234.3238067626953 160.8687286376953 297.2223205566406 283.4192199707031 0.71344155 1.8519385 0.7905845 -5.3060203 1.5414712 11.301983 2.97357439994812 0.46841567754745483
Pedestrian 0.0 0 -0.18488258123397827 773.3346557617188 148.78781127929688 884.7781982421875 321.0544128417969 1.0264548 1.7493044 0.66231495 2.3553905 1.4184896 7.6786137 0.11275243759155273 0.4188636839389801
Pedestrian 0.0 0 0.2292451113462448 278.07818603515625 168.97328186035156 327.0522155761719 272.53607177734375 0.70894176 1.8232155 0.5659183 -5.431531 1.6039579 12.981572 -0.16702471673488617 0.4014278054237366
Pedestrian 0.0 0 0.1463492214679718 550.1414794921875 170.7194366455078 565.5772705078125 198.31704711914062 0.9326332 1.7871331 0.566384 -2.8303316 1.0897177 46.836674 0.08599281311035156 0.34552001953125
Pedestrian 0.0 0 -2.5645360946655273 480.18499755859375 163.04342651367188 502.9153137207031 206.56948852539062 0.7353564 1.9490762 0.74384415 -5.0048666 1.1235423 32.65451 -2.7166197299957275 0.34485599398612976
Pedestrian 0.0 0 -2.5971908569335938 473.59375 170.6815185546875 498.248291015625 210.24468994140625 0.9387752 1.8219287 0.6456473 -5.404793 1.3246529 33.552914 -2.756901502609253 0.3223423361778259
Pedestrian 0.0 0 -2.8179426193237305 522.5354614257812 174.46371459960938 544.7852172851562 213.59934997558594 0.8448396 1.7542397 0.645646 -3.0855992 1.4397836 32.606865 -2.912292003631592 0.23994660377502441
Pedestrian 0.0 0 0.6177314519882202 446.1483154296875 150.01568603515625 469.58843994140625 194.28953552246094 0.80881673 1.8415437 0.53529304 -6.0677376 0.53295475 30.285383 0.4199974536895752 0.21831631660461426
Pedestrian 0.0 0 -1.3007102012634277 709.9243774414062 179.34080505371094 750.6805419921875 258.3600158691406 0.9434533 1.667886 0.6523857 2.7928555 1.6235425 15.725807 -1.124945878982544 0.20870737731456757
Cyclist 0.0 0 -1.9586124420166016 870.3426513671875 151.99327087402344 929.2310180664062 262.2601623535156 1.6390731 1.7596489 0.32478306 5.026075 1.2900726 12.280287 -1.5701318979263306 0.2543369233608246
Cyclist 0.0 0 1.8491326570510864 719.8867797851562 160.09063720703125 774.4822387695312 273.5088195800781 0.8683677 1.7735769 0.66629344 2.3546693 1.4400865 11.768903 2.046600818634033 0.14881166815757751
Cyclist 0.0 0 1.2883014678955078 797.8624267578125 154.3096160888672 841.427001953125 233.4502716064453 1.003393 1.7609874 0.7013798 4.957809 1.1571822 16.486364 1.5804202556610107 0.12714287638664246
Car 0.0 0 -1.6875640153884888 648.0189208984375 163.9982147216797 698.5706176757812 207.93331909179688 3.5420954 1.7017527 1.658309 2.88375 1.0248673 29.60791 -1.5904723405838013 0.43953922390937805
Car 0.0 0 2.562347412109375 0.0 0.0 1238.0 374.0 4.270983 1.598625 1.6548084 -2.6704776 1.213228 1.45292 1.489828109741211 0.26160940527915955
