Pedestrian 0.0 0 2.65873384475708 642.7728271484375 166.2296142578125 691.5589599609375 212.48452758789062 1.6694002 1.6558876 0.65776503 2.0537431 1.4190979 26.459122 2.7361979484558105 0.1594010442495346
Pedestrian 0.0 0 -2.345938205718994 659.1375122070312 165.15805053710938 708.4149169921875 220.06219482421875 1.8548151 1.8211216 0.53973603 2.4747057 1.5662118 24.822403 -2.246570110321045 0.10361500084400177
Cyclist 0.0 0 2.65873384475708 642.7728271484375 166.2296142578125 691.5589599609375 212.48452758789062 1.6694002 1.6558876 0.65776503 2.0537431 1.4190979 26.459122 2.7361979484558105 0.47623711824417114
Cyclist 0.0 0 -1.8611645698547363 642.2852783203125 174.2699737548828 665.6094360351562 216.1755828857422 1.6359208 1.5924127 0.46120843 1.6706458 1.6500227 28.322115 -1.8022454977035522 0.4663381278514862
Cyclist 0.0 0 -2.5442891120910645 657.1260375976562 164.49351501464844 710.577880859375 218.30618286132812 1.8286967 1.7949322 0.56739247 2.4873447 1.5164243 24.868748 -2.4446017742156982 0.4374710023403168
Car 0.0 0 -1.4320805072784424 448.25714111328125 177.25753784179688 535.1237182617188 249.34127807617188 3.999684 1.6504942 1.6831149 -3.006931 1.7777938 18.780882 -1.5908390283584595 0.9573243260383606
Car 0.0 0 2.141988754272461 0.0 198.1104278564453 202.43048095703125 294.792236328125 4.197876 1.4134517 1.6210406 -9.76374 1.9713936 13.793465 1.5260120630264282 0.9462490677833557
Car 0.0 0 1.9076672792434692 295.732421875 188.27366638183594 363.40423583984375 224.87942504882812 3.963979 1.4846408 1.6625929 -12.757023 2.2323527 32.96056 1.5383838415145874 0.8893302083015442
Car 0.0 0 1.7713117599487305 427.91827392578125 183.9519500732422 468.17291259765625 211.95050048828125 4.5404153 1.7147443 1.7596943 -10.805606 2.4930263 48.28727 1.5511611700057983 0.6503021717071533
Car 0.0 0 1.5924663543701172 585.1808471679688 175.69342041015625 611.6503295898438 200.08616638183594 3.9041123 1.5010812 1.6349541 -0.74714935 1.6933643 46.811485 1.5765068531036377 0.5668439865112305
Car 0.0 0 1.5311731100082397 518.592529296875 178.4378204345703 538.35986328125 196.40081787109375 3.745812 1.4651487 1.537033 -7.055801 1.9608821 62.041042 1.4179316759109497 0.35742253065109253
Car 0.0 0 -0.8730056881904602 0.0 185.8265380859375 118.93340301513672 375.0 4.193181 1.4563597 1.594911 -7.06532 1.6251922 7.216116 -1.6478453874588013 0.3060268461704254
