Pedestrian 0.0 0 1.8276736736297607 856.4939575195312 164.264892578125 878.598388671875 209.38259887695312 0.762472 1.8374766 0.69234174 10.6311865 1.4880321 29.892813 2.1693673133850098 0.5369746088981628
Pedestrian 0.0 0 -1.8930600881576538 659.6769409179688 177.94631958007812 673.8781127929688 208.89804077148438 0.6394043 1.6338996 0.58413553 2.9984174 1.9093368 38.592567 -1.8155217170715332 0.17156711220741272
Pedestrian 0.0 0 -0.7953450679779053 0.0 168.6233673095703 82.40206146240234 294.5080871582031 0.94596833 1.7937773 0.5635185 -8.587747 1.7338512 10.778081 -1.4681187868118286 0.1657709777355194
Pedestrian 0.0 0 -1.3754959106445312 352.3740539550781 167.55972290039062 368.46331787109375 211.46876525878906 0.47883716 1.8679048 0.5713294 -10.750813 1.6430422 30.968351 -1.7096338272094727 0.14657936990261078
Cyclist 0.0 0 -1.471331000328064 1123.0931396484375 156.16578674316406 1152.8497314453125 227.80430603027344 1.6640738 1.6451925 0.41630542 12.64095 1.2623025 17.326426 -0.8410296440124512 0.45612832903862
Car 0.0 0 1.8215008974075317 378.2818908691406 188.53318786621094 540.3821411132812 298.3901672363281 3.920888 1.4349526 1.6781834 -2.3444872 1.7397178 12.000101 1.6285589933395386 0.9722945094108582
Car 0.0 0 1.7216005325317383 564.026611328125 180.83773803710938 618.1615600585938 221.84762573242188 3.7587025 1.479361 1.6098112 -0.72965807 1.8196759 28.75595 1.6962318420410156 0.9316363334655762
Car 0.0 0 -1.7509636878967285 722.523193359375 185.66265869140625 758.5657958984375 214.73904418945312 3.332779 1.4744818 1.370108 7.110663 2.209706 39.72532 -1.5738437175750732 0.26122915744781494
Car 0.0 0 2.1768593788146973 418.0292663574219 185.34405517578125 482.3224792480469 213.55059814453125 4.0596256 1.4502604 1.5464689 -9.088492 2.201269 41.19012 1.9596917629241943 0.11556138098239899
Car 0.0 0 -1.3156936168670654 1080.8592529296875 0.0 1242.0 375.0 4.1326933 1.5534974 1.6361771 3.7000575 1.1345646 2.1270795 -0.26663944125175476 0.1155463308095932
