Pedestrian 0.0 0 1.0882419347763062 1204.031494140625 119.3501968383789 1242.0 213.44911193847656 0.5990548 1.8371899 0.6096082 12.370123 0.792938 14.444703 1.7964270114898682 0.4541950225830078
Pedestrian 0.0 0 -2.0579781532287598 1047.9481201171875 130.9939727783203 1086.29541015625 200.4268341064453 0.770577 1.9415709 0.6362807 12.983118 0.77138525 20.582026 -1.4952197074890137 0.14639948308467865
Pedestrian 0.0 0 -2.154611110687256 934.0291137695312 157.03262329101562 958.5914306640625 201.93212890625 0.68491983 1.884639 0.6812241 14.251873 1.2209009 30.672705 -1.719646692276001 0.14030399918556213
Cyclist 0.0 0 1.9545717239379883 108.47460174560547 189.90869140625 129.70184326171875 218.94668579101562 1.3410369 1.5923592 0.5383055 -27.99847 2.5814033 41.1135 1.3567086458206177 0.3498591184616089
Car 0.0 0 2.051852226257324 185.5495147705078 187.75205993652344 283.5288391113281 235.98989868164062 3.5970008 1.5083256 1.5798284 -13.178816 2.0718844 25.472677 1.5744048357009888 0.9562239050865173
Car 0.0 0 2.0151255130767822 401.7231750488281 180.80958557128906 439.7318420410156 199.68153381347656 3.694502 1.4504031 1.5758997 -15.474983 2.1236916 59.067204 1.7588948011398315 0.6345874071121216
Car 0.0 0 1.7516292333602905 752.9852905273438 176.7581787109375 785.72900390625 197.4116668701172 4.5106573 1.458408 1.6201286 11.994343 1.765245 54.244972 1.9692422151565552 0.15909790992736816
Car 0.0 0 2.275371551513672 362.10400390625 184.14984130859375 407.8679504394531 202.3697967529297 3.8048112 1.4186696 1.5990263 -18.938961 2.4032261 60.80087 1.9734055995941162 0.15289102494716644
Car 0.0 0 1.6227872371673584 724.0160522460938 176.9359893798828 751.3363037109375 198.10195922851562 4.7099123 1.4631327 1.7474173 9.449128 1.7792888 53.32694 1.7981593608856201 0.13579368591308594
Car 0.0 0 2.101328134536743 335.9804382324219 187.48934936523438 386.8007507324219 210.24295043945312 4.407076 1.4926873 1.4763042 -18.08288 2.606882 52.60445 1.7702302932739258 0.11962126940488815
