Pedestrian 0.0 0 2.073941230773926 129.66587829589844 177.6504364013672 152.31341552734375 214.67227172851562 0.94635177 1.9485528 0.63957345 -25.119204 2.2087998 38.597446 1.4970040321350098 0.22873711585998535
Pedestrian 0.0 0 1.4263668060302734 830.168212890625 176.6158905029297 857.7061767578125 238.0531768798828 0.57344055 1.6164604 0.62525284 6.2224174 1.7194991 19.357014 1.7373894453048706 0.15096275508403778
Pedestrian 0.0 0 1.5211920738220215 836.2301025390625 156.8292236328125 870.678955078125 230.18460083007812 1.0114999 1.7530726 0.75374144 5.953741 1.3704649 17.82938 1.8434783220291138 0.1262342780828476
Pedestrian 0.0 0 -1.789766788482666 1216.9141845703125 134.3679962158203 1242.0 196.53182983398438 0.6159394 1.9671946 0.6764699 20.038662 0.74965096 23.261786 -1.0786678791046143 0.11607566475868225
Pedestrian 0.0 0 1.3318297863006592 1021.2579345703125 151.44569396972656 1054.4110107421875 211.5865478515625 0.90788686 1.7846823 0.6694245 12.952512 1.1497478 21.940437 1.8651225566864014 0.10687664896249771
Cyclist 0.0 0 1.2660624980926514 1081.6236572265625 172.83013916015625 1126.9278564453125 242.98275756835938 1.3592521 1.6113143 0.5076416 11.776802 1.6111242 17.29401 1.8639060258865356 0.17892670631408691
Cyclist 0.0 0 -0.8251760601997375 112.25657653808594 176.3896026611328 147.72923278808594 217.2297821044922 1.4816917 1.8086196 0.46375257 -21.879427 1.9737327 32.851883 -1.4127185344696045 0.17281122505664825
Car 0.0 0 -1.5974551439285278 588.3344116210938 180.18206787109375 618.228759765625 208.8325958251953 4.0773954 1.5575907 1.6369047 -0.46990114 2.009094 42.349873 -1.6085504293441772 0.6946825981140137
Car 0.0 0 0.025937974452972412 1069.64697265625 182.1802520751953 1225.7734375 229.66726684570312 3.8261647 1.3278365 1.5521387 16.73889 1.6442815 22.663546 0.6620914936065674 0.18928126990795135
Car 0.0 0 -1.3633196353912354 350.51568603515625 186.85496520996094 430.34027099609375 243.646484375 3.6227975 1.5024021 1.5989016 -6.6026354 1.9637645 21.881968 -1.656370759010315 0.16776661574840546
Car 0.0 0 1.5088647603988647 677.0773315429688 179.28399658203125 703.970703125 202.7936553955078 3.5401242 1.540266 1.6322342 5.5246935 2.002913 50.06546 1.6187695264816284 0.10262823849916458
