Car 0.0 0 1.9900116920471191 209.06532287597656 195.2808380126953 391.6434326171875 293.0646667480469 4.084797 1.4927206 1.7121712 -5.8147993 1.9931749 14.022763 1.5969243049621582 0.9483696222305298
Car 0.0 0 1.8096646070480347 398.4421081542969 188.3802032470703 472.6157531738281 238.56088256835938 3.7331202 1.4742295 1.5778284 -5.8066845 2.036066 24.221056 1.5743682384490967 0.9296636581420898
Car 0.0 0 1.8735250234603882 336.7633056640625 191.80697631835938 440.88433837890625 256.8205871582031 3.8112702 1.467082 1.5892974 -5.83045 2.0249302 19.307781 1.5802581310272217 0.9229754209518433
Car 0.0 0 1.7776886224746704 442.332763671875 186.0902557373047 499.2510986328125 224.6102294921875 3.8113995 1.4357524 1.5834564 -5.7802577 2.024072 30.12916 1.5881423950195312 0.9132575988769531
Car 0.0 0 -3.431675434112549 804.9893188476562 152.88304138183594 941.001953125 199.62698364257812 4.318665 1.6259392 1.6457094 9.358179 0.9316285 26.035452 -3.086615800857544 0.8688059449195862
Car 0.0 0 1.7585606575012207 481.07452392578125 183.0962677001953 526.3892822265625 216.3927001953125 4.0246797 1.5892057 1.6222401 -5.533236 2.1543248 37.738266 1.6129766702651978 0.8069039583206177
Car 0.0 0 -1.7159537076950073 664.02490234375 175.09352111816406 714.0870971679688 211.60415649414062 4.123855 1.5061163 1.6198778 3.4079323 1.6126428 32.110657 -1.6102186441421509 0.7780415415763855
Car 0.0 0 -0.4350544512271881 806.453369140625 157.3804168701172 913.7115478515625 196.989501953125 3.7287004 1.520025 1.5210522 9.84215 0.9265741 28.636728 -0.10401228815317154 0.5448334813117981
Car 0.0 0 -0.6973960399627686 771.0712890625 166.55169677734375 869.121337890625 202.29107666015625 4.028189 1.4842489 1.5954345 9.139273 1.222873 31.504707 -0.41505348682403564 0.5034409761428833
Car 0.0 0 1.6916462182998657 504.6614074707031 184.36671447753906 537.2428588867188 211.75424194335938 3.5922725 1.5336959 1.5388898 -5.387569 2.2602365 43.711918 1.569012999534607 0.4438382089138031
