Car 0.0 0 -1.6973204612731934 676.4227905273438 182.5583953857422 763.0108032226562 248.52650451660156 4.353269 1.4478035 1.6373571 2.6589065 1.7286774 18.665438 -1.5558216571807861 0.9647844433784485
Car 0.0 0 0.4352218210697174 17.408672332763672 178.43936157226562 375.8673095703125 294.50555419921875 4.3068337 1.5436708 1.6656243 -5.9247966 1.6342903 10.673021 -0.07154301553964615 0.9417744278907776
Car 0.0 0 -0.16301840543746948 751.0245971679688 180.23265075683594 866.8902587890625 227.75772094726562 3.4314783 1.4703124 1.6084627 6.3834405 1.7219485 23.59562 0.10119199752807617 0.9388094544410706
Car 0.0 0 0.1801207959651947 317.1354064941406 180.01893615722656 481.55499267578125 238.2860107421875 4.144776 1.5111903 1.6311058 -5.7659044 1.7201227 19.981573 -0.10080882906913757 0.8774794340133667
Car 0.0 0 3.457122564315796 214.08876037597656 171.05300903320312 393.039306640625 233.62721252441406 3.7376425 1.4461155 1.4712092 -7.3981047 1.4048519 17.560642 3.0583994388580322 0.8637556433677673
Car 0.0 0 0.4858120381832123 179.21682739257812 176.3673095703125 400.5952453613281 251.538330078125 4.0592194 1.4923278 1.5084982 -6.746056 1.5715613 15.300688 0.07055234909057617 0.8575897216796875
Car 0.0 0 3.517759084701538 63.30052947998047 174.54193115234375 332.14459228515625 264.13092041015625 3.9093277 1.4792432 1.5311846 -7.2746325 1.512341 12.971005 3.0066330432891846 0.7922234535217285
Car 0.0 0 -2.406567335128784 891.7545166015625 0.0 1242.0 375.0 3.7802727 1.8078886 1.5851887 2.7180862 1.3535833 2.8773763 -1.6496292352676392 0.736369788646698
Car 0.0 0 -0.22636285424232483 742.7692260742188 177.6199188232422 849.5203247070312 218.82801818847656 3.7240489 1.5327337 1.6110954 7.08732 1.7228489 27.878227 0.02258753776550293 0.7300199270248413
Car 0.0 0 3.8819193840026855 0.0 178.30389404296875 121.94629669189453 375.0 4.032249 1.5124136 1.5950314 -6.0966587 1.5591342 5.07063 3.0049004554748535 0.722750723361969
Car 0.0 0 -0.1394578069448471 667.8259887695312 177.56500244140625 729.0054931640625 201.62042236328125 3.7962315 1.5426649 1.6976389 5.7556086 1.8589499 47.500145 -0.018875321373343468 0.708584189414978
Car 0.0 0 3.2574448585510254 421.6023254394531 176.7368927001953 521.048095703125 211.61648559570312 4.244419 1.5159199 1.6441475 -6.2289276 1.696698 32.54863 3.0683581829071045 0.6498814821243286
