Pedestrian 0.0 0 2.530644416809082 993.2658081054688 121.56143188476562 1061.69921875 247.38897705078125 0.7267741 1.6995304 0.37679192 5.779672 0.9051285 9.760564 3.0652685165405273 0.5035894513130188
Pedestrian 0.0 0 -0.19341276586055756 509.4235534667969 164.74107360839844 520.473388671875 186.86190795898438 0.862507 1.8921685 0.50369704 -7.7327423 0.5453793 60.849163 -0.3198157250881195 0.27798187732696533
Pedestrian 0.0 0 -0.7801647186279297 985.8304443359375 151.1873016357422 1030.650146484375 218.2355499267578 0.83530045 1.6828736 0.575296 10.299274 0.9487352 18.128063 -0.2635013163089752 0.25377601385116577
Pedestrian 0.0 0 -0.8337178230285645 274.88909912109375 179.44851684570312 319.15460205078125 259.96978759765625 0.5959948 1.606604 0.58241814 -6.3440886 1.5872525 14.477662 -1.2467143535614014 0.1980133205652237
Pedestrian 0.0 0 -0.00850708782672882 768.3681640625 157.83619689941406 799.1000366210938 189.25965881347656 1.6977015 1.7820534 0.48755807 10.2321205 0.4981537 40.53008 0.2387831211090088 0.14864085614681244
Pedestrian 0.0 0 1.1339565515518188 876.781494140625 158.6826629638672 906.832763671875 196.35516357421875 1.9439771 1.73254 0.54447144 13.5523815 0.7306282 33.496788 1.51841139793396 0.10714079439640045
Cyclist 0.0 0 1.157626986503601 877.6976318359375 158.88194274902344 906.6946411132812 196.67364501953125 1.9282925 1.737243 0.53935415 13.560077 0.7449414 33.468678 1.5425713062286377 0.3890887498855591
Cyclist 0.0 0 -0.04953637719154358 771.01025390625 157.8436279296875 799.6460571289062 190.045166015625 1.5652462 1.827065 0.526069 10.320739 0.54296374 40.525047 0.19983792304992676 0.35061922669410706
Cyclist 0.0 0 -2.0546789169311523 982.7666015625 150.33126831054688 1035.1104736328125 218.65345764160156 1.5370815 1.6823143 0.50753564 10.324261 0.9410592 18.181265 -1.5382335186004639 0.26304692029953003
Car 0.0 0 0.3710673451423645 566.1622314453125 170.69207763671875 698.8110961914062 212.68740844726562 4.452784 1.4090704 1.6742315 0.94812906 1.0815231 25.371155 0.4084203243255615 0.9114823341369629
Car 0.0 0 -0.8175416588783264 0.0 204.4926300048828 297.1722717285156 370.0 3.9933999 1.4552473 1.6164368 -3.1956651 1.6395893 3.3766816 -1.5754046440124512 0.8443002700805664
Car 0.0 0 1.816785454750061 341.0028991699219 179.75387573242188 386.7817077636719 205.93515014648438 4.5057755 1.6058191 1.7552567 -15.504373 1.5614108 45.67833 1.4895623922348022 0.8160191178321838
Car 0.0 0 1.6859321594238281 451.32867431640625 172.13824462890625 480.55645751953125 194.24949645996094 4.1066136 1.5616182 1.6520334 -10.185473 0.9723594 52.042225 1.4926596879959106 0.7620814442634583
