Car 0.0 0 -1.6806138753890991 673.6359252929688 180.02618408203125 742.5389404296875 235.8636016845703 3.9831505 1.474435 1.5875944 2.790405 1.7091869 21.57162 -1.5519728660583496 0.9595637321472168
Car 0.0 0 1.9825506210327148 219.0596466064453 196.62950134277344 375.1544494628906 282.5644836425781 3.6348665 1.4273142 1.6006829 -6.282026 1.976192 14.817759 1.5815675258636475 0.9514186978340149
Car 0.0 0 -0.5090196132659912 892.4976806640625 164.0585174560547 1164.0924072265625 248.14950561523438 4.4068995 1.5750921 1.7351084 8.128017 1.4107035 14.391047 0.005112886428833008 0.938513994216919
Car 0.0 0 2.220189094543457 0.0 212.1746063232422 315.9533386230469 375.0 3.5484166 1.4589236 1.558885 -3.851196 1.8569452 5.4920025 1.608633279800415 0.936539351940155
Car 0.0 0 -1.32722008228302 398.28936767578125 186.2855987548828 471.4972229003906 235.47833251953125 4.042553 1.5620911 1.6365381 -6.262861 2.0850546 26.043898 -1.563212513923645 0.9138229489326477
Car 0.0 0 1.7615915536880493 467.0459289550781 182.1280517578125 512.4486694335938 214.52671813964844 3.9466372 1.5293727 1.5891656 -6.1746817 2.033426 37.192104 1.5970708131790161 0.8402853608131409
Car 0.0 0 2.7540481090545654 783.98193359375 162.14859008789062 935.911376953125 217.41473388671875 4.3973775 1.7441486 1.738786 8.110259 1.4066534 23.765139 3.0829219818115234 0.7978187799453735
Car 0.0 0 -0.8338930606842041 1146.958251953125 148.20497131347656 1242.0 190.2168426513672 4.1861024 1.5070595 1.6753635 22.641413 0.6232017 26.99407 -0.1359635442495346 0.6095920205116272
Car 0.0 0 -0.6901025772094727 1195.695068359375 136.00857543945312 1242.0 184.0841064453125 4.2189417 1.5276731 1.6411638 22.153679 0.35721177 23.866867 0.05808615684509277 0.5196859836578369
Car 0.0 0 -0.5458312034606934 1089.4891357421875 147.9020538330078 1228.276611328125 187.01158142089844 4.3637047 1.5684 1.6602478 22.665945 0.56811607 29.979893 0.10152316093444824 0.5003539323806763
