Pedestrian 0.0 0 2.1587767601013184 1132.110595703125 172.8878173828125 1186.738037109375 251.75074768066406 0.76033413 1.6088284 0.5885567 11.458934 1.6099137 15.119919 2.807295799255371 0.32365381717681885
Pedestrian 0.0 0 -1.8165572881698608 956.6705322265625 182.1051483154297 992.787841796875 245.30845642089844 1.0720338 1.8124986 0.7172258 10.790624 2.095832 21.4664 -1.3507719039916992 0.2970362603664398
Pedestrian 0.0 0 -1.848404884338379 1089.5770263671875 137.8487548828125 1121.0833740234375 192.3697509765625 0.7979054 1.8795801 0.72081566 17.3593 0.6731521 25.364483 -1.248229742050171 0.2542440593242645
Pedestrian 0.0 0 -1.145064115524292 1057.2901611328125 162.14950561523438 1088.8233642578125 216.620849609375 0.7066938 1.8398576 0.6835153 15.901193 1.4786541 24.847399 -0.5757835507392883 0.2532319128513336
Pedestrian 0.0 0 1.0801451206207275 970.5608520507812 175.83041381835938 996.184326171875 222.21646118164062 0.7012484 1.7183609 0.5945252 13.9893 1.8320957 27.126915 1.556272268295288 0.21030902862548828
Pedestrian 0.0 0 -0.5255527496337891 983.95361328125 171.54266357421875 1009.5270385742188 216.29367065429688 0.74718964 1.8712343 0.6090569 16.294977 1.8167596 30.485188 -0.03467107191681862 0.19180117547512054
Pedestrian 0.0 0 -0.5120157599449158 698.2255249023438 148.95285034179688 713.7018432617188 185.41000366210938 0.53758854 1.9452249 0.731934 5.140116 0.6703013 38.9356 -0.3807589113712311 0.16323502361774445
Pedestrian 0.0 0 -1.535462737083435 705.8585815429688 151.289306640625 719.229736328125 184.41258239746094 0.885726 1.9037365 0.7402703 5.934045 0.6646787 41.967888 -1.3949990272521973 0.1213817298412323
Pedestrian 0.0 0 -1.7506961822509766 1028.3115234375 161.64674377441406 1053.428955078125 212.46107482910156 1.6252228 1.6703966 0.4468769 14.605643 1.3023436 24.55552 -1.2141083478927612 0.10096020251512527
Cyclist 0.0 0 -1.7508739233016968 1027.9058837890625 160.84524536132812 1052.4417724609375 212.37545776367188 1.5893172 1.6977308 0.43731824 14.603357 1.3024445 24.590315 -1.2149767875671387 0.3447779715061188
Cyclist 0.0 0 1.3370850086212158 1140.7801513671875 171.39112854003906 1185.044189453125 252.08033752441406 0.74924296 1.6272005 0.57082856 11.436538 1.5980577 15.006154 1.98829984664917 0.17039431631565094
Cyclist 0.0 0 -0.4868677854537964 1068.2637939453125 169.70834350585938 1099.359130859375 196.0113983154297 1.7103623 1.8235929 0.6512177 33.07703 1.6058613 50.425686 0.09368300437927246 0.11976846307516098
Car 0.0 0 -1.68119215965271 816.58935546875 184.63209533691406 877.075927734375 231.1295166015625 4.1215734 1.4907825 1.6399863 8.537773 1.9581062 26.420553 -1.3686354160308838 0.9412412047386169
Car 0.0 0 -2.0560801029205322 990.444091796875 198.7624053955078 1242.0 375.0 3.9662604 1.5082601 1.6462421 3.5199754 1.7290117 4.015001 -1.3362847566604614 0.8539021015167236
