Pedestrian 0.0 0 -1.7616175413131714 959.2843017578125 165.54736328125 976.49609375 201.96160888671875 0.6609044 1.8134367 0.662321 17.982141 1.4499227 36.3365 -1.302075743675232 0.5349621772766113
Car 0.0 0 -1.7171162366867065 687.6497192382812 186.43626403808594 774.4876708984375 247.64064025878906 3.8835466 1.3916547 1.7013432 3.0600762 1.790618 19.221073 -1.559237003326416 0.9796242713928223
Car 0.0 0 -1.6720415353775024 671.2646484375 182.5076446533203 732.2142333984375 231.60543823242188 4.2168217 1.5111059 1.6676409 3.0656593 1.8766091 25.164509 -1.550814151763916 0.9484400749206543
Car 0.0 0 1.7767878770828247 478.4469909667969 184.53143310546875 528.8453369140625 223.4665069580078 3.8345327 1.714406 1.6631626 -5.119591 2.311586 34.91034 1.6311761140823364 0.9362781047821045
Car 0.0 0 2.3414840698242188 0.0 227.8434600830078 174.2372283935547 375.0 4.1099443 1.4537786 1.667786 -4.977156 1.9785961 4.7974486 1.5377027988433838 0.8477074503898621
Car 0.0 0 -2.9416911602020264 969.0723266601562 171.11944580078125 1152.409423828125 237.26548767089844 3.6775858 1.4992663 1.624382 11.239024 1.460309 18.201715 -2.3885245323181152 0.7875866889953613
Car 0.0 0 -2.366079807281494 945.8027954101562 203.47413635253906 1242.0 375.0 3.917864 1.5049448 1.6320156 3.5426512 1.7535572 3.8489625 -1.6220982074737549 0.776763916015625
Car 0.0 0 -2.8305485248565674 853.9354248046875 177.39456176757812 1002.3638305664062 229.45704650878906 4.3166146 1.6047897 1.7608347 10.764079 1.7736683 24.68954 -2.419416904449463 0.7747441530227661
Car 0.0 0 0.33417022228240967 270.8703308105469 187.7965087890625 364.3590393066406 218.5443878173828 4.4103208 1.5937134 1.6776253 -15.887248 2.4269507 39.26637 -0.05029699206352234 0.7657978534698486
Car 0.0 0 1.729027271270752 500.5923767089844 182.28286743164062 541.5524291992188 214.99070739746094 4.085093 1.6765487 1.6450375 -4.9388456 2.229942 40.246994 1.606924295425415 0.6059653759002686
Car 0.0 0 -1.6124470233917236 657.05615234375 179.72828674316406 681.39111328125 202.1997833251953 3.6756973 1.5664666 1.6340678 4.3168187 2.092518 53.306564 -1.5316423177719116 0.5292019844055176
