Pedestrian 0.0 0 -2.062235116958618 639.2241821289062 175.51376342773438 663.8958129882812 211.00502014160156 1.1843265 1.7272135 0.7552004 2.024289 1.8625283 35.91202 -2.0059266090393066 0.3013959527015686
Pedestrian 0.0 0 -2.432589292526245 424.088134765625 193.8014678955078 450.19573974609375 236.723388671875 0.80775267 1.6895255 0.6436667 -7.066931 2.555075 29.328491 -2.669039726257324 0.2148490995168686
Pedestrian 0.0 0 3.2032954692840576 274.335205078125 188.42828369140625 308.6753234863281 225.0430145263672 1.6110278 1.8654383 0.6740162 -16.73576 2.6959236 37.860397 2.7870819568634033 0.10523482412099838
Cyclist 0.0 0 3.2032954692840576 274.335205078125 188.42828369140625 308.6753234863281 225.0430145263672 1.6110278 1.8654383 0.6740162 -16.73576 2.6959236 37.860397 2.7870819568634033 0.22894422709941864
Cyclist 0.0 0 -2.062235116958618 639.2241821289062 175.51376342773438 663.8958129882812 211.00502014160156 1.1843265 1.7272135 0.7552004 2.024289 1.8625283 35.91202 -2.0059266090393066 0.17124676704406738
Car 0.0 0 -1.4546103477478027 502.1997375488281 185.36341857910156 554.0563354492188 225.46180725097656 3.8374846 1.4784458 1.6883211 -3.3457186 2.0274746 29.722172 -1.5667048692703247 0.9460328817367554
Car 0.0 0 1.835763931274414 360.5688171386719 191.44065856933594 417.8460998535156 228.19796752929688 4.007097 1.5407155 1.6107683 -10.460978 2.477423 34.319046 1.5398950576782227 0.8366672396659851
Car 0.0 0 -1.5111126899719238 579.1355590820312 185.52671813964844 609.1170654296875 210.7676239013672 4.1532536 1.4933519 1.7056887 -1.0208275 2.3546748 46.909966 -1.5328706502914429 0.7528367638587952
Car 0.0 0 1.6720764636993408 411.0784912109375 190.1468963623047 438.2069396972656 211.76829528808594 3.948669 1.4670589 1.5894895 -13.9476185 2.819436 54.33872 1.4208214282989502 0.4915294051170349
Car 0.0 0 2.325791835784912 0.0 159.8775634765625 72.00203704833984 335.5130310058594 4.2416673 1.790142 1.6827776 -9.511397 1.6582392 9.497435 1.5396591424942017 0.34128135442733765
