Pedestrian 0.0 0 1.0843749046325684 1101.5968017578125 157.67672729492188 1129.627197265625 209.6957244873047 0.45104933 1.9360046 0.7372336 18.957666 1.3715059 27.12018 1.6944457292556763 0.3658803105354309
Pedestrian 0.0 0 -0.8570013046264648 939.0415649414062 112.80322265625 989.9497680664062 190.29107666015625 0.9580641 1.8944641 0.69103605 8.861941 0.42666894 18.143385 -0.40264496207237244 0.3319115936756134
Pedestrian 0.0 0 -0.5291514992713928 1055.663818359375 147.53871154785156 1149.731201171875 302.7209167480469 0.77800983 1.7676606 0.4779883 5.7203403 1.4796551 8.479701 0.06431794166564941 0.18843872845172882
Pedestrian 0.0 0 1.588526725769043 873.53466796875 131.46243286132812 905.2037353515625 208.3845977783203 0.8945705 1.7787789 0.6881491 6.625802 0.82198155 17.22613 1.9557191133499146 0.18014714121818542
Cyclist 0.0 0 1.8540072441101074 642.5827026367188 173.21914672851562 663.6382446289062 206.11749267578125 1.7756895 1.7452719 0.6758725 2.3197083 1.7659734 39.246014 1.9130454063415527 0.709183394908905
Cyclist 0.0 0 -1.5745446681976318 1229.1029052734375 145.8743133544922 1242.0 212.1693572998047 1.6621249 1.6779594 0.39527762 16.53539 0.9954487 19.018034 -0.8588619232177734 0.3250854015350342
Car 0.0 0 -1.58891761302948 580.3709106445312 179.42100524902344 606.6817626953125 204.24070739746094 4.048213 1.5269308 1.6517533 -1.1523503 1.9786525 47.532837 -1.6131560802459717 0.7701084017753601
Car 0.0 0 1.310200810432434 657.2803344726562 177.02383422851562 690.4867553710938 201.40623474121094 3.8580172 1.7886348 1.6060063 4.8622 2.1224754 55.6635 1.397329568862915 0.3257700800895691
Car 0.0 0 -0.3871041536331177 792.2974853515625 175.28028869628906 945.4686889648438 229.07180786132812 3.9371166 1.5162741 1.628857 7.529115 1.5914019 21.32518 -0.04770392179489136 0.18908140063285828
Car 0.0 0 1.777127742767334 382.7716369628906 183.21754455566406 449.0089111328125 227.645751953125 3.9566793 1.4731815 1.6032642 -7.183828 1.8887179 26.883816 1.516011118888855 0.1888253539800644
Car 0.0 0 -1.4755057096481323 1075.8326416015625 164.7315673828125 1108.85400390625 188.2051239013672 3.6805918 1.6747369 1.6918147 35.716938 1.0955938 53.43645 -0.8863039016723633 0.1598769575357437
Car 0.0 0 1.1430739164352417 117.82485961914062 196.52601623535156 167.146240234375 217.58299255371094 4.409327 1.5416021 1.7082319 -38.277515 3.5405998 59.01152 0.5676519870758057 0.15928712487220764
