Pedestrian 0.0 0 2.3940765857696533 68.83932495117188 159.270751953125 121.01399230957031 249.75567626953125 0.5823096 1.7204078 0.58949107 -10.081967 1.4625046 14.060182 1.771993637084961 0.2066047191619873
Pedestrian 0.0 0 1.8272720575332642 550.1983642578125 164.74765014648438 562.8629150390625 195.8611602783203 1.0437633 1.8949647 0.5328338 -3.3267362 1.4016067 44.503895 1.7526592016220093 0.18324139714241028
Pedestrian 0.0 0 0.97938472032547 903.3597412109375 127.52326965332031 954.7514038085938 227.28538513183594 0.7240564 1.8341094 0.5850289 5.983988 1.0010695 13.670887 1.3919777870178223 0.17293138802051544
Cyclist 0.0 0 1.799498438835144 327.9163513183594 125.3119125366211 374.4954833984375 206.06185913085938 1.5792823 1.8581454 0.7224811 -6.2740655 0.7645075 17.427013 1.453925609588623 0.14270971715450287
Car 0.0 0 -2.2038750648498535 870.6828002929688 21.177515029907227 1242.0 375.0 3.8768544 1.7928948 1.6182009 2.7460182 1.437654 3.6380343 -1.5573036670684814 0.8686637878417969
Car 0.0 0 1.5109401941299438 659.1046752929688 170.5644989013672 684.2539672851562 191.857666015625 3.959819 1.5519916 1.6551993 4.605184 1.3854756 54.587357 1.595104455947876 0.6018708944320679
Car 0.0 0 -0.8530006408691406 765.3436279296875 175.296875 846.3466796875 212.76710510253906 3.5115855 1.5916626 1.6114925 8.800931 1.7076535 32.50621 -0.5885934829711914 0.4358178377151489
Car 0.0 0 -0.23760953545570374 743.5447998046875 159.16287231445312 845.1053466796875 195.74072265625 4.5760074 1.7632606 1.7722883 9.015639 1.1036283 35.6881 0.009836435317993164 0.37354204058647156
Car 0.0 0 -0.8859544396400452 0.0 158.5046844482422 251.51296997070312 375.0 3.939868 1.5210664 1.5850576 -4.824682 1.4412189 6.006609 -1.5626611709594727 0.18572251498699188
Car 0.0 0 -1.856229543685913 746.6358642578125 151.45433044433594 780.0560913085938 178.6829071044922 4.651893 2.4044325 1.7489728 13.976834 0.51508117 66.099335 -1.647847056388855 0.14107708632946014
