Pedestrian 0.0 0 2.9009647369384766 697.3557739257812 153.89845275878906 720.3477783203125 192.22216796875 1.0374012 1.9011616 0.5451282 5.3654766 0.53278923 35.951813 3.04911208152771 0.3688575327396393
Pedestrian 0.0 0 2.221165180206299 825.3585205078125 101.52305603027344 919.5936889648438 280.00506591796875 0.8306362 1.7101854 0.49898857 2.7121668 0.94523203 7.3135066 2.576286792755127 0.26812323927879333
Pedestrian 0.0 0 -1.7677873373031616 669.0194091796875 175.25588989257812 688.336181640625 217.29727172851562 0.55106527 1.7400565 0.70800126 3.210669 1.4826025 30.035048 -1.6612943410873413 0.24680128693580627
Pedestrian 0.0 0 -2.0191397666931152 1003.4180297851562 138.67747497558594 1064.67041015625 256.02117919921875 0.485481 1.7538698 0.65739274 6.5740685 1.1151329 11.005273 -1.4806665182113647 0.20787768065929413
Pedestrian 0.0 0 -2.614983558654785 380.5911560058594 170.9549102783203 399.6120910644531 211.3223114013672 0.46953112 1.6161213 0.66689295 -8.5863 1.1949469 29.135862 -2.9015696048736572 0.18879078328609467
Car 0.0 0 -0.4954316318035126 291.683837890625 174.64479064941406 417.5594177246094 222.85140991210938 3.5720232 1.4487013 1.5601987 -8.0069275 1.2438122 23.42584 -0.8247817754745483 0.8573836088180542
Car 0.0 0 -1.4119898080825806 550.5291748046875 165.33567810058594 590.0234375 192.6796875 4.1263995 1.4999254 1.6511567 -1.7478162 0.61407 41.54617 -1.4540342092514038 0.8160828948020935
Car 0.0 0 3.333521604537964 124.98418426513672 156.4003448486328 247.28094482421875 195.50457763671875 4.6085796 1.7068307 1.7266552 -18.909431 0.612232 32.913998 2.8120553493499756 0.6246666312217712
Car 0.0 0 -1.4965670108795166 584.5604248046875 165.36834716796875 611.0203247070312 188.09109497070312 3.8575566 1.5630909 1.6133097 -0.21130383 0.4540489 51.392002 -1.500678539276123 0.38649484515190125
Car 0.0 0 -0.21643203496932983 54.452308654785156 172.3417205810547 142.7777099609375 200.37486267089844 3.8685281 1.520309 1.6166104 -28.594727 1.0244591 40.924755 -0.8262948393821716 0.25937822461128235
