Pedestrian 0.0 0 -0.7859416007995605 224.5904541015625 168.25967407226562 261.60821533203125 231.52944946289062 0.5980122 1.7565646 0.7231178 -10.430454 1.62937 20.425104 -1.258087396621704 0.22199831902980804
Pedestrian 0.0 0 -1.882676601409912 438.87725830078125 170.93862915039062 458.8877258300781 212.1750946044922 0.56745666 1.7444334 0.6965374 -6.9517474 1.6637652 30.941914 -2.103677749633789 0.1854689121246338
Pedestrian 0.0 0 1.3700909614562988 451.250244140625 170.28802490234375 469.8993835449219 203.0844268798828 1.7374241 1.7215911 0.6460714 -8.080337 1.5872525 38.798817 1.1647635698318481 0.10519221425056458
Cyclist 0.0 0 1.3700909614562988 451.250244140625 170.28802490234375 469.8993835449219 203.0844268798828 1.7374241 1.7215911 0.6460714 -8.080337 1.5872525 38.798817 1.1647635698318481 0.2044765055179596
Car 0.0 0 -1.5675781965255737 575.1068115234375 173.34133911132812 602.0910034179688 197.77426147460938 3.973475 1.461955 1.6177475 -1.3703127 1.4942387 45.25877 -1.597846269607544 0.8563370108604431
Car 0.0 0 1.5828843116760254 1041.780029296875 170.82901000976562 1070.3013916015625 195.43528747558594 3.8452637 1.6079258 1.5993816 30.403149 1.4759588 49.198788 2.136409044265747 0.4381171464920044
Car 0.0 0 -1.5150115489959717 544.0196533203125 173.22052001953125 568.4813232421875 193.3596954345703 4.047797 1.469162 1.6297503 -4.0702934 1.4983653 54.746536 -1.589223027229309 0.33575859665870667
Car 0.0 0 2.138674020767212 109.13629913330078 178.66795349121094 235.30462646484375 228.28814697265625 3.8836958 1.4179232 1.5994438 -13.857237 1.6197457 23.037657 1.5971496105194092 0.27292168140411377
Car 0.0 0 2.015214681625366 212.63807678222656 181.38319396972656 299.8863525390625 219.7554168701172 3.821786 1.3588247 1.5819925 -13.811501 1.7166462 28.319069 1.561447024345398 0.15986470878124237
Car 0.0 0 1.9563287496566772 270.55426025390625 183.4822540283203 337.35797119140625 218.13131713867188 3.7166812 1.4355569 1.5175357 -13.912183 1.9482117 32.90729 1.556349277496338 0.1528952270746231
