Pedestrian 0.0 0 -1.1910204887390137 296.70556640625 162.37631225585938 319.7939758300781 206.0746612548828 0.7693395 1.8358451 0.66983765 -12.875182 1.3960171 30.700737 -1.5881187915802002 0.2680305242538452
Pedestrian 0.0 0 -1.141875982284546 380.7259521484375 160.1856689453125 407.7541809082031 203.0229034423828 1.3450518 1.7628635 0.5863625 -9.11986 1.2418865 30.396757 -1.4333579540252686 0.20174090564250946
Cyclist 0.0 0 -1.1170415878295898 381.0474853515625 162.29177856445312 409.329833984375 203.88523864746094 1.4962833 1.7112212 0.54570454 -9.098314 1.2770325 30.465055 -1.4072571992874146 0.19664783775806427
Car 0.0 0 1.8843441009521484 241.31005859375 188.43492126464844 458.03802490234375 333.1222839355469 3.7662177 1.5879906 1.753529 -3.456853 1.8499637 10.218356 1.5581316947937012 0.9805850386619568
Car 0.0 0 1.7337560653686523 460.69708251953125 186.33663940429688 526.6240234375 232.29296875 4.464447 1.4887986 1.7212038 -4.2828 2.0340514 26.921198 1.5759916305541992 0.941343367099762
Car 0.0 0 -0.7521133422851562 0.0 195.84022521972656 233.80734252929688 375.0 4.0113707 1.5843998 1.6782936 -3.7297392 1.7586895 3.44611 -1.5770164728164673 0.8029406070709229
Car 0.0 0 1.6713454723358154 489.53765869140625 177.70962524414062 531.5591430664062 213.1009979248047 3.996915 1.620506 1.6625823 -4.8888216 1.8742181 35.618313 1.5349419116973877 0.5343206524848938
Car 0.0 0 1.6191885471343994 528.8280639648438 175.66896057128906 552.8523559570312 197.61056518554688 3.8019416 1.515316 1.5521555 -5.0050845 1.7271168 52.259575 1.5237061977386475 0.4104915261268616
Car 0.0 0 1.8104475736618042 280.8170471191406 192.23178100585938 415.5936279296875 277.9292297363281 4.455922 1.4763131 1.728117 -5.5583725 1.9621358 15.771105 1.4716004133224487 0.19656001031398773
Car 0.0 0 1.5723681449890137 535.234375 173.71035766601562 556.3609008789062 194.7628173828125 4.249645 1.6385018 1.6451792 -5.2292085 1.7109152 58.520798 1.4832484722137451 0.16263917088508606
