Pedestrian 0.0 0 2.5997400283813477 989.5974731445312 120.8742446899414 1065.276611328125 249.83035278320312 0.8110213 1.7436526 0.39122733 5.772482 0.93910646 9.753875 3.1341187953948975 0.6039730310440063
Pedestrian 0.0 0 -2.619616985321045 984.10595703125 148.27073669433594 1034.484130859375 222.26171875 0.9620541 1.8424428 0.58011156 10.342083 1.0415003 18.162865 -2.1019952297210693 0.4146028459072113
Pedestrian 0.0 0 0.1272095888853073 775.7467041015625 157.28662109375 793.7047729492188 189.17791748046875 0.9450361 1.8110822 0.4803072 10.3002205 0.49419793 40.544678 0.3759927749633789 0.3478957414627075
Pedestrian 0.0 0 3.4109344482421875 119.12522888183594 108.74774932861328 204.94398498535156 247.58543395996094 0.89998436 1.8537737 0.54536587 -6.183317 0.8974028 9.826397 2.849280595779419 0.2718014717102051
Pedestrian 0.0 0 2.02901029586792 359.99139404296875 179.3631591796875 383.6128234863281 211.51902770996094 1.5325669 1.6253743 0.5386623 -12.050981 1.5693376 36.530373 1.710362434387207 0.15975752472877502
Cyclist 0.0 0 2.0327775478363037 360.0124206542969 178.58554077148438 384.1465759277344 211.06036376953125 1.5773027 1.6431832 0.5420769 -12.055638 1.5477397 36.59011 1.7145007848739624 0.5156079530715942
Cyclist 0.0 0 1.057151198387146 875.71875 155.88632202148438 906.915771484375 193.86215209960938 1.8165796 1.7516187 0.5467719 13.549343 0.6177791 33.543404 1.4410449266433716 0.3310006260871887
Cyclist 0.0 0 -2.5254292488098145 971.732666015625 145.29541015625 1039.144287109375 217.6664581298828 1.466987 1.7962415 0.5560269 10.3191 0.92406315 18.325844 -2.01259183883667 0.1611940860748291
Car 0.0 0 1.4256892204284668 439.0733947753906 173.58970642089844 482.5523376464844 203.98892211914062 3.843336 1.4707943 1.6387043 -7.461787 1.1378971 36.28981 1.2228989601135254 0.9294540286064148
Car 0.0 0 1.8589781522750854 204.72036743164062 183.2832489013672 287.4748229980469 229.9093475341797 4.339891 1.6518089 1.7125568 -13.904887 1.7709718 27.603363 1.3923438787460327 0.9135127067565918
Car 0.0 0 -0.445622980594635 1011.2880249023438 155.95860290527344 1182.0537109375 201.8853759765625 4.3389516 1.4361558 1.6088514 15.996307 0.67028594 23.239063 0.15723252296447754 0.8725878000259399
Car 0.0 0 -0.8215556740760803 0.0 205.0413818359375 298.12872314453125 370.0 3.981386 1.4431052 1.6064004 -3.1786964 1.6314594 3.3769062 -1.5767278671264648 0.8384591937065125
Car 0.0 0 1.8762136697769165 87.42813110351562 181.7444610595703 136.58543395996094 204.50396728515625 4.1688676 1.4862016 1.5952853 -33.834404 1.5770173 48.63518 1.2683945894241333 0.36320552229881287
Car 0.0 0 1.7077734470367432 677.127685546875 173.21826171875 702.8021850585938 193.708984375 3.7799773 1.5712135 1.5272461 6.8003016 1.0141087 56.233135 1.8281195163726807 0.31919917464256287
