Pedestrian 0.0 0 0.7797285914421082 741.196533203125 170.94190979003906 766.1063842773438 214.20358276367188 0.7535018 1.7478614 0.66545594 5.8591785 1.670967 29.647444 0.9748427867889404 0.5429863333702087
Pedestrian 0.0 0 1.6612780094146729 947.59326171875 158.3720245361328 980.1951904296875 228.0546875 0.6976871 1.7531116 0.6969942 9.092543 1.389125 18.62899 2.1153488159179688 0.4621570408344269
Pedestrian 0.0 0 0.07642398774623871 706.42236328125 171.8192901611328 720.4287109375 199.49453735351562 0.879086 1.8071046 0.46313715 6.769798 1.7398996 47.43259 0.21819114685058594 0.27846449613571167
Pedestrian 0.0 0 0.2944059669971466 672.5405883789062 170.2644805908203 688.0507202148438 194.205078125 1.0639511 1.8086343 0.544249 5.3291206 1.6133627 54.96145 0.3910648822784424 0.16523149609565735
Cyclist 0.0 0 -2.415756940841675 753.5466918945312 173.9873504638672 778.4804077148438 204.12210083007812 1.5224259 1.6878338 0.3786429 8.863613 1.7540354 41.19058 -2.203803539276123 0.16783078014850616
Car 0.0 0 1.991369605064392 256.94989013671875 181.54690551757812 336.4589538574219 217.9589385986328 4.310825 1.496288 1.7050089 -14.18567 1.9185231 32.84812 1.5837059020996094 0.9344779849052429
Car 0.0 0 1.0045934915542603 900.91943359375 170.535400390625 958.0130004882812 194.91307067871094 4.10263 1.5942096 1.6139498 21.738447 1.4429394 49.332584 1.4196455478668213 0.4673668146133423
Car 0.0 0 1.1528666019439697 1046.384033203125 185.98887634277344 1088.599853515625 207.03314208984375 3.5508497 1.6579102 1.720603 38.647213 2.804339 61.07245 1.7170618772506714 0.3296307623386383
Car 0.0 0 0.20557379722595215 1099.68896484375 174.86380004882812 1242.0 319.6679992675781 4.2691026 1.6188788 1.6055092 9.718878 1.6541836 10.334378 0.9602882862091064 0.15905191004276276
Car 0.0 0 -2.1110804080963135 1093.8978271484375 153.78936767578125 1151.9803466796875 182.4146270751953 3.9818761 2.0717022 1.7575588 38.472664 0.69229066 54.26947 -1.4943935871124268 0.14882369339466095
