Pedestrian 0.0 0 0.8785698413848877 1131.64697265625 127.35445404052734 1242.0 324.85028076171875 0.9598373 1.8174179 0.73398453 5.809784 1.3990748 7.1198363 1.5629907846450806 0.16154535114765167
Pedestrian 0.0 0 -0.3474246859550476 972.49169921875 147.7141876220703 1063.7862548828125 284.0419921875 0.9863401 1.8462129 0.5456275 5.648713 1.5061159 10.117336 0.16178393363952637 0.14377310872077942
Pedestrian 0.0 0 2.2705557346343994 112.51228332519531 155.1207275390625 243.6627655029297 345.7943420410156 0.93211293 1.7488929 0.67041403 -4.287173 1.586598 7.1283994 1.7290916442871094 0.1193319708108902
Pedestrian 0.0 0 -1.2311832904815674 866.4338989257812 149.9559326171875 918.6434936523438 239.6490478515625 1.3714784 1.7984185 0.6033777 5.9068155 1.3396518 15.181203 -0.8601195812225342 0.11332343518733978
Pedestrian 0.0 0 -0.9469271898269653 910.841796875 177.7164764404297 934.8526000976562 218.98851013183594 0.6451673 1.6424828 0.6362618 12.641443 1.8429585 29.253899 -0.5390341877937317 0.11030552536249161
Cyclist 0.0 0 -2.6894705295562744 446.7660827636719 168.095458984375 484.2518310546875 210.17308044433594 1.4753594 1.8096893 0.6384584 -6.3505993 1.6053896 31.523315 -2.8882668018341064 0.10801514238119125
Car 0.0 0 -0.3284372091293335 781.7525024414062 167.689697265625 875.1178588867188 207.07464599609375 3.279703 1.5358815 1.481458 8.674662 1.334849 28.935986 -0.03717489540576935 0.6650226712226868
Car 0.0 0 -0.24780738353729248 762.3405151367188 151.6044921875 871.4017944335938 186.23013305664062 4.451428 1.519375 1.6870596 9.228906 0.5873029 32.564655 0.02835369110107422 0.16447289288043976
Car 0.0 0 -1.6425946950912476 658.0021362304688 166.30201721191406 686.07177734375 191.83595275878906 3.9351223 1.7494496 1.7075974 4.3536043 1.3009 51.41143 -1.5581146478652954 0.12371334433555603
Car 0.0 0 0.3690946400165558 307.2478942871094 175.13095092773438 413.8332214355469 213.87664794921875 3.6765475 1.4860476 1.5766071 -9.887197 1.579449 28.626448 0.03653550148010254 0.1029069647192955
