Pedestrian 0.0 0 0.21545930206775665 772.1609497070312 137.64271545410156 791.5777587890625 188.61505126953125 0.5713333 1.8427578 0.63809633 6.269947 0.5701533 26.493652 0.4478423595428467 0.44003725051879883
Pedestrian 0.0 0 2.5081799030303955 1077.64453125 148.14077758789062 1115.8680419921875 218.36380004882812 0.5808001 1.7726047 0.58203644 12.435391 1.1491394 18.513607 3.099651575088501 0.18389883637428284
Cyclist 0.0 0 1.5012755393981934 626.8319702148438 175.1407470703125 636.02001953125 199.4034423828125 1.5517335 1.7351202 0.5603853 1.5273921 1.9044678 52.53209 1.5303428173065186 0.2376440316438675
Cyclist 0.0 0 2.2638440132141113 0.0 202.28224182128906 35.21918869018555 243.9143829345703 1.5348628 1.7796372 0.61025393 -27.004444 3.1449184 32.694954 1.573478102684021 0.11551783978939056
Car 0.0 0 -1.5745913982391357 574.344970703125 178.8979034423828 601.8314208984375 205.99266052246094 3.9752836 1.6301541 1.6883862 -1.4483954 2.0354512 46.32394 -1.6058478355407715 0.7526745796203613
Car 0.0 0 1.4980733394622803 922.8980712890625 172.72055053710938 961.70849609375 203.8966522216797 4.081622 1.5825118 1.5937289 17.781675 1.5760958 38.813408 1.9276694059371948 0.2853960692882538
Car 0.0 0 1.527068853378296 1067.2630615234375 169.91207885742188 1094.0640869140625 190.15475463867188 3.884869 1.5440321 1.6036164 37.193756 1.319992 57.11361 2.104304075241089 0.16228793561458588
Car 0.0 0 1.8860714435577393 362.52984619140625 178.6181182861328 449.845947265625 228.9654541015625 4.3514824 1.6074389 1.7265767 -7.1894383 1.8311951 25.75086 1.6138120889663696 0.1193741112947464
Car 0.0 0 1.7937777042388916 403.46832275390625 185.30906677246094 463.9969177246094 224.322265625 4.1015115 1.4711353 1.6233119 -7.427172 2.035112 30.585516 1.555555820465088 0.11785060912370682
Car 0.0 0 -2.6654632091522217 363.4474182128906 193.1297149658203 419.7061462402344 214.63890075683594 3.9295619 1.6073061 1.7259921 -17.379639 3.254305 57.390602 -2.95951509475708 0.11629223078489304
