Pedestrian 0.0 0 3.5580947399139404 182.0368194580078 198.43045043945312 297.1445617675781 359.8629150390625 0.9350352 1.6342555 0.6008251 -3.8834891 1.8239079 7.662036 3.0889835357666016 0.8353107571601868
Pedestrian 0.0 0 -0.5222810506820679 1006.4302368164062 162.4931640625 1105.646240234375 313.4273986816406 0.7479129 1.666049 0.6287118 5.154979 1.4576018 8.254147 0.03598165512084961 0.48515424132347107
Pedestrian 0.0 0 -3.583981513977051 1090.8680419921875 164.2472381591797 1220.319580078125 363.4056701660156 0.74882746 1.7320638 0.62211215 5.0291667 1.5834013 6.626004 -2.9347424507141113 0.2980805039405823
Pedestrian 0.0 0 -2.2687323093414307 895.1773071289062 113.06448364257812 1061.9373779296875 374.0 0.8066086 1.7060387 0.61805546 2.4533336 1.2899938 4.842185 -1.7997721433639526 0.19577783346176147
Pedestrian 0.0 0 -1.5810662508010864 885.9252319335938 107.09054565429688 990.2611083984375 359.8345947265625 0.56314987 1.8290151 0.7021944 2.5550542 1.2919427 5.595579 -1.1527206897735596 0.19525307416915894
Pedestrian 0.0 0 -2.269827365875244 867.2534790039062 154.61639404296875 909.0672607421875 215.88845825195312 1.157938 1.8584628 0.6084028 8.914048 1.0441672 22.430782 -1.8915622234344482 0.17428837716579437
Pedestrian 0.0 0 -2.4268624782562256 905.6160278320312 125.01673889160156 1029.6868896484375 338.1285705566406 0.70084596 1.708163 0.64900535 3.0957978 1.2568225 6.203087 -1.9639562368392944 0.14860670268535614
Pedestrian 0.0 0 0.03619934618473053 590.2385864257812 139.94232177734375 616.5603637695312 207.43252563476562 0.7174515 1.8609099 0.60670847 0.02987159 0.7161914 20.120716 0.037683963775634766 0.13969896733760834
Pedestrian 0.0 0 0.5512571334838867 0.0 155.683349609375 34.3533935546875 212.99032592773438 0.770039 1.8585739 0.5995996 -19.308115 1.0223846 23.642756 -0.1335606873035431 0.10848693549633026
Car 0.0 0 -0.935249924659729 964.3468017578125 160.98646545410156 1077.514404296875 204.84959411621094 3.6042717 1.452331 1.6092879 14.713164 0.77420294 25.234644 -0.4073837995529175 0.24885250627994537
Car 0.0 0 3.553178071975708 0.0 168.61105346679688 93.4903335571289 211.74627685546875 3.6909246 1.5751061 1.7048953 -21.967693 1.1055036 27.529015 2.8796679973602295 0.1834322065114975
Car 0.0 0 1.336257815361023 527.3250122070312 165.45013427734375 601.8411254882812 215.56143188476562 3.851368 1.5282049 1.6137947 -1.3389193 1.0398619 23.979958 1.2804807424545288 0.14189952611923218
Car 0.0 0 -1.8246091604232788 1065.9248046875 153.9183349609375 1159.409423828125 209.45387268066406 3.4377573 1.582273 1.5380076 15.753776 0.7975806 22.34322 -1.2104814052581787 0.13359421491622925
Car 0.0 0 -0.1681404709815979 1113.5947265625 143.44912719726562 1238.0 374.0 3.873619 1.5331763 1.5697194 6.62823 1.3148333 5.9639935 0.6699585914611816 0.11388850212097168
Car 0.0 0 0.3096965551376343 888.7242431640625 0.8281025290489197 1238.0 374.0 4.1955957 1.6051583 1.5603722 3.6728697 1.2421505 3.66882 1.0956463813781738 0.11354882270097733
Car 0.0 0 2.359130620956421 961.6260375976562 147.32994079589844 1067.9659423828125 189.19264221191406 3.6668162 1.6351819 1.6501707 16.83636 0.30149153 29.326715 2.8802855014801025 0.10375609248876572
