Pedestrian 0.0 0 -0.45223569869995117 1038.72802734375 114.8247299194336 1082.161376953125 206.58689880371094 0.5763695 1.8226067 0.51985717 9.067176 0.67037046 14.616826 0.10299444198608398 0.2226925641298294
Pedestrian 0.0 0 0.2253306806087494 281.12646484375 182.29122924804688 344.3091125488281 299.132568359375 0.80452394 1.7760667 0.631407 -4.7363896 1.9305809 11.404894 -0.16829067468643188 0.18939417600631714
Pedestrian 0.0 0 1.4312127828598022 801.1098022460938 146.86331176757812 822.9730834960938 197.09373474121094 0.935152 1.784519 0.6366845 7.2678123 0.86151457 26.13639 1.7024332284927368 0.12255208939313889
Pedestrian 0.0 0 -0.4180384874343872 754.2116088867188 151.3286590576172 780.1683349609375 195.3447265625 0.9201605 1.8432486 0.5762094 6.6198926 0.94219583 30.58859 -0.20490826666355133 0.11447583884000778
Pedestrian 0.0 0 -0.3961205780506134 764.7081298828125 162.4180908203125 800.1627807617188 216.8128662109375 0.97487724 1.7662997 0.616961 5.6401687 1.427784 23.810648 -0.16353163123130798 0.10684827715158463
Cyclist 0.0 0 0.3835621774196625 414.2125244140625 172.65586853027344 448.5100402832031 204.902099609375 1.822736 1.8468531 0.63323796 -10.370315 1.8358629 41.76305 0.14017176628112793 0.1761617809534073
Cyclist 0.0 0 1.0639917850494385 945.3402709960938 141.61114501953125 1006.7511596679688 226.9123992919922 1.4267722 1.6971542 0.5113456 7.5693073 1.075904 15.076354 1.529289960861206 0.14346829056739807
Cyclist 0.0 0 -1.365248680114746 432.6008605957031 165.86734008789062 460.6521301269531 221.75596618652344 1.7064161 1.7231058 0.54208654 -5.2603164 1.5080577 23.101057 -1.5891400575637817 0.12901946902275085
Car 0.0 0 -2.0037505626678467 770.1590576171875 194.11419677734375 1129.5899658203125 375.0 4.3169546 1.4573419 1.6050034 3.0456629 1.7493665 7.6958723 -1.626910924911499 0.9592886567115784
Car 0.0 0 -1.7462644577026367 646.390869140625 167.07888793945312 721.69189453125 225.4802703857422 4.3995013 1.8051754 1.782019 2.365303 1.6270258 24.563385 -1.6502666473388672 0.5966188907623291
Car 0.0 0 -2.8109335899353027 338.5821838378906 168.38641357421875 461.7117004394531 216.09059143066406 3.5297177 1.4966047 1.5864993 -6.823935 1.3568028 23.511099 -3.0934152603149414 0.37858274579048157
Car 0.0 0 -1.2813501358032227 366.17974853515625 155.33033752441406 433.1794738769531 199.6305694580078 4.1034913 1.8098085 1.7080935 -9.137782 1.0942676 31.532417 -1.5634138584136963 0.118521548807621
