Pedestrian 0.0 0 1.912872314453125 374.19287109375 150.1467742919922 452.9691162109375 303.8923645019531 0.9646416 1.774899 0.64732456 -2.4344072 1.5131158 8.831642 1.6439056396484375 0.4075494408607483
Pedestrian 0.0 0 0.6093588471412659 499.8294677734375 171.5576171875 541.1163940429688 245.9579620361328 0.72657186 1.7287009 0.6694084 -2.1835675 1.6989374 17.227455 0.48328185081481934 0.17546330392360687
Pedestrian 0.0 0 -0.22378388047218323 883.2651977539062 147.4730682373047 915.8125 205.14112854003906 0.8438012 1.785946 0.5680818 9.051923 1.0002713 22.688923 0.1558237075805664 0.1513957977294922
Pedestrian 0.0 0 1.907140851020813 1205.776611328125 125.34597778320312 1242.0 233.2125701904297 0.54477406 1.7514793 0.53835726 10.376781 0.9804276 12.082629 2.616732120513916 0.12980037927627563
Pedestrian 0.0 0 -1.680727481842041 864.2688598632812 145.87680053710938 880.8252563476562 184.09860229492188 0.8988202 1.8754085 0.678572 13.026438 0.5520909 35.917282 -1.332802414894104 0.10718300193548203
Cyclist 0.0 0 2.4473507404327393 866.4851684570312 143.6706085205078 922.4070434570312 199.2049102783203 1.7427026 1.7733243 0.5661138 9.251805 0.84179646 23.580477 2.8212451934814453 0.12756109237670898
Car 0.0 0 -2.0421833992004395 873.0006103515625 188.792236328125 1242.0 375.0 3.5916042 1.3935298 1.5392642 3.5770454 1.5726132 6.2577295 -1.522892713546753 0.9626733064651489
Car 0.0 0 -1.8420453071594238 799.4755859375 179.7641143798828 991.1998291015625 298.3039245605469 4.250309 1.4803728 1.6539553 4.184751 1.6112962 11.446678 -1.4915530681610107 0.9552070498466492
Car 0.0 0 -1.6999540328979492 778.3258666992188 157.28353881835938 883.90673828125 244.12359619140625 4.4160833 1.7542379 1.7575768 4.957942 1.4400598 16.890837 -1.414444923400879 0.9261550903320312
Car 0.0 0 1.498734951019287 783.9096069335938 164.76502990722656 835.4996337890625 206.6117401123047 3.6955976 1.4849373 1.6223377 7.5182657 1.198257 27.570724 1.7649524211883545 0.23118284344673157
