Pedestrian 0.0 0 0.12770256400108337 804.336669921875 144.6239776611328 895.5171508789062 280.5549621582031 1.1042613 1.7719666 0.8287785 3.3666553 1.3059686 9.827689 0.45774149894714355 0.8710842132568359
Pedestrian 0.0 0 0.2369728535413742 460.5146179199219 134.80052185058594 562.7235717773438 293.4705810546875 1.0589103 1.7681327 0.6713284 -1.1212983 1.2605691 8.26186 0.10207724571228027 0.7759885191917419
Pedestrian 0.0 0 3.2393181324005127 455.2076721191406 162.14271545410156 546.6677856445312 309.93682861328125 1.1212491 1.8420317 0.5252284 -1.369641 1.6149136 9.098555 3.0899059772491455 0.6884424686431885
Pedestrian 0.0 0 -3.564802646636963 978.44140625 125.56564331054688 1048.4161376953125 249.8205108642578 0.7436391 1.7404059 0.46900502 5.815685 0.97262216 10.16766 -3.0452418327331543 0.39067959785461426
Pedestrian 0.0 0 -1.925729513168335 1.4020354747772217 182.3219451904297 28.170310974121094 226.74256896972656 0.7333596 1.7651488 0.61401004 -23.88021 1.8414428 28.576391 -2.621840715408325 0.3898444175720215
Pedestrian 0.0 0 0.6006758809089661 149.60488891601562 112.54413604736328 217.24429321289062 238.10963439941406 0.60245246 1.7689764 0.6181987 -6.1672053 0.8132761 10.282712 0.06042957305908203 0.30073705315589905
Pedestrian 0.0 0 -1.1320277452468872 120.2935791015625 149.6056671142578 143.97987365722656 189.42355346679688 0.8925969 1.9525324 0.6640161 -23.522615 0.43901646 35.157436 -1.721688985824585 0.28045761585235596
Cyclist 0.0 0 -0.29677754640579224 516.6976318359375 152.90293884277344 638.8448486328125 265.80560302734375 1.8203605 1.6924406 0.66687864 -0.47881496 1.2804146 11.211354 -0.3394596576690674 0.856290876865387
Car 0.0 0 -0.8994157910346985 0.0 198.6986083984375 322.0479736328125 370.0 3.9424171 1.4533892 1.5970242 -3.1932487 1.607203 3.9243453 -1.582456111907959 0.8653187155723572
Car 0.0 0 1.7617161273956299 447.1577453613281 168.3451385498047 484.3191833496094 194.62371826171875 3.774591 1.5756235 1.5977596 -8.675308 0.8482016 44.277927 1.5682384967803955 0.8416244983673096
Car 0.0 0 -0.8432470560073853 1167.685791015625 143.6910400390625 1224.0 184.07623291015625 3.737297 1.5978129 1.6330385 25.484524 0.14298984 29.007534 -0.12241080403327942 0.5471176505088806
Car 0.0 0 2.911052703857422 0.0 164.7261505126953 119.28841400146484 280.49493408203125 3.6335819 1.4968156 1.4762623 -10.018526 1.2945446 11.05134 2.1746339797973633 0.3519265353679657
