Pedestrian 0.0 0 -0.05122607946395874 871.6915893554688 149.90875244140625 920.5324096679688 245.59841918945312 0.8662432 1.837891 0.5544083 5.6369977 1.1608891 14.204626 0.3265552520751953 0.3842262923717499
Car 0.0 0 -1.04677152633667 32.82763671875 189.6322021484375 260.1677551269531 289.76226806640625 3.8627465 1.4693054 1.6259968 -7.8751974 1.5603434 12.673643 -1.6027662754058838 0.9731176495552063
Car 0.0 0 -1.3159698247909546 346.5701599121094 184.23204040527344 461.2206726074219 252.81993103027344 4.4359794 1.5066308 1.6784443 -4.9785113 1.4861546 18.01706 -1.5855647325515747 0.9646924734115601
Car 0.0 0 -1.1292390823364258 230.1568145751953 188.85833740234375 345.36090087890625 246.21827697753906 3.5734076 1.4257231 1.5255126 -8.762906 1.5368656 19.899822 -1.5440399646759033 0.9160274267196655
Car 0.0 0 -1.5381081104278564 573.4120483398438 177.9820098876953 604.6542358398438 206.7214813232422 3.5476408 1.5423646 1.6402553 -1.041046 1.1552848 40.354576 -1.5638998746871948 0.835365355014801
Car 0.0 0 -1.1928255558013916 262.2113342285156 181.8044891357422 345.6875915527344 225.8265380859375 3.8936577 1.5680689 1.6223487 -11.575357 1.447693 27.56429 -1.5904028415679932 0.661059558391571
Car 0.0 0 -1.2477138042449951 348.42724609375 178.47457885742188 399.363037109375 206.4303741455078 3.744157 1.5196681 1.6569843 -13.285941 1.1543545 40.952778 -1.5614219903945923 0.49123483896255493
Car 0.0 0 -0.7165753841400146 0.0 222.96543884277344 187.70046997070312 376.0 3.9738698 1.5303476 1.64645 -3.3910782 1.771296 2.5180335 -1.6486579179763794 0.4719557762145996
Car 0.0 0 -0.9767756462097168 0.0 183.6544189453125 140.62615966796875 256.5716247558594 3.957355 1.4758728 1.6463438 -12.8291445 1.445403 16.573906 -1.6354961395263672 0.4008462131023407
Car 0.0 0 -1.3712304830551147 370.6795654296875 183.27415466308594 428.3959045410156 221.34559631347656 3.4291074 1.4624375 1.6181967 -8.477978 1.3889883 29.384237 -1.6521233320236206 0.3946361243724823
