Pedestrian 0.0 0 -0.9238297939300537 690.2247314453125 180.83665466308594 724.7670288085938 245.55747985839844 0.6743417 1.6972561 0.6508103 2.5880246 1.9186 19.503191 -0.791903018951416 0.21345564723014832
Pedestrian 0.0 0 2.139026165008545 1168.85400390625 178.7062530517578 1235.207763671875 274.8479309082031 0.83650047 1.6281862 0.53414816 10.322311 1.7342702 12.647984 2.823521137237549 0.1408880650997162
Pedestrian 0.0 0 -1.2499828338623047 1124.3060302734375 135.4530029296875 1185.4052734375 240.40794372558594 0.83087397 1.5820867 0.5327209 8.504963 1.0186633 11.329247 -0.6060283780097961 0.12448172271251678
Cyclist 0.0 0 -1.7888507843017578 1127.98486328125 136.49981689453125 1191.11865234375 245.51368713378906 1.4192113 1.5883448 0.48130035 8.4892235 1.0590178 11.255611 -1.142653465270996 0.14034214615821838
Cyclist 0.0 0 -1.9545238018035889 1126.3319091796875 200.706298828125 1172.9498291015625 277.79718017578125 1.3486729 1.6496763 0.3803584 12.378011 2.3196692 16.64421 -1.3150780200958252 0.13033291697502136
Car 0.0 0 2.262205123901367 0.0 190.1004180908203 122.76127624511719 280.3938903808594 4.194349 1.709146 1.7047971 -13.513213 2.1556997 16.56161 1.5778224468231201 0.9313915967941284
Car 0.0 0 1.8384150266647339 381.2337951660156 182.13941955566406 417.697509765625 203.51206970214844 4.327027 1.5557982 1.6611089 -16.482737 2.3124292 56.588257 1.55498206615448 0.9128895998001099
Car 0.0 0 1.6058440208435059 454.3826599121094 180.44175720214844 473.23126220703125 196.65585327148438 3.7895615 1.4542558 1.6263504 -13.889442 2.1969912 68.58927 1.4060441255569458 0.31852465867996216
Car 0.0 0 -1.7471411228179932 751.57421875 156.97434997558594 801.752685546875 199.3258056640625 4.564352 2.0861607 1.7774495 8.628435 1.3043138 37.860954 -1.5230700969696045 0.1854347586631775
Car 0.0 0 2.3654627799987793 40.81612777709961 188.09259033203125 132.79464721679688 222.48593139648438 3.461367 1.4897412 1.589319 -25.116127 2.2622747 34.719883 1.739208459854126 0.1210043877363205
Car 0.0 0 2.0906710624694824 111.12383270263672 184.68560791015625 183.275390625 216.2393035888672 3.910403 1.5703115 1.581283 -25.203712 2.2493 39.391045 1.5214757919311523 0.11768479645252228
