Pedestrian 0.0 0 1.5480457544326782 784.3018188476562 156.98976135253906 822.0701293945312 247.900390625 0.7623816 1.7744976 0.7120459 4.0156264 1.2973301 14.475551 1.8186488151550293 0.6311277747154236
Pedestrian 0.0 0 -2.567554235458374 288.696533203125 152.5428466796875 335.6935119628906 236.9900665283203 0.7120878 1.6791282 0.5331127 -5.915687 1.1045978 14.609377 -2.952298164367676 0.5979695916175842
Pedestrian 0.0 0 1.813323736190796 552.8775024414062 164.7181396484375 570.6082763671875 204.77774047851562 0.75943685 1.8282685 0.65654814 -1.8430363 1.0632986 33.215412 1.7578932046890259 0.5908709764480591
Pedestrian 0.0 0 0.5766277313232422 459.8700256347656 170.4975128173828 484.96990966796875 215.6803741455078 0.68779564 1.6827189 0.65866035 -4.9005103 1.2739949 27.18684 0.39828968048095703 0.5846943855285645
Pedestrian 0.0 0 -3.56001353263855 991.4291381835938 136.8251953125 1123.225341796875 326.066650390625 0.8374702 1.6506346 0.64089274 4.1299863 1.2623475 6.6380253 -3.003451108932495 0.5517128705978394
Pedestrian 0.0 0 -0.49936336278915405 500.4289855957031 174.08424377441406 520.1792602539062 212.6661376953125 0.6834464 1.8392044 0.7248918 -4.4173603 1.4866025 34.734447 -0.6258594989776611 0.4230976402759552
Pedestrian 0.0 0 1.7504905462265015 404.11639404296875 136.74539184570312 451.9847106933594 249.376220703125 0.91762096 1.8436729 0.6418961 -2.9793513 1.112367 12.232927 1.5115898847579956 0.37636080384254456
Pedestrian 0.0 0 -2.968747854232788 475.42303466796875 156.13595581054688 511.01300048828125 221.94546508789062 0.88712686 1.7866644 0.56476545 -3.0061896 1.0992137 19.7916 -3.119487762451172 0.2885577082633972
Pedestrian 0.0 0 -2.901265859603882 632.29345703125 164.41574096679688 649.239990234375 192.60830688476562 1.0133649 1.8247523 0.5057248 2.5766587 0.71968013 46.880676 -2.8463590145111084 0.2762989401817322
Pedestrian 0.0 0 2.6413354873657227 641.4600219726562 161.3294219970703 657.5525512695312 190.8802490234375 0.8938157 1.8459762 0.4746372 3.035726 0.5866906 45.27327 2.7082886695861816 0.26939842104911804
Pedestrian 0.0 0 -2.8035898208618164 623.0568237304688 162.68856811523438 641.1043090820312 192.38087463378906 1.0144247 1.8383197 0.5131198 1.9217734 0.6743933 44.897873 -2.760812759399414 0.25646737217903137
Pedestrian 0.0 0 1.8473764657974243 433.1902770996094 136.22193908691406 478.21142578125 235.54501342773438 0.72228575 1.7918013 0.6490994 -2.736821 0.97624856 13.340463 1.6450321674346924 0.24313035607337952
Pedestrian 0.0 0 0.7273371815681458 615.4627685546875 164.75584411621094 629.5336303710938 189.08544921875 1.035241 1.8705107 0.47830507 1.6545382 0.58373713 55.753777 0.7570042610168457 0.20738764107227325
Car 0.0 0 1.5906529426574707 562.5634765625 170.5188751220703 620.542236328125 222.46653747558594 4.0950155 1.5415179 1.7211272 -0.30866718 1.2167867 23.366756 1.577444076538086 0.8370009064674377
Car 0.0 0 0.6005364656448364 0.0 0.0 1238.0 374.0 4.0191503 1.6165563 1.6049753 1.7905579 1.3502334 0.4301337 1.9355766773223877 0.2306358516216278
Car 0.0 0 1.39806067943573 981.1084594726562 169.04139709472656 1056.8939208984375 220.2175750732422 3.1763756 1.446595 1.4711516 12.697501 1.095573 22.04663 1.9205999374389648 0.22973690927028656
Car 0.0 0 -1.684787392616272 531.600341796875 174.1323699951172 566.3976440429688 200.6904296875 3.6904767 1.4581904 1.582535 -3.0619671 1.0544842 41.398655 -1.7586159706115723 0.205654576420784
