Pedestrian 0.0 0 1.967822551727295 750.3097534179688 147.0580291748047 780.2218017578125 210.62045288085938 0.6013757 1.7876874 0.65954244 4.414488 1.0625362 20.725502 2.1776843070983887 0.3142712712287903
Pedestrian 0.0 0 1.5462315082550049 851.0367431640625 166.94558715820312 886.572265625 252.21095275878906 0.9754034 1.6997093 0.665034 5.2977552 1.5822865 14.947532 1.8868415355682373 0.28868287801742554
Pedestrian 0.0 0 2.3168957233428955 911.155517578125 122.87137603759766 1020.20947265625 288.8668212890625 0.9979097 1.8412822 0.64644116 4.1196165 1.2872144 8.483508 2.7689595222473145 0.18558742105960846
Pedestrian 0.0 0 -1.70281183719635 772.6637573242188 167.58787536621094 791.1116943359375 213.75985717773438 0.8222464 1.585376 0.5214159 5.9556284 1.4049146 25.207302 -1.470800518989563 0.16967633366584778
Cyclist 0.0 0 -1.916625738143921 724.3369140625 158.2803497314453 753.0093383789062 206.7897186279297 1.694021 1.6858301 0.46428695 4.5678396 1.1797148 25.946827 -1.7423651218414307 0.37120291590690613
Car 0.0 0 1.8655500411987305 407.13629150390625 181.62547302246094 525.2598266601562 256.990966796875 4.045903 1.5402668 1.6612072 -3.3460758 1.7768433 17.330217 1.6748194694519043 0.9657490253448486
Car 0.0 0 -1.6472735404968262 660.8521728515625 175.05665588378906 740.9606323242188 241.47833251953125 3.710975 1.3846546 1.5653358 1.994262 1.4428222 17.049053 -1.53083074092865 0.9467989206314087
Car 0.0 0 2.5566372871398926 0.0 223.50677490234375 164.07545471191406 375.0 3.8908179 1.5323792 1.6388174 -3.6874297 1.8498682 2.5528493 1.5913879871368408 0.3927743136882782
Car 0.0 0 1.535496711730957 613.3934326171875 166.95712280273438 633.4358520507812 185.84902954101562 4.052719 1.5728974 1.5773464 1.1049393 1.0822946 62.110695 1.5532846450805664 0.3531603515148163
Car 0.0 0 -1.6151913404464722 692.94189453125 158.17308044433594 728.1549072265625 190.45144653320312 3.9262028 1.5900847 1.6324135 5.149592 0.86723614 37.57105 -1.4789773225784302 0.20989030599594116
