Pedestrian 0.0 0 -2.299278736114502 710.9559936523438 164.54489135742188 731.6937255859375 203.50982666015625 0.6619972 1.7852228 0.6852611 5.1314316 1.4048897 33.51962 -2.1473708152770996 0.27312132716178894
Pedestrian 0.0 0 1.7407152652740479 851.982666015625 125.70729064941406 890.7587890625 200.84442138671875 1.0152394 1.9211347 0.8063691 6.8731475 0.7160277 19.086222 2.0863685607910156 0.11992163956165314
Cyclist 0.0 0 1.3078429698944092 720.3248901367188 149.11769104003906 762.8735961914062 227.93536376953125 1.7320399 1.8109052 0.5755978 3.111621 1.2659006 17.462885 1.4841771125793457 0.8981754183769226
Car 0.0 0 -1.5784474611282349 586.494384765625 174.48228454589844 611.6820068359375 198.74034118652344 3.9762883 1.5548768 1.6244354 -0.7821243 1.6692687 48.522182 -1.5945649147033691 0.8085433840751648
Car 0.0 0 1.8050744533538818 381.0242614746094 173.203125 452.02557373046875 217.44601440429688 4.1356516 1.5148487 1.6291783 -7.133926 1.529197 26.823252 1.5451314449310303 0.46747639775276184
Car 0.0 0 1.7586766481399536 415.7813720703125 178.40260314941406 470.2757263183594 215.48013305664062 4.101721 1.4742796 1.5696129 -7.2265215 1.7320298 31.388958 1.5323946475982666 0.24033696949481964
Car 0.0 0 1.9492403268814087 266.0272216796875 176.0087127685547 322.99432373046875 208.4945526123047 4.3753405 1.9134649 1.7737931 -19.684488 2.1208947 45.142754 1.5380477905273438 0.23188555240631104
Car 0.0 0 2.0951571464538574 170.61537170410156 195.35935974121094 248.3865509033203 231.44004821777344 3.6827736 1.5361251 1.667463 -19.307709 2.6827247 34.889748 1.589713454246521 0.15296481549739838
Car 0.0 0 2.1938812732696533 0.0 200.84339904785156 129.42555236816406 249.375732421875 3.711908 1.4081577 1.738312 -18.752787 2.4498475 24.96783 1.5496907234191895 0.11050897091627121
Car 0.0 0 1.7078909873962402 461.5262756347656 176.77215576171875 497.444580078125 206.74525451660156 3.6367264 1.6615201 1.5928601 -7.6449633 1.9017938 42.32834 1.5292062759399414 0.1094471886754036
