Pedestrian 0.0 0 2.4137156009674072 756.5354614257812 158.05677795410156 779.375732421875 195.58843994140625 0.998442 1.8481838 0.55401975 7.846962 1.1198773 36.01463 2.6282453536987305 0.26247715950012207
Pedestrian 0.0 0 -0.4304242730140686 720.7860717773438 175.6168212890625 742.7164306640625 209.6522979736328 0.8951985 1.7322063 0.72548246 6.247399 1.8770425 37.262196 -0.26430878043174744 0.21993638575077057
Pedestrian 0.0 0 0.44788575172424316 0.0 144.29136657714844 58.869651794433594 297.9631042480469 0.6046296 1.7627683 0.5846919 -7.1440625 1.4354842 8.630634 -0.24355214834213257 0.17298543453216553
Cyclist 0.0 0 1.127152442932129 878.5509033203125 183.8811492919922 923.436767578125 244.59109497070312 1.6294384 1.6194575 0.5221854 8.1462965 1.9439318 20.375486 1.5074938535690308 0.1648726761341095
Car 0.0 0 -1.8467426300048828 732.944091796875 189.7210235595703 895.3636474609375 293.35919189453125 4.5054884 1.4822149 1.6369555 3.4677682 1.8471875 13.3250475 -1.5921456813812256 0.9484614133834839
Car 0.0 0 -1.7137889862060547 663.074462890625 173.9972381591797 721.75146484375 221.08914184570312 4.4976377 1.8107452 1.7912035 3.3100514 1.8624551 30.129524 -1.6043670177459717 0.7620869278907776
Car 0.0 0 -2.888728141784668 386.9399108886719 157.3109588623047 477.2432861328125 190.3236846923828 4.1326566 1.6261984 1.6966057 -8.964723 0.8609102 36.411945 -3.130129814147949 0.329556941986084
Car 0.0 0 -2.863478660583496 430.34906005859375 176.84707641601562 532.6044921875 215.17674255371094 3.778624 1.4864357 1.5927957 -5.195539 1.6536762 29.168133 -3.0397536754608154 0.29844197630882263
Car 0.0 0 -2.8091588020324707 458.4650573730469 177.40151977539062 524.8990478515625 202.04466247558594 4.050492 1.5911994 1.6885973 -7.911227 1.9027227 48.19437 -2.97186017036438 0.27617788314819336
Car 0.0 0 -2.026309013366699 894.5442504882812 193.61019897460938 1121.6629638671875 315.2467346191406 3.9112427 1.5659701 1.6740665 6.224047 1.9666338 11.936869 -1.545677661895752 0.17020250856876373
Car 0.0 0 -2.5547986030578613 1158.7939453125 178.18995666503906 1242.0 375.0 4.2431498 1.547542 1.6678728 6.2343483 1.6003145 4.9036255 -1.6504878997802734 0.14825692772865295
