Pedestrian 0.0 0 -0.2116651087999344 761.7098388671875 172.81871032714844 793.9708251953125 231.229736328125 0.8518259 1.7749987 0.6420611 5.122892 1.7742844 22.250631 0.014627218246459961 0.2052312195301056
Pedestrian 0.0 0 1.8999310731887817 754.5551147460938 135.0061798095703 813.3615112304688 264.95880126953125 0.7634631 1.7735057 0.60683095 2.4439623 1.257342 10.328987 2.132270097732544 0.19766828417778015
Pedestrian 0.0 0 1.0649642944335938 205.7981414794922 116.06485748291016 285.5731201171875 264.4258728027344 0.87584525 1.8526592 0.58379245 -4.84933 1.1438624 9.494203 0.5927398204803467 0.17130115628242493
Pedestrian 0.0 0 1.3030123710632324 288.7809143066406 192.4538116455078 329.022216796875 259.9985046386719 1.527788 1.6295093 0.5710702 -7.8367453 2.1571789 18.632353 0.9048755168914795 0.15074488520622253
Cyclist 0.0 0 0.987028956413269 281.96820068359375 191.87762451171875 334.7540283203125 257.78448486328125 1.4523445 1.6139246 0.54739714 -7.8573074 2.1229937 18.661142 0.5885071754455566 0.3292955458164215
Car 0.0 0 1.839573860168457 274.4273986816406 190.85731506347656 448.8860168457031 311.20025634765625 3.8621511 1.4972408 1.624972 -3.784692 1.8344917 11.5311775 1.5224379301071167 0.9606464505195618
Car 0.0 0 1.7856086492538452 395.16522216796875 174.92994689941406 503.7661437988281 262.5582275390625 4.277108 1.8711126 1.6999291 -3.8148398 1.9284046 17.645702 1.5726945400238037 0.9422524571418762
Car 0.0 0 1.6483371257781982 516.9035034179688 179.7296600341797 558.084716796875 212.71417236328125 4.0826244 1.4646432 1.6741879 -3.4924834 1.8177346 34.954166 1.5487515926361084 0.8671835064888
Car 0.0 0 3.396141767501831 356.56280517578125 175.72840881347656 456.75732421875 211.11370849609375 3.7784078 1.4405848 1.5846375 -8.533671 1.5651076 30.3361 3.1219241619110107 0.23406252264976501
Car 0.0 0 2.0022153854370117 475.5161437988281 184.90184020996094 522.3406982421875 211.7422332763672 3.888682 1.6782689 1.677709 -7.5353107 2.5335705 49.099052 1.849932074546814 0.18607556819915771
