Pedestrian 0.0 0 1.456695795059204 408.9115295410156 131.71115112304688 457.5179443359375 220.56216430664062 0.9652877 1.8660135 0.92433435 -3.9231987 1.0023057 15.764691 1.2127904891967773 0.5501302480697632
Pedestrian 0.0 0 -2.3752503395080566 0.0 135.6993865966797 36.687965393066406 218.68223571777344 0.59049296 1.8985902 0.6189386 -13.974029 1.0488763 16.835873 -3.0680272579193115 0.27516695857048035
Pedestrian 0.0 0 -2.2351510524749756 1023.0965576171875 147.17276000976562 1071.963134765625 218.95767211914062 0.99224705 1.8668389 0.6404925 11.637153 1.1993308 19.292871 -1.6923936605453491 0.2631532549858093
Pedestrian 0.0 0 -1.379206895828247 278.12738037109375 133.9981689453125 322.0829162597656 220.69081115722656 1.0837734 1.8414506 0.7004617 -6.8737826 1.0164661 15.927856 -1.7866184711456299 0.20210279524326324
Cyclist 0.0 0 -1.3961989879608154 280.0244445800781 139.34030151367188 321.90960693359375 224.62501525878906 1.0967752 1.8178478 0.67543954 -6.881217 1.1038594 15.988179 -1.8026295900344849 0.17080208659172058
Cyclist 0.0 0 -0.8175852298736572 363.5726623535156 158.4845428466797 406.59588623046875 216.35171508789062 1.2905167 1.7668531 0.5658255 -7.1191144 1.3284698 22.73199 -1.1210858821868896 0.15633051097393036
Car 0.0 0 1.8582371473312378 239.03152465820312 192.88185119628906 450.832763671875 341.7975769042969 3.6028624 1.5369306 1.6867813 -3.37655 1.8597275 9.776037 1.5256747007369995 0.9673316478729248
Car 0.0 0 1.2624921798706055 729.1720581054688 190.41436767578125 973.8856201171875 352.96099853515625 3.9120655 1.4766525 1.6457487 2.6156235 1.7430714 8.954138 1.546697974205017 0.954617977142334
Car 0.0 0 -1.750735878944397 685.8381958007812 183.80740356445312 796.4553833007812 265.736572265625 3.6410346 1.4514856 1.6104037 2.555657 1.7088963 15.099924 -1.5830750465393066 0.9476994276046753
Car 0.0 0 1.4054896831512451 663.7943725585938 180.06378173828125 744.1996459960938 240.9031219482422 3.7093062 1.477343 1.5779502 2.4375129 1.6949524 19.852306 1.527660608291626 0.938493549823761
Car 0.0 0 2.805636167526245 716.7384643554688 176.66139221191406 819.13623046875 213.17005920410156 4.1991434 1.5883229 1.7409939 7.0848465 1.7673898 32.74312 3.0187277793884277 0.9013907313346863
