Pedestrian 0.0 0 0.2800180912017822 660.88134765625 171.81602478027344 678.677734375 201.60202026367188 0.9921815 1.8114858 0.4893175 3.6369572 1.7487178 44.28328 0.36196351051330566 0.40611106157302856
Pedestrian 0.0 0 1.1221339702606201 716.4452514648438 167.51373291015625 747.760498046875 224.74668884277344 1.0016844 1.8300894 0.6385652 3.9469478 1.6596862 23.639362 1.287572979927063 0.27083826065063477
Pedestrian 0.0 0 0.11095291376113892 783.4254760742188 145.7724609375 826.2509155273438 236.51455688476562 0.80160564 1.8481851 0.66072065 4.04501 1.2969607 15.146564 0.3719205856323242 0.24701379239559174
Pedestrian 0.0 0 -1.881249189376831 389.0150451660156 156.47140502929688 405.971923828125 192.94512939453125 0.49006724 1.9162471 0.74984086 -11.322752 1.0559007 38.318756 -2.1685619354248047 0.19740986824035645
Pedestrian 0.0 0 1.5959720611572266 99.02709197998047 158.69700622558594 137.55641174316406 262.15985107421875 1.5650114 1.6725882 0.5142231 -8.522785 1.4440831 12.458228 0.9959909915924072 0.10194697231054306
Cyclist 0.0 0 1.5861740112304688 99.04842376708984 158.09605407714844 138.11175537109375 263.57037353515625 1.66714 1.6977458 0.5263836 -8.517692 1.4605552 12.4517355 0.9862287044525146 0.30364367365837097
Cyclist 0.0 0 2.4113590717315674 491.18157958984375 182.28387451171875 514.7809448242188 209.2642364501953 1.4418838 1.5829335 0.50299245 -6.485857 2.1617754 43.545223 2.263500690460205 0.20937734842300415
Cyclist 0.0 0 0.32636821269989014 659.8291625976562 171.62364196777344 677.8283081054688 201.31002807617188 1.0048201 1.8050476 0.4659721 3.5780642 1.730595 44.282402 0.406994104385376 0.17075908184051514
Car 0.0 0 1.7947930097579956 400.3359069824219 185.8070831298828 500.7381286621094 261.2751770019531 3.497828 1.5010744 1.5213112 -3.6218243 1.8329756 16.708683 1.5813323259353638 0.9659630656242371
Car 0.0 0 2.9214835166931152 420.772216796875 182.2794952392578 500.47509765625 211.59286499023438 4.0526667 1.5073743 1.5053931 -8.226171 2.0449374 39.600063 2.716665267944336 0.8728988170623779
Car 0.0 0 3.4669508934020996 0.0 187.3607940673828 130.801513671875 332.6553649902344 4.2381115 1.6025883 1.7021465 -9.329228 1.8361192 9.940457 2.713261842727661 0.7756929397583008
Car 0.0 0 1.659232258796692 523.7463989257812 180.52305603027344 554.3667602539062 206.47552490234375 4.246251 1.5877225 1.6402382 -4.6590886 2.115934 47.529396 1.5615190267562866 0.43302032351493835
Car 0.0 0 0.8432816863059998 452.3125 177.4510498046875 514.526611328125 203.47703552246094 3.8790429 1.518585 1.6118134 -7.8784895 1.8146794 44.58058 0.668363094329834 0.20277349650859833
Car 0.0 0 1.8704273700714111 672.7647094726562 177.4779815673828 715.26123046875 205.5478515625 3.538341 1.5818229 1.5551612 5.0385056 1.8716054 43.227306 1.9864622354507446 0.20173276960849762
