Car 0.0 0 -1.709709882736206 656.7581787109375 183.21681213378906 725.7079467773438 233.0542755126953 3.9964163 1.3634009 1.5830816 2.404566 1.7174512 22.60086 -1.6037158966064453 0.9736266136169434
Car 0.0 0 0.37156084179878235 211.1968994140625 182.5300750732422 439.8997802734375 252.8534393310547 4.4861765 1.4781525 1.6782328 -6.3183846 1.7075258 16.234722 0.00040841102600097656 0.9680883884429932
Car 0.0 0 -2.433671236038208 0.0 191.52603149414062 249.51058959960938 345.81463623046875 3.8451629 1.4715067 1.5752388 -6.3312526 1.699491 7.9394293 -3.106851816177368 0.9330271482467651
Car 0.0 0 -0.636445939540863 916.718505859375 185.91677856445312 1242.0 337.80352783203125 4.235199 1.471563 1.7118481 5.8321056 1.6327204 8.008444 -0.007014341652393341 0.9330001473426819
Car 0.0 0 3.634512186050415 0.0 201.0980987548828 290.9831237792969 317.15191650390625 3.9046957 1.411641 1.5242306 -6.846696 1.8481216 10.187677 3.0427873134613037 0.884685218334198
Car 0.0 0 -1.6560602188110352 648.4427490234375 178.91180419921875 692.5599365234375 214.89834594726562 4.0508337 1.4520519 1.5850782 2.5664387 1.7366495 31.823551 -1.5755884647369385 0.8484627604484558
Car 0.0 0 0.8867464065551758 0.0 203.58468627929688 88.17992401123047 375.0 3.8404953 1.4752144 1.5921062 -6.5046697 1.7441013 5.4760423 0.0157012939453125 0.8057231903076172
Car 0.0 0 1.577468991279602 552.8184204101562 178.2030029296875 578.1801147460938 203.03421020507812 3.746552 1.5120634 1.5719734 -2.8987107 1.87263 46.67277 1.5154415369033813 0.7996560335159302
Car 0.0 0 0.23498758673667908 349.645263671875 177.13226318359375 486.8149719238281 224.21441650390625 4.0617075 1.4698327 1.6006863 -6.2179074 1.6147166 23.524292 -0.02342134527862072 0.7799835801124573
Car 0.0 0 0.3139539659023285 390.4756774902344 183.25030517578125 511.3056640625 221.1208038330078 4.439604 1.4344617 1.652811 -6.372624 1.8667312 28.93545 0.09717869758605957 0.6018877029418945
