Pedestrian 0.0 0 2.46376371383667 300.44354248046875 162.19967651367188 344.4932861328125 206.211181640625 1.7436547 1.8163502 0.61117023 -12.251359 1.377005 30.684603 2.0838892459869385 0.27185308933258057
Cyclist 0.0 0 2.46376371383667 300.44354248046875 162.19967651367188 344.4932861328125 206.211181640625 1.7436547 1.8163502 0.61117023 -12.251359 1.377005 30.684603 2.0838892459869385 0.287182480096817
Car 0.0 0 -2.2199032306671143 589.77880859375 165.53526306152344 648.3638305664062 190.02053833007812 4.029011 1.4743799 1.5768801 0.49382573 1.0340401 45.5323 -2.2090580463409424 0.6559523344039917
Car 0.0 0 -2.117662191390991 329.474609375 165.18170166015625 398.113525390625 196.30831909179688 3.6879861 1.4896244 1.577381 -12.456709 1.1228094 36.31307 -2.4481201171875 0.6397143006324768
Car 0.0 0 1.0944511890411377 272.20306396484375 163.56570434570312 352.32763671875 199.2249755859375 4.315843 1.5792316 1.6916422 -14.107229 1.1682417 33.990025 0.7010467052459717 0.6299164891242981
Car 0.0 0 -2.311635732650757 556.0347900390625 157.9359893798828 624.7777099609375 185.4376678466797 4.1678953 1.5521036 1.7072805 -1.2392602 0.71053874 42.80898 -2.340576171875 0.5653943419456482
Car 0.0 0 -1.9231798648834229 438.40557861328125 167.62319946289062 481.42425537109375 193.80242919921875 3.6401315 1.6818906 1.662542 -10.118119 1.3461947 48.336548 -2.1295268535614014 0.3589201271533966
Car 0.0 0 0.9469906091690063 757.2484130859375 165.8777313232422 808.64794921875 187.60592651367188 4.151161 1.5794146 1.673334 13.024427 1.0726695 54.68335 1.1808130741119385 0.3537505269050598
Car 0.0 0 -0.5289392471313477 415.7239990234375 173.0550994873047 493.9018249511719 202.81517028808594 3.6087012 1.4531295 1.6084093 -7.975706 1.4643228 37.064335 -0.7408926486968994 0.3228239119052887
Car 0.0 0 -2.301140785217285 627.281005859375 160.3249969482422 689.1263427734375 184.60459899902344 4.294556 1.539174 1.65109 3.1215851 0.7452713 47.937138 -2.236114263534546 0.27263814210891724
Car 0.0 0 -2.853761911392212 644.390625 165.61129760742188 711.2520751953125 188.5266571044922 4.339547 1.5417405 1.6271467 4.678195 1.054811 50.104122 -2.760662317276001 0.2704770267009735
