Pedestrian 0.0 0 2.555368423461914 990.8798217773438 120.56542205810547 1064.6461181640625 249.88034057617188 0.789223 1.7449908 0.39090237 5.77674 0.9378975 9.7515 3.090177297592163 0.5291075706481934
Pedestrian 0.0 0 -0.30384379625320435 509.70355224609375 165.0635223388672 521.0782470703125 187.69297790527344 0.8545233 1.9343642 0.5205458 -7.6941977 0.61604977 60.84815 -0.42962542176246643 0.44983339309692383
Pedestrian 0.0 0 -1.0799109935760498 117.28514862060547 152.21420288085938 142.2542266845703 193.2006072998047 0.8304159 1.9891614 0.7126429 -23.373175 0.6178282 34.758747 -1.6718999147415161 0.4472661018371582
Pedestrian 0.0 0 -0.07774750888347626 775.8972778320312 158.0957489013672 793.3089599609375 189.69554138183594 0.93173426 1.798714 0.49542454 10.293701 0.5248099 40.56475 0.17076659202575684 0.41695576906204224
Pedestrian 0.0 0 -2.2916901111602783 980.5676879882812 147.51434326171875 1039.9798583984375 218.50543212890625 1.3837124 1.7582736 0.5506859 10.394963 0.94289666 18.24003 -1.773698329925537 0.334842324256897
Pedestrian 0.0 0 -0.49945497512817383 274.8394470214844 179.6683807373047 321.0633850097656 262.8385009765625 0.6604127 1.650869 0.60178435 -6.327229 1.6359907 14.474771 -0.9115474224090576 0.2487185150384903
Pedestrian 0.0 0 3.5148048400878906 128.4325408935547 126.63372039794922 205.41273498535156 259.3620300292969 0.7412514 1.7936932 0.63270324 -6.181775 1.067414 9.928818 2.9579265117645264 0.2476014643907547
Cyclist 0.0 0 1.086888313293457 875.89501953125 156.4883575439453 906.45263671875 194.27703857421875 1.8566335 1.7431675 0.5394973 13.549551 0.6369812 33.561386 1.4706013202667236 0.4308871328830719
Cyclist 0.0 0 -2.158745765686035 980.534912109375 145.6866455078125 1036.33349609375 215.14724731445312 1.4577888 1.7274649 0.53353214 10.3944845 0.86326253 18.325325 -1.6427781581878662 0.2885447144508362
Car 0.0 0 -0.6887571811676025 1042.099853515625 155.67030334472656 1206.4832763671875 201.48049926757812 4.161291 1.4068348 1.6266234 16.521654 0.64587 22.641884 -0.05837887525558472 0.8888762593269348
Car 0.0 0 -0.8153572082519531 0.0 208.60105895996094 296.2181701660156 370.0 3.9049134 1.4512609 1.6004032 -3.173612 1.664351 3.359913 -1.5722484588623047 0.8360723257064819
