Pedestrian 0.0 0 1.7313299179077148 524.7598876953125 140.2313995361328 575.7377319335938 253.5372314453125 0.736266 1.6987994 0.68428856 -0.8853597 1.0967115 10.990188 1.6509443521499634 0.8794185519218445
Pedestrian 0.0 0 1.2221753597259521 708.0342407226562 132.455078125 769.1719360351562 243.3621063232422 0.9297873 1.7271667 0.69960606 2.1154368 0.9806154 11.522557 1.4037443399429321 0.7945765256881714
Pedestrian 0.0 0 0.06133360043168068 567.1102294921875 128.83091735839844 671.9896240234375 370.0 0.7336636 1.6869253 0.5964372 0.06773404 1.3295976 5.232834 0.07427692413330078 0.6614528894424438
Pedestrian 0.0 0 0.944011926651001 859.7514038085938 143.8333740234375 1007.8213500976562 370.0 0.8500646 1.6472297 0.5160413 2.1686108 1.4211456 4.856753 1.3639636039733887 0.6302696466445923
Pedestrian 0.0 0 0.8194162249565125 979.1058959960938 135.24522399902344 1156.3280029296875 370.0 0.8454076 1.6938281 0.56061953 2.992014 1.4230659 4.719541 1.3844348192214966 0.6221674680709839
Pedestrian 0.0 0 1.4520233869552612 244.9314422607422 134.51959228515625 295.80242919921875 244.61764526367188 0.8622324 1.7434189 0.6624605 -5.6071568 1.016968 11.732691 1.00620436668396 0.618252694606781
Pedestrian 0.0 0 0.9237274527549744 809.5797119140625 135.9573516845703 925.2556762695312 322.7266540527344 0.90602905 1.6623188 0.62071013 2.4509444 1.2675734 6.8128085 1.2690664529800415 0.6065487265586853
Pedestrian 0.0 0 1.1672435998916626 254.15606689453125 145.76190185546875 359.3470153808594 339.8480529785156 0.8379941 1.6785171 0.6260506 -2.8533008 1.3797944 6.6254005 0.7605879306793213 0.5993219614028931
Pedestrian 0.0 0 1.285552978515625 644.9237060546875 139.27630615234375 696.1672973632812 250.97389221191406 0.7081861 1.7151824 0.6363363 0.98832905 1.083827 11.261871 1.3730875253677368 0.5921025276184082
Pedestrian 0.0 0 -0.8705517649650574 638.79736328125 137.7050018310547 667.8541870117188 195.5601806640625 0.63839453 1.7881379 0.6584027 1.4934837 0.46702296 22.306168 -0.8036977052688599 0.42323076725006104
Pedestrian 0.0 0 0.5719169974327087 549.4534301757812 140.87791442871094 572.2547607421875 186.08523559570312 0.70748824 1.8190624 0.6197094 -1.825349 0.22623393 28.88836 0.5088145732879639 0.37955501675605774
Pedestrian 0.0 0 -2.8753256797790527 746.181640625 144.80885314941406 789.9085693359375 215.34092712402344 0.98245394 1.7819369 0.60565996 4.1986914 0.8818215 18.356764 -2.6504664421081543 0.3168226182460785
Pedestrian 0.0 0 -2.473475933074951 299.59014892578125 140.85630798339844 354.69989013671875 238.64756774902344 0.7089295 1.7033241 0.58958805 -5.0275335 1.0144571 12.694482 -2.850564479827881 0.29217565059661865
Pedestrian 0.0 0 -1.4597560167312622 342.3865661621094 149.87071228027344 361.44488525390625 192.94581604003906 0.79182076 1.8522456 0.7014476 -11.063678 0.53665006 30.864634 -1.8039458990097046 0.2500492334365845
Pedestrian 0.0 0 -1.2121952772140503 38.284034729003906 154.66722106933594 87.79095458984375 229.34063720703125 0.95402855 1.8770477 0.7323327 -14.07173 1.2292892 18.331047 -1.8668936491012573 0.2489360123872757
Pedestrian 0.0 0 -1.4604289531707764 356.7154541015625 149.9697723388672 374.42120361328125 189.67221069335938 0.8668626 1.9230675 0.7346545 -11.776446 0.44571486 34.74458 -1.7872201204299927 0.24456623196601868
Pedestrian 0.0 0 0.9557077288627625 733.0748901367188 128.73715209960938 842.8925170898438 316.8781433105469 0.9748026 1.7148706 0.5945505 1.7351195 1.2447617 7.001779 1.1986253261566162 0.2398861050605774
Pedestrian 0.0 0 1.2507537603378296 486.90447998046875 146.52822875976562 506.48931884765625 184.00086975097656 0.9661498 1.9164449 0.7390374 -5.646873 0.180466 36.75361 1.0983045101165771 0.23118069767951965
Cyclist 0.0 0 -2.89335560798645 742.0126342773438 146.30018615722656 794.254638671875 218.14578247070312 1.2084292 1.810013 0.61515677 4.1998744 0.9500074 18.35691 -2.6684370040893555 0.17252536118030548
