Pedestrian 0.0 0 0.620215892791748 186.84825134277344 131.7018585205078 313.767578125 334.7566223144531 0.7833973 1.6927557 0.6346879 -3.173303 1.2876575 6.2620163 0.15117955207824707 0.7300165295600891
Pedestrian 0.0 0 -1.8712584972381592 836.6845092773438 173.98135375976562 870.3826904296875 239.4409637451172 0.8762767 1.6090589 0.5649184 6.218627 1.450422 17.822773 -1.535550832748413 0.31870535016059875
Pedestrian 0.0 0 0.5437525510787964 261.74908447265625 167.0232391357422 311.376953125 255.4177703857422 0.6742369 1.681396 0.5915228 -6.2410035 1.4266822 13.777676 0.1184237003326416 0.22491109371185303
Pedestrian 0.0 0 -3.341372489929199 811.29296875 180.5421905517578 862.2010498046875 269.8639831542969 0.85780233 1.7299954 0.59170043 4.5463085 1.7324793 14.032047 -3.028050184249878 0.19594143331050873
Pedestrian 0.0 0 0.6135658025741577 203.5691375732422 149.5778045654297 252.54010009765625 237.8654327392578 0.6367728 1.701764 0.5783678 -7.473083 1.1073645 13.9492655 0.12174201011657715 0.13009844720363617
Pedestrian 0.0 0 1.0732362270355225 765.857666015625 150.44078063964844 824.2725219726562 254.58645629882812 0.7350063 1.7572399 0.72197056 3.2703 1.2517025 12.36752 1.331745982170105 0.11807623505592346
Cyclist 0.0 0 -3.4206953048706055 1071.3929443359375 158.84690856933594 1224.0 274.79638671875 1.8181666 1.5394745 0.85895693 7.801583 1.2536563 10.117113 -2.7638092041015625 0.7253631949424744
Cyclist 0.0 0 -1.5781550407409668 863.6351318359375 139.1383819580078 886.863037109375 251.74774169921875 1.7124957 1.8027954 0.34908438 4.5995727 1.1422797 12.178065 -1.2170252799987793 0.19721455872058868
Cyclist 0.0 0 -1.8715044260025024 835.8027954101562 173.7322998046875 869.3592529296875 239.2064208984375 0.8410751 1.6168891 0.5755907 6.21719 1.451357 17.885695 -1.5369632244110107 0.17702613770961761
Car 0.0 0 0.9079370498657227 0.0 135.4839324951172 143.1547088623047 272.7618103027344 4.545415 1.8420908 1.7782854 -9.778279 1.2397052 10.742467 0.16949033737182617 0.1683909147977829
Car 0.0 0 0.652269721031189 217.3985137939453 198.821044921875 374.09832763671875 259.0041198730469 3.7504218 1.4869939 1.5903256 -8.4968815 2.0235617 19.423918 0.23990607261657715 0.1538616418838501
Car 0.0 0 -1.1478098630905151 479.59478759765625 137.7413787841797 584.1463012695312 195.87281799316406 3.8914945 1.5569525 1.6343945 -2.0923033 0.41331792 21.03679 -1.2469431161880493 0.10150369256734848
