Car 0.0 0 -1.8258953094482422 718.1463623046875 182.7356719970703 908.525146484375 307.3163757324219 4.3736486 1.4728817 1.6510471 2.7798407 1.6549358 11.070099 -1.5798698663711548 0.9624013900756836
Car 0.0 0 -2.0697178840637207 816.594970703125 185.42520141601562 1242.0 375.0 3.7199686 1.4652973 1.5896424 2.7781227 1.5889621 5.2076383 -1.5796536207199097 0.9614226818084717
Car 0.0 0 2.048213243484497 0.0 200.05401611328125 374.1088562011719 375.0 3.9037821 1.5037681 1.666273 -3.5692477 1.8202895 6.407527 1.5399812459945679 0.9595015048980713
Car 0.0 0 1.8789241313934326 294.3577880859375 195.03570556640625 470.37139892578125 309.0497741699219 4.0602384 1.4679012 1.6201124 -3.6328964 1.9039398 12.12567 1.587830901145935 0.9590731263160706
Car 0.0 0 -1.7576948404312134 691.4736938476562 178.3988494873047 800.21240234375 252.67822265625 4.4644785 1.5124761 1.706077 3.0347252 1.6627867 17.267164 -1.583720326423645 0.9428742527961731
Car 0.0 0 -1.724700927734375 675.5667724609375 178.20445251464844 747.4649047851562 234.43788146972656 3.9412684 1.6055993 1.6570824 3.0881252 1.7909977 22.963987 -1.591025948524475 0.9420205354690552
Car 0.0 0 1.7492014169692993 449.70025634765625 185.58741760253906 522.9786987304688 242.27972412109375 3.8207583 1.5325739 1.5724831 -3.7691853 1.9600928 22.283468 1.5816402435302734 0.9265136122703552
Car 0.0 0 1.7355839014053345 407.541015625 188.45294189453125 492.45635986328125 260.2693176269531 3.4236622 1.4922212 1.4615989 -3.8264937 1.9086198 17.494871 1.5202540159225464 0.8406609892845154
Car 0.0 0 -1.790411353111267 636.8931884765625 176.45870971679688 677.462890625 204.20364379882812 4.132828 1.6111149 1.6335629 2.831788 1.8452737 44.62786 -1.7270429134368896 0.7145470380783081
Car 0.0 0 -3.4148406982421875 872.5646362304688 151.7429962158203 979.82470703125 194.283447265625 3.757349 1.6988217 1.664051 12.978316 0.8561271 29.891052 -3.005214214324951 0.6556138396263123
