Pedestrian 0.0 0 0.8930565118789673 1076.530517578125 154.80593872070312 1180.836181640625 318.41473388671875 0.6601458 1.7506003 0.6836623 5.7243648 1.5578455 8.067831 1.510149598121643 0.6454687118530273
Pedestrian 0.0 0 1.5975979566574097 750.6177368164062 171.34043884277344 767.9942626953125 217.92608642578125 0.66588545 1.8230395 0.6588335 5.8860426 1.7641674 28.632412 1.8003461360931396 0.6091124415397644
Pedestrian 0.0 0 -3.156205892562866 674.5562133789062 176.20872497558594 686.5518798828125 199.0426025390625 0.9049751 1.73393 0.48900744 5.3646855 1.9920297 55.15191 -3.0592398643493652 0.390908420085907
Pedestrian 0.0 0 0.6534312963485718 730.0474243164062 174.3114013671875 741.5623779296875 197.2910614013672 0.6757758 1.7850196 0.5797583 9.833988 1.9004962 56.546333 0.8256194591522217 0.24955034255981445
Pedestrian 0.0 0 2.519552230834961 867.6363525390625 164.51101684570312 929.0270385742188 222.74095153808594 1.6172031 1.6533643 0.5890352 8.328159 1.4168338 20.965475 2.897670269012451 0.22200071811676025
Pedestrian 0.0 0 -1.7523669004440308 685.7891845703125 173.03375244140625 699.8286743164062 205.15179443359375 1.2415409 1.7596352 0.5597974 4.56975 1.7701607 40.17335 -1.6391029357910156 0.1410587877035141
Cyclist 0.0 0 2.5255420207977295 870.145263671875 164.0649871826172 926.52783203125 221.9119415283203 1.4584535 1.6453077 0.574946 8.330077 1.3956851 20.970785 2.9036521911621094 0.22952845692634583
Cyclist 0.0 0 -1.785441517829895 682.8816528320312 173.9988555908203 698.165771484375 206.24412536621094 1.4990548 1.7594957 0.53702784 4.4434085 1.8248658 40.197067 -1.675347924232483 0.17483840882778168
Car 0.0 0 2.19112491607666 128.4162139892578 183.81480407714844 200.83201599121094 212.5437774658203 3.8032384 1.511292 1.6279306 -25.4963 2.1702075 41.39663 1.6390942335128784 0.32491838932037354
Car 0.0 0 0.97712641954422 1052.060302734375 159.19512939453125 1105.3011474609375 185.13014221191406 3.6636493 1.9937389 1.8013535 37.138355 0.94408 57.31336 1.5520857572555542 0.3029704988002777
Car 0.0 0 -1.3292527198791504 763.3648681640625 163.8372802734375 819.4336547851562 198.94573974609375 3.953433 1.5403562 1.64888 8.508457 1.1451125 33.786617 -1.0825531482696533 0.16480141878128052
