Pedestrian 0.0 0 1.0827245712280273 1017.130126953125 119.588623046875 1086.2628173828125 224.41839599609375 0.9303051 1.8093225 0.7002246 7.8448777 0.89033985 12.935099 1.6278951168060303 0.4588351547718048
Car 0.0 0 1.959926724433899 205.88150024414062 179.42115783691406 383.88128662109375 276.22174072265625 4.3415203 1.6334713 1.7573334 -6.1805987 1.7870141 14.64821 1.560654640197754 0.9577802419662476
Car 0.0 0 -2.2002182006835938 845.533203125 186.00491333007812 1242.0 375.0 3.9923282 1.5801464 1.6678714 2.8432696 1.6933553 4.1680555 -1.6015677452087402 0.9052958488464355
Car 0.0 0 1.6004648208618164 524.2122192382812 178.49053955078125 558.7842407226562 207.10296630859375 4.2270603 1.4638755 1.781279 -3.774993 1.79313 39.93296 1.5062116384506226 0.8726180195808411
Car 0.0 0 1.889563798904419 335.38250732421875 178.3704071044922 440.32696533203125 243.71865844726562 4.2350993 1.6897883 1.6851488 -6.408017 1.8682361 21.153482 1.5954214334487915 0.8409743309020996
Car 0.0 0 1.8045425415039062 434.1731262207031 184.55271911621094 488.9439697265625 221.70262145996094 3.9798052 1.4825261 1.5026327 -6.5643744 2.0355642 32.07189 1.6026540994644165 0.8389618396759033
Car 0.0 0 2.323469638824463 0.0 209.9376983642578 164.2799072265625 375.0 3.8163505 1.4688944 1.5952531 -6.0595374 1.9022442 6.5112677 1.5739909410476685 0.7819223403930664
Car 0.0 0 -1.5873042345046997 632.9258422851562 173.40562438964844 656.5263061523438 196.482666015625 4.364341 1.6467367 1.6781162 2.5261955 1.6899118 53.797104 -1.540380835533142 0.7665759921073914
Car 0.0 0 0.047261714935302734 1060.290283203125 143.6717071533203 1242.0 200.69277954101562 4.1784635 1.5050672 1.6046011 15.616704 0.7351609 20.987495 0.6869733333587646 0.6781741976737976
Car 0.0 0 1.7558778524398804 494.4590148925781 179.49807739257812 528.8292846679688 203.7473907470703 3.8437605 1.4718095 1.5301006 -6.36923 1.9213604 46.821316 1.6206750869750977 0.5765746831893921
