Pedestrian 0.0 0 2.8484702110290527 0.0 136.5264434814453 54.695369720458984 275.2453918457031 0.6092021 1.6943849 0.48403683 -7.597475 1.2510191 9.198156 2.158088445663452 0.35923483967781067
Car 0.0 0 -1.8676255941390991 702.80322265625 180.0166778564453 928.8922729492188 339.1481018066406 4.157245 1.6444868 1.6765896 2.4149542 1.7628733 9.76581 -1.6252022981643677 0.9603669047355652
Car 0.0 0 1.991850733757019 21.50382423400879 206.4739990234375 432.90667724609375 375.0 3.6144118 1.386547 1.5841123 -2.779484 1.755899 6.104344 1.564574122428894 0.9502751231193542
Car 0.0 0 -1.6380716562271118 630.0869140625 186.40557861328125 662.2042846679688 212.87741088867188 4.288437 1.4398582 1.6442101 2.1044004 2.2999585 43.61371 -1.5898581743240356 0.9377689957618713
Car 0.0 0 3.56736421585083 67.6154556274414 191.40420532226562 352.2001647949219 289.0295715332031 4.108324 1.556121 1.6992108 -6.9946194 1.9130573 12.871729 3.0695950984954834 0.8987179398536682
Car 0.0 0 3.5104167461395264 238.17652893066406 191.5095672607422 419.3372802734375 257.3469543457031 3.8307672 1.5012379 1.5611223 -6.841152 1.9788462 17.674286 3.1411080360412598 0.8837161064147949
Car 0.0 0 0.3573261499404907 389.8982849121094 188.4662322998047 502.5100402832031 231.1660919189453 3.9278183 1.5380406 1.5768617 -6.3124647 2.16243 27.793867 0.13399744033813477 0.44321706891059875
Car 0.0 0 0.09882249683141708 442.864501953125 173.33428955078125 524.4555053710938 205.5230712890625 4.3096414 1.738313 1.6981806 -6.982782 1.7659669 39.99906 -0.07400945574045181 0.43765732645988464
Car 0.0 0 0.15920373797416687 416.95782470703125 188.1240997314453 507.1448669433594 222.64031982421875 3.849946 1.5032105 1.5272952 -6.7567577 2.220188 33.013638 -0.042673975229263306 0.43356209993362427
Car 0.0 0 2.9087493419647217 710.24169921875 183.4968719482422 787.6033325195312 209.19561767578125 4.48093 1.5478768 1.7289326 8.633144 2.2294285 45.21651 3.097407817840576 0.4111194908618927
Car 0.0 0 0.16125699877738953 442.2623596191406 187.40890502929688 523.8602294921875 216.7572021484375 3.9749172 1.4604831 1.6551999 -6.6044 2.2366054 37.601997 -0.0126092080026865 0.3598797917366028
