Pedestrian 0.0 0 2.1961636543273926 290.5325622558594 163.3835906982422 387.69110107421875 317.95526123046875 0.78065133 1.6778713 0.734367 -3.0498073 1.4825752 8.269524 1.842839002609253 0.8991497755050659
Pedestrian 0.0 0 1.1401104927062988 966.263671875 162.8284149169922 1057.4197998046875 330.1836242675781 0.68410516 1.5925536 0.55443335 4.040684 1.4162481 7.1964116 1.6517293453216553 0.7706334590911865
Pedestrian 0.0 0 -1.4011532068252563 630.1271362304688 176.45120239257812 668.4623413085938 243.37466430664062 1.000601 1.5978935 0.7887301 1.1578344 1.4785446 17.726995 -1.3359310626983643 0.7022738456726074
Pedestrian 0.0 0 0.42244434356689453 114.87771606445312 185.3216552734375 160.75778198242188 269.0433349609375 0.64668316 1.7787671 0.61215925 -10.123362 1.8650901 15.642745 -0.15193192660808563 0.6732194423675537
Pedestrian 0.0 0 -2.017059326171875 687.2210083007812 184.88697814941406 736.6942749023438 288.7081298828125 0.6704842 1.6605163 0.57636696 1.7835321 1.7199111 11.917801 -1.86850905418396 0.6563513875007629
Pedestrian 0.0 0 -2.158508777618408 758.5799560546875 171.74362182617188 868.7713012695312 345.5319519042969 0.9370346 1.7593737 0.75563866 2.2406914 1.6619694 7.830791 -1.8798168897628784 0.6494841575622559
Pedestrian 0.0 0 1.666174054145813 718.4107666015625 180.8689422607422 760.3491821289062 298.9837341308594 0.62706167 1.6573086 0.5448899 1.9699687 1.6497724 10.453486 1.8524404764175415 0.6247784495353699
Pedestrian 0.0 0 0.4861382842063904 688.2788696289062 178.94578552246094 711.233154296875 224.04815673828125 0.6350579 1.6976365 0.6620807 3.744517 1.6025269 27.489267 0.6215224266052246 0.5410078763961792
Pedestrian 0.0 0 1.0110918283462524 665.2534790039062 179.90313720703125 690.2789916992188 224.06333923339844 0.7235568 1.6564856 0.6666312 2.8903806 1.5976179 27.414131 1.1161377429962158 0.5265851020812988
Pedestrian 0.0 0 1.525132656097412 771.7594604492188 179.73194885253906 823.6195068359375 324.92059326171875 0.7561521 1.7306365 0.58663535 2.395068 1.7109053 8.991757 1.7854511737823486 0.5128439664840698
Pedestrian 0.0 0 -1.9059548377990723 793.3365478515625 169.4013671875 834.3759155273438 252.9239959716797 0.630851 1.8280551 0.7098432 4.702791 1.5644753 16.05237 -1.6209641695022583 0.4725345969200134
Pedestrian 0.0 0 0.8296525478363037 169.60105895996094 177.73703002929688 270.2889404296875 327.529052734375 0.8530712 1.6935769 0.65774256 -4.5885596 1.6523836 8.57075 0.3381075859069824 0.45687466859817505
Pedestrian 0.0 0 2.4400572776794434 739.015380859375 175.5430145263672 784.9859008789062 261.85797119140625 0.6100765 1.7734096 0.7504511 3.3612528 1.6522574 15.230251 2.657271146774292 0.43823185563087463
Pedestrian 0.0 0 0.062373995780944824 85.58245086669922 184.10528564453125 125.89940643310547 264.0388488769531 0.69852996 1.7173885 0.6393363 -11.007639 1.7779762 15.914544 -0.5427405834197998 0.43784400820732117
Pedestrian 0.0 0 -2.1575613021850586 1036.1165771484375 175.6020965576172 1157.723876953125 365.4597473144531 0.6965428 1.706793 0.6734413 4.6171155 1.6551514 6.8064923 -1.5615206956863403 0.3546157777309418
Pedestrian 0.0 0 0.21917414665222168 45.07863235473633 179.68568420410156 95.27645111083984 265.44158935546875 0.71689224 1.7113473 0.6014238 -10.936356 1.6763865 14.752981 -0.41873443126678467 0.3484143018722534
Pedestrian 0.0 0 1.0335232019424438 730.5457153320312 171.66184997558594 783.9986572265625 271.1444091796875 0.82221 1.7526141 0.62016475 2.8001053 1.5805669 13.141481 1.243457555770874 0.2923620343208313
Pedestrian 0.0 0 0.8443871140480042 236.6107635498047 181.7972412109375 299.8555908203125 265.628662109375 1.0770663 1.7631811 0.71517223 -7.293128 1.7710977 15.651455 0.40833115577697754 0.2738414704799652
Cyclist 0.0 0 0.8636613488197327 167.0803680419922 177.228515625 272.70654296875 327.81939697265625 0.9116096 1.6950693 0.68433267 -4.5880218 1.6483411 8.567492 0.372006893157959 0.21953357756137848
Cyclist 0.0 0 -1.4555195569992065 631.948486328125 176.74551391601562 667.0781860351562 246.86288452148438 0.9775632 1.6724219 0.7577926 1.1595628 1.5602179 17.679873 -1.3900268077850342 0.1605454832315445
Car 0.0 0 1.6597918272018433 545.2623291015625 183.30398559570312 595.7897338867188 221.26783752441406 4.3643985 1.4601167 1.729289 -1.2341733 1.5421231 30.055864 1.6187522411346436 0.9320870041847229
