Pedestrian 0.0 0 1.465061068534851 768.602783203125 166.00833129882812 825.2355346679688 285.09527587890625 0.87360924 1.707419 0.72678864 2.872165 1.4866203 10.78411 1.7253519296646118 0.7831907868385315
Pedestrian 0.0 0 3.0409178733825684 436.7099609375 177.40396118164062 456.1429138183594 237.36672973632812 0.45805642 1.5971329 0.57570666 -4.2372346 1.4891976 19.475166 2.8266854286193848 0.6778024435043335
Pedestrian 0.0 0 1.9811697006225586 548.7086181640625 177.13531494140625 570.684814453125 217.80775451660156 0.85252774 1.7869133 0.6986205 -1.8727669 1.5961074 32.07747 1.9228532314300537 0.5166705846786499
Pedestrian 0.0 0 1.8563718795776367 447.8183898925781 180.89346313476562 472.4743957519531 233.72515869140625 0.7307665 1.6798466 0.60234886 -4.589529 1.6616625 23.228804 1.6613050699234009 0.379707932472229
Pedestrian 0.0 0 0.14630897343158722 600.7177124023438 179.72698974609375 615.8218994140625 207.23471069335938 0.8980449 1.7056493 0.36792415 0.43282133 1.5964447 44.7901 0.15597200393676758 0.29321056604385376
Pedestrian 0.0 0 -0.8422219157218933 310.373779296875 154.16549682617188 328.5306396484375 190.5370330810547 0.59491915 1.8426553 0.6295847 -14.442283 0.45870566 36.77791 -1.2164099216461182 0.2900238335132599
Pedestrian 0.0 0 2.073568820953369 252.02813720703125 183.20848083496094 296.7263488769531 275.3790588378906 0.5030122 1.572743 0.53487325 -5.742672 1.6044773 12.53496 1.643972635269165 0.2819090783596039
Pedestrian 0.0 0 3.1815011501312256 424.5407409667969 190.84161376953125 444.8197021484375 234.7035675048828 0.7056421 1.585134 0.6199379 -6.164995 1.9354564 26.485756 2.9528069496154785 0.21495842933654785
Pedestrian 0.0 0 0.3507612645626068 323.3342590332031 161.1389617919922 392.9193420410156 277.77752685546875 0.91314644 1.8504146 0.6396085 -3.9993591 1.5286924 11.723193 0.021992921829223633 0.2114589810371399
Pedestrian 0.0 0 0.6773342490196228 593.375 177.8267364501953 609.1893310546875 207.0777130126953 0.7776862 1.7064296 0.52060753 -0.0075607 1.4929181 42.349815 0.6771557331085205 0.2055012583732605
Pedestrian 0.0 0 2.203752279281616 527.3980102539062 183.69793701171875 549.7210693359375 222.33680725097656 0.8231642 1.881562 0.763266 -3.1209168 1.9930236 35.58956 2.116284132003784 0.20330309867858887
Pedestrian 0.0 0 2.936458110809326 560.8510131835938 177.7767791748047 570.169677734375 196.21429443359375 0.77788144 1.6986717 0.49100605 -3.2903855 1.3560108 66.51401 2.8870294094085693 0.16869796812534332
Pedestrian 0.0 0 -2.4954075813293457 50.371376037597656 193.1383056640625 262.7209167480469 374.0 1.4843458 1.733454 0.63968414 -3.8832097 1.8423052 6.24567 -3.0516622066497803 0.1449337899684906
Pedestrian 0.0 0 -0.5188586711883545 508.7659912109375 182.34805297851562 547.1482543945312 221.52798461914062 1.6383628 1.7547199 0.6642064 -3.3767104 1.7954192 32.947483 -0.6209897398948669 0.13587722182273865
Pedestrian 0.0 0 -1.5501699447631836 397.5509033203125 175.66542053222656 418.9446105957031 231.01156616210938 1.1635133 1.716645 0.63800025 -6.181332 1.5367876 22.919025 -1.8136050701141357 0.10758967697620392
Cyclist 0.0 0 -0.523534893989563 508.3557434082031 181.19798278808594 547.45263671875 221.1806182861328 1.6747195 1.7927183 0.6709616 -3.3807836 1.7801193 32.96802 -0.6257250308990479 0.471241295337677
Cyclist 0.0 0 -0.9614304304122925 489.0306091308594 178.07284545898438 510.3822937011719 207.7896728515625 1.5861696 1.624618 0.33240414 -5.664379 1.4380784 40.051357 -1.101926565170288 0.42441657185554504
Cyclist 0.0 0 -1.2910642623901367 383.3871154785156 172.07223510742188 419.53924560546875 231.839599609375 1.8305738 1.8211625 0.6275451 -6.3523993 1.5350082 22.803446 -1.5627481937408447 0.20358721911907196
Cyclist 0.0 0 1.6909675598144531 411.2989807128906 169.56997680664062 434.89306640625 218.67176818847656 1.652777 1.796037 0.6745879 -6.743272 1.3607057 27.134148 1.4473860263824463 0.18465200066566467
Car 0.0 0 -1.6913172006607056 627.079833984375 151.16017150878906 714.8133544921875 229.74185180664062 3.6513753 1.6132935 1.5550317 1.4606404 0.9916511 16.595062 -1.6035268306732178 0.29447847604751587
Car 0.0 0 2.221074342727661 473.82659912109375 187.44898986816406 554.2528076171875 223.3852081298828 3.8226779 1.4606056 1.548264 -3.8253405 1.7426864 31.907955 2.101757049560547 0.1534806191921234
