Pedestrian 0.0 0 2.6147828102111816 986.7487182617188 161.43438720703125 1008.6138305664062 197.9088592529297 0.89818364 1.9269053 0.49304986 20.581572 1.3239782 38.377167 3.1070449352264404 0.35844919085502625
Pedestrian 0.0 0 1.469888687133789 1055.277099609375 163.87509155273438 1075.4808349609375 207.8065948486328 0.504512 1.7958208 0.65891254 18.803125 1.4291414 29.86457 2.0317983627319336 0.35149505734443665
Pedestrian 0.0 0 0.6500685811042786 891.2945556640625 117.13127899169922 946.5866088867188 184.05389404296875 1.4131808 1.854619 0.5533903 8.817677 0.3107394 20.743956 1.0520002841949463 0.22682315111160278
Pedestrian 0.0 0 1.4772758483886719 834.7801513671875 136.13966369628906 863.359619140625 204.44058227539062 0.8968671 1.8407904 0.666819 6.554827 0.85165364 19.954803 1.794655442237854 0.1840393841266632
Cyclist 0.0 0 1.5200215578079224 640.2590942382812 172.15293884277344 652.0447387695312 201.6186981201172 1.7473582 1.7215247 0.6113957 2.1152606 1.6809237 43.026974 1.569143295288086 0.7297061085700989
Cyclist 0.0 0 0.6972391605377197 889.4963989257812 116.13739776611328 944.5791015625 182.73423767089844 1.4258122 1.8508906 0.57234174 8.7924795 0.2749542 20.815506 1.0969059467315674 0.2314872145652771
Car 0.0 0 -1.5369981527328491 580.4119873046875 177.21051025390625 608.189697265625 202.8212127685547 4.230998 1.5788816 1.6814394 -1.0202477 1.8778504 47.328354 -1.5585516691207886 0.628613293170929
Car 0.0 0 1.7511038780212402 403.4203186035156 183.9725799560547 457.84124755859375 222.24859619140625 3.5751023 1.4021442 1.5297531 -7.263531 1.8826581 29.325016 1.5082999467849731 0.5121346116065979
Car 0.0 0 1.6402480602264404 442.0880432128906 183.97195434570312 479.05352783203125 215.25498962402344 3.7881804 1.4524022 1.5929135 -7.6270156 2.051802 36.89043 1.4363727569580078 0.331618994474411
Car 0.0 0 1.8573379516601562 317.7372131347656 171.6952362060547 424.0932312011719 234.21615600585938 4.604868 1.6718116 1.7786665 -7.039246 1.6411839 21.617836 1.5425434112548828 0.26736095547676086
Car 0.0 0 -1.5488812923431396 1070.29296875 164.9403839111328 1096.3468017578125 185.79403686523438 3.6262655 1.5490439 1.5992366 36.429096 0.9615644 55.54132 -0.9683754444122314 0.21996840834617615
Car 0.0 0 1.196923851966858 650.1700439453125 182.04571533203125 687.5595092773438 206.2725830078125 4.024902 1.8328933 1.6547326 4.696308 2.6047678 58.394596 1.2771748304367065 0.18333277106285095
