Car 0.0 0 -1.9535375833511353 811.8422241210938 182.4961395263672 1096.274169921875 344.04852294921875 3.7514842 1.4694589 1.6953343 3.7124138 1.6111467 8.679755 -1.5493742227554321 0.9693127274513245
Car 0.0 0 1.912695050239563 273.1634521484375 189.6385955810547 432.9366455078125 284.7174377441406 3.8718042 1.4457297 1.6015362 -4.6819477 1.8077208 13.59911 1.5811220407485962 0.9635191559791565
Car 0.0 0 2.087876081466675 0.0 194.716064453125 329.6065368652344 375.0 4.017387 1.4719509 1.6116478 -4.738499 1.7771928 8.038693 1.555241584777832 0.9543524384498596
Car 0.0 0 -1.7467013597488403 709.5231323242188 181.46636962890625 801.3495483398438 244.73123168945312 3.978458 1.450287 1.6764784 3.6715956 1.7023443 19.083506 -1.556627631187439 0.9510170817375183
Car 0.0 0 -1.8267499208450317 738.7454833984375 178.9561767578125 888.9934692382812 274.77313232421875 4.241439 1.526699 1.6956532 3.6519349 1.6624597 13.885878 -1.5695773363113403 0.9508181214332581
Car 0.0 0 1.8176898956298828 377.09515380859375 184.6228790283203 482.18902587890625 250.11805725097656 4.3396807 1.4572799 1.6583353 -4.6430097 1.8032326 19.009438 1.5781325101852417 0.9417584538459778
Car 0.0 0 1.7191472053527832 518.2113037109375 176.88597106933594 558.6229858398438 205.1278533935547 4.042634 1.4406619 1.6197731 -3.8945303 1.6729974 39.451233 1.6207484006881714 0.7999500036239624
Car 0.0 0 -2.401099443435669 1027.70263671875 199.3187255859375 1242.0 375.0 3.6842995 1.5015327 1.5874065 3.7563083 1.6939762 3.3868127 -1.564019799232483 0.7587034106254578
Car 0.0 0 1.6974387168884277 502.9361572265625 176.83694458007812 544.085205078125 210.98251342773438 3.4436471 1.5529392 1.5575019 -4.17852 1.7557402 34.94354 1.5784246921539307 0.7554771304130554
Car 0.0 0 -1.739958643913269 686.3931884765625 173.41360473632812 743.650634765625 213.1864776611328 4.200719 1.5393834 1.6629508 4.258738 1.5647401 30.10696 -1.5994373559951782 0.6248511075973511
