Pedestrian 0.0 0 1.5078227519989014 374.3830261230469 174.9219207763672 406.8899230957031 245.54928588867188 1.1668713 1.812874 0.753781 -5.9065504 1.8703172 19.236483 1.2099112272262573 0.2215261310338974
Pedestrian 0.0 0 -2.5009005069732666 384.5480651855469 157.17764282226562 397.4999084472656 188.3277587890625 0.4548001 1.884566 0.65624285 -13.395872 0.93651175 44.035645 -2.796210765838623 0.2150367647409439
Pedestrian 0.0 0 -0.5468404293060303 686.5092163085938 161.92564392089844 701.7910766601562 197.67816162109375 0.546173 1.8123748 0.597352 4.2717876 1.2587495 36.95916 -0.4317697286605835 0.18347355723381042
Pedestrian 0.0 0 -1.888671875 412.90167236328125 152.00021362304688 430.6540222167969 193.70608520507812 0.46128199 1.9656694 0.7099691 -9.010899 0.9831524 34.391018 -2.1449246406555176 0.16620388627052307
Pedestrian 0.0 0 1.9662011861801147 406.14276123046875 158.84556579589844 443.18524169921875 218.81448364257812 1.2440416 1.8379416 0.7101573 -5.882765 1.4089656 22.777292 1.7134512662887573 0.15246105194091797
Pedestrian 0.0 0 -0.09106846153736115 730.3314208984375 138.9891815185547 762.4356079101562 200.2025909423828 0.90675277 1.8343196 0.61411476 4.098471 0.819885 21.966833 0.09338617324829102 0.15244647860527039
Pedestrian 0.0 0 0.5145713090896606 638.0294799804688 167.95947265625 651.524169921875 190.70657348632812 0.94657975 1.7978444 0.50797427 2.746065 1.4113566 57.492073 0.5622992515563965 0.12595400214195251
Pedestrian 0.0 0 -3.4140005111694336 955.5885009765625 83.63666534423828 1079.3363037109375 287.3831481933594 0.89356506 1.8455954 0.64484704 3.8347712 1.0377965 6.9495983 -2.909778356552124 0.11763908714056015
Cyclist 0.0 0 2.2697925567626953 404.0791015625 160.56443786621094 447.1000061035156 218.7713623046875 1.3357366 1.7797836 0.5991998 -5.85755 1.4043655 22.791344 2.0182294845581055 0.17678450047969818
Car 0.0 0 1.8097892999649048 427.37530517578125 177.4344940185547 532.2349853515625 250.07958984375 4.0004463 1.5953764 1.6826489 -3.1836972 1.7240088 18.152662 1.636170506477356 0.9388684034347534
Car 0.0 0 -1.6285101175308228 536.691650390625 172.4120635986328 562.8572387695312 195.6873321533203 3.3748195 1.512439 1.5608343 -4.120552 1.4840797 48.664135 -1.712981939315796 0.6928418874740601
Car 0.0 0 3.0978219509124756 432.0530090332031 170.54124450683594 498.8841857910156 198.97213745117188 3.7743032 1.6188245 1.6867259 -8.535169 1.4874971 42.35291 2.898960590362549 0.28827160596847534
Car 0.0 0 -1.526827096939087 545.9237060546875 170.4769287109375 570.0401000976562 194.30337524414062 4.124819 1.7637203 1.6722844 -3.9919863 1.5881178 55.492985 -1.5986402034759521 0.21210752427577972
Car 0.0 0 1.4926016330718994 236.07615661621094 163.85426330566406 294.8629455566406 212.40261840820312 3.1800354 1.4204767 1.4247419 -10.99522 1.1575114 22.841328 1.0439655780792236 0.11728633940219879
