Car 0.0 0 -1.718371868133545 667.5484008789062 178.6726837158203 742.1702880859375 234.73985290527344 3.8921685 1.5178275 1.6661383 2.7338881 1.7106886 21.90333 -1.5941979885101318 0.967119038105011
Car 0.0 0 -1.8522977828979492 713.492431640625 161.73048400878906 920.0593872070312 308.00689697265625 4.3733664 1.7510409 1.7227226 2.7478843 1.6182418 10.848866 -1.6042273044586182 0.9660422801971436
Car 0.0 0 3.50166916847229 200.75442504882812 177.00192260742188 403.3032531738281 256.83416748046875 3.5785162 1.5724025 1.6205809 -6.407611 1.6651034 15.180379 3.1022589206695557 0.9438625574111938
Car 0.0 0 -1.7428562641143799 686.308837890625 184.05650329589844 791.3466796875 259.4744567871094 3.9287055 1.4588225 1.6757587 2.7558062 1.7461269 16.509186 -1.5774556398391724 0.9196597337722778
Car 0.0 0 0.6674970984458923 0.0 183.31820678710938 272.9132995605469 336.5350036621094 4.1592155 1.513343 1.5752041 -6.2550697 1.6418419 8.0331 0.0059032440185546875 0.9090967774391174
Car 0.0 0 -2.5392675399780273 0.0 190.35226440429688 326.4964599609375 302.7164306640625 4.0312605 1.4428434 1.5341142 -6.4502134 1.7161273 10.39084 -3.0948116779327393 0.8914177417755127
Car 0.0 0 -1.673668384552002 646.3074951171875 177.13690185546875 688.6580810546875 212.85682678222656 3.8077688 1.5591931 1.5874227 2.6047854 1.7720815 33.878098 -1.596932291984558 0.8907108902931213
Car 0.0 0 3.5202927589416504 117.18614959716797 187.1717071533203 360.2437438964844 281.2601623535156 3.549316 1.5212278 1.4829079 -6.506835 1.7941729 12.835445 3.0511064529418945 0.8628019094467163
Car 0.0 0 -2.7875421047210693 241.75048828125 167.55264282226562 449.7781677246094 244.54603576660156 4.4113894 1.772824 1.7257885 -6.332458 1.6511147 17.488678 -3.134945869445801 0.8612273931503296
Car 0.0 0 -1.6437139511108398 635.2985229492188 173.2476806640625 665.1141357421875 200.55975341796875 3.6349292 1.6161551 1.5710181 2.4143188 1.6418369 44.578022 -1.5896074771881104 0.8087781071662903
Car 0.0 0 3.2810206413269043 444.1338195800781 173.42355346679688 524.8678588867188 206.00900268554688 3.8821068 1.6274018 1.6581029 -6.4156456 1.657636 36.955475 3.1091291904449463 0.7868863344192505
Car 0.0 0 0.8588523268699646 0.0 195.6171112060547 104.93911743164062 375.0 3.8519397 1.5062685 1.5877597 -6.512941 1.7112991 5.6807914 0.0053157806396484375 0.7825862765312195
