Pedestrian 0.0 0 1.5422991514205933 513.7543334960938 167.59925842285156 539.346435546875 221.8375244140625 0.689124 1.6757383 0.77927154 -2.3866804 1.2473755 22.584429 1.4370118379592896 0.6303161382675171
Pedestrian 0.0 0 2.271392583847046 366.63970947265625 186.0270233154297 437.7732238769531 311.6588134765625 0.7686114 1.5810887 0.5440818 -2.6789188 1.6454194 9.533372 1.997452735900879 0.3692813813686371
Pedestrian 0.0 0 0.2814111113548279 330.8458557128906 192.8826904296875 417.5921936035156 337.9733581542969 0.7874999 1.6131387 0.79084915 -2.697741 1.7549103 8.453686 -0.02749347686767578 0.3173597753047943
Pedestrian 0.0 0 0.23278376460075378 173.85629272460938 153.3725128173828 261.045654296875 308.3147277832031 0.80047673 1.7703056 0.6294803 -4.6273937 1.4502827 8.611922 -0.2602754235267639 0.29643118381500244
Pedestrian 0.0 0 1.8432435989379883 416.20025634765625 183.0573272705078 471.59588623046875 289.49542236328125 0.6458067 1.678547 0.7351437 -2.592718 1.7058973 11.677851 1.6247673034667969 0.2592795789241791
Pedestrian 0.0 0 2.233110189437866 184.29617309570312 169.79330444335938 264.5468444824219 312.35284423828125 0.7055769 1.777685 0.6254116 -4.942161 1.6330425 9.357044 1.7471771240234375 0.24333640933036804
Pedestrian 0.0 0 2.0167670249938965 712.7188720703125 178.4877471923828 748.9435424804688 245.6144561767578 0.686975 1.7308925 0.71810704 3.3941894 1.654395 19.0084 2.193467378616333 0.24283508956432343
Pedestrian 0.0 0 -1.7019294500350952 515.9268798828125 168.509033203125 536.3367309570312 211.7823028564453 0.695826 1.7939233 0.7681051 -3.185942 1.2563574 30.204597 -1.807019591331482 0.2338462918996811
Pedestrian 0.0 0 2.000546932220459 397.569580078125 192.7914276123047 455.37237548828125 307.18646240234375 0.62677824 1.6508095 0.6439154 -2.6662369 1.8277626 10.804073 1.7586005926132202 0.20387251675128937
Cyclist 0.0 0 -1.8351656198501587 644.4281616210938 169.65280151367188 662.6456909179688 207.11300659179688 1.6791178 1.6269674 0.38207072 2.3022327 1.1133809 32.05664 -1.763471007347107 0.3241438567638397
Cyclist 0.0 0 -1.8181551694869995 657.6554565429688 181.06790161132812 678.835693359375 224.89559936523438 1.5870929 1.5991414 0.4136115 2.482113 1.5844191 27.023293 -1.7265613079071045 0.17566077411174774
Cyclist 0.0 0 -1.299580454826355 384.05108642578125 189.06906127929688 459.7643127441406 334.0045471191406 0.81259584 1.6105543 0.67283875 -2.1356955 1.7051823 8.436873 -1.5475106239318848 0.13713103532791138
Car 0.0 0 -2.142963171005249 831.3553466796875 81.83130645751953 1238.0 374.0 3.8129687 1.7900987 1.5772924 3.1040716 1.3280212 5.274689 -1.6110541820526123 0.9261224865913391
Car 0.0 0 3.0310733318328857 454.2984313964844 173.29095458984375 516.8011474609375 198.6156463623047 3.6987343 1.538945 1.6675755 -7.2593145 1.0408417 44.94742 2.8709492683410645 0.3339346945285797
