Car 0.0 0 -1.364244818687439 409.58746337890625 182.85044860839844 489.4560852050781 236.75790405273438 3.7041388 1.4502935 1.5678185 -4.6061106 1.3877916 21.193747 -1.5782502889633179 0.9818899631500244
Car 0.0 0 -1.2043766975402832 216.84487915039062 188.73451232910156 406.2179260253906 291.689208984375 3.9632208 1.3949368 1.526417 -4.6777325 1.463878 11.860538 -1.580041527748108 0.9651918411254883
Car 0.0 0 -1.3891915082931519 442.5747985839844 179.68836975097656 501.1026916503906 218.71397399902344 3.9479628 1.4857388 1.6598492 -5.5047793 1.2764398 29.340866 -1.5746502876281738 0.8974699974060059
Car 0.0 0 -1.0466713905334473 98.72785186767578 177.0640106201172 230.2047119140625 234.17739868164062 3.4230297 1.439526 1.5828991 -12.126145 1.2351964 19.84507 -1.5951695442199707 0.8926253318786621
Car 0.0 0 -1.557922124862671 574.7700805664062 174.92030334472656 610.9127197265625 208.1232147216797 3.9016342 1.5503647 1.687759 -0.74586546 1.0707666 35.519817 -1.5789176225662231 0.8858583569526672
Car 0.0 0 -1.2831087112426758 352.0695495605469 180.48690795898438 413.8584289550781 218.40380859375 3.4499307 1.4410096 1.4641927 -9.0483055 1.262426 29.051144 -1.5850470066070557 0.8777257204055786
Car 0.0 0 -0.8624122738838196 0.0 180.6294403076172 157.982666015625 307.5369873046875 3.711837 1.4725411 1.5577091 -8.406179 1.4204566 10.2080345 -1.5513111352920532 0.7543073296546936
Car 0.0 0 -1.2657201290130615 346.2198486328125 181.93016052246094 399.7177734375 211.78236389160156 3.5741634 1.4934776 1.6752077 -12.296068 1.3302369 37.7551 -1.580566644668579 0.6734748482704163
Car 0.0 0 -1.3481234312057495 423.35369873046875 171.93206787109375 467.23590087890625 199.75732421875 3.5955324 1.4684514 1.6125971 -8.954176 0.7685516 39.73175 -1.5697859525680542 0.605553150177002
Car 0.0 0 -1.2008781433105469 213.59149169921875 184.54644775390625 328.49066162109375 248.31655883789062 3.4775586 1.5078511 1.5581167 -8.700334 1.4931581 18.778656 -1.6347451210021973 0.5837477445602417
