Pedestrian 0.0 0 1.9804601669311523 838.7854614257812 171.08494567871094 867.7841186523438 221.66055297851562 0.9794148 1.6709989 0.58907676 8.185586 1.6129084 24.39756 2.3041670322418213 0.27877941727638245
Pedestrian 0.0 0 2.4842216968536377 779.441650390625 178.76560974121094 807.9517822265625 226.8815460205078 0.78563607 1.7049714 0.61851966 6.60241 1.922904 26.112993 2.7318716049194336 0.2441580444574356
Pedestrian 0.0 0 1.487433671951294 937.5692749023438 155.23922729492188 959.7364501953125 204.24417114257812 0.67912185 1.8020996 0.694602 12.60944 1.1546947 26.969852 1.924776315689087 0.24191026389598846
Cyclist 0.0 0 1.9647867679595947 839.943115234375 168.30072021484375 866.7349853515625 218.4163360595703 0.88860434 1.6609821 0.56278086 8.198128 1.510431 24.430937 2.2885429859161377 0.15128712356090546
Car 0.0 0 1.390787959098816 421.24609375 184.64837646484375 499.51025390625 236.3970184326172 4.006342 1.400152 1.6983336 -4.834045 1.806964 22.687054 1.1808524131774902 0.9245002269744873
Car 0.0 0 1.5632143020629883 348.6013488769531 181.74122619628906 402.5638732910156 230.9112091064453 3.3718581 1.3848882 1.5102199 -7.470987 1.6890367 22.82283 1.2468609809875488 0.8860815763473511
Car 0.0 0 -2.2260634899139404 91.30841064453125 174.306884765625 343.9383239746094 291.850341796875 4.3530073 1.8864435 1.814463 -7.307443 1.9170736 13.325336 -2.7276675701141357 0.7253296971321106
Car 0.0 0 -2.0268664360046387 0.0 205.49417114257812 60.452392578125 283.3810119628906 3.2587428 1.4904537 1.5092825 -14.265812 2.2851572 16.234852 -2.7477967739105225 0.5857925415039062
Car 0.0 0 1.5483332872390747 986.6575317382812 179.3015594482422 1041.4171142578125 226.8468475341797 3.668438 1.4833496 1.5503138 13.904169 1.7251316 25.03055 2.05538010597229 0.4108394980430603
Car 0.0 0 0.1486937403678894 0.0 188.0740966796875 76.43807983398438 227.51564025878906 3.5768342 1.4477789 1.6439326 -24.06607 2.1016707 29.357 -0.537988007068634 0.2896747291088104
Car 0.0 0 -2.8047983646392822 351.0722351074219 166.63772583007812 446.93798828125 199.59243774414062 4.1401486 1.545863 1.5864646 -10.154093 1.2546238 34.744335 -3.0891315937042236 0.25904953479766846
Car 0.0 0 -2.51312518119812 200.5226593017578 156.2784881591797 295.0914611816406 187.2701873779297 4.261483 1.5679407 1.6403128 -18.910538 0.7297054 37.656704 -2.9785172939300537 0.21232320368289948
