Pedestrian 0.0 0 -0.49017494916915894 1085.4666748046875 212.2967071533203 1201.77197265625 375.0 0.9374361 1.8764974 0.6123998 6.2859325 2.367874 8.610832 0.14040470123291016 0.15509255230426788
Pedestrian 0.0 0 1.2863693237304688 709.239013671875 157.1623077392578 734.7727661132812 203.3557891845703 1.492211 1.6577978 0.5317821 4.083913 1.0950102 26.666578 1.4383357763290405 0.11481065303087234
Cyclist 0.0 0 1.5476322174072266 877.7411499023438 173.34710693359375 923.9573364257812 297.55780029296875 1.8557706 1.880096 0.65274185 4.7179112 1.8892671 11.909995 1.9247982501983643 0.38007789850234985
Cyclist 0.0 0 1.2897348403930664 709.5169067382812 157.05882263183594 734.1000366210938 203.0245819091797 1.4105113 1.6531426 0.52450573 4.079877 1.0854324 26.6803 1.441476583480835 0.22293028235435486
Cyclist 0.0 0 1.659023404121399 349.02862548828125 176.59170532226562 369.0134582519531 220.79098510742188 1.715689 1.6899565 0.60320395 -9.994247 1.8434006 28.643944 1.3233171701431274 0.12401079386472702
Car 0.0 0 2.037497043609619 157.3021240234375 186.561279296875 330.2995300292969 266.4847106933594 4.2515926 1.4789244 1.7086686 -8.025117 1.8278124 16.211763 1.5778429508209229 0.9686837196350098
Car 0.0 0 1.7544662952423096 504.4306335449219 177.5025634765625 531.5300903320312 195.17955017089844 4.07453 1.4405153 1.5929836 -7.8880873 1.853528 61.969063 1.6278564929962158 0.6039167642593384
Car 0.0 0 1.3401050567626953 605.5946655273438 175.5383758544922 639.239501953125 200.02291870117188 3.9356718 1.6926483 1.5796949 0.83355415 1.895845 52.42752 1.356002926826477 0.16796545684337616
Car 0.0 0 1.8079873323440552 634.1358642578125 176.56600952148438 674.7474365234375 202.80322265625 3.9947834 1.530235 1.6267264 2.776247 1.7723198 44.835793 1.869828701019287 0.16337448358535767
Car 0.0 0 1.5188082456588745 726.3821411132812 188.6403350830078 750.2586669921875 210.24261474609375 3.9854846 1.6027035 1.6999953 10.373228 2.9319496 58.654064 1.6938526630401611 0.15921226143836975
Car 0.0 0 0.9510097503662109 881.9150390625 234.02374267578125 1151.3231201171875 375.0 3.88008 1.4913208 1.6438836 5.9346156 2.6156325 11.222929 1.437426209449768 0.12258975207805634
