Pedestrian 0.0 0 1.8246232271194458 753.3634033203125 146.75294494628906 853.2162475585938 345.1092224121094 0.89931124 1.6648574 0.68177027 1.816599 1.374603 6.586372 2.0937440395355225 0.8879781365394592
Pedestrian 0.0 0 -1.8295602798461914 597.0413208007812 166.51828002929688 625.5459594726562 230.18927001953125 0.84040755 1.7380956 0.5998581 0.23857377 1.3302798 20.08731 -1.8176840543746948 0.7885900139808655
Pedestrian 0.0 0 1.338100552558899 557.9296264648438 164.8144989013672 588.795166015625 232.32269287109375 0.8192056 1.7571164 0.64987975 -0.7879504 1.3239949 19.176546 1.2970343828201294 0.7300514578819275
Pedestrian 0.0 0 -0.5387586951255798 624.5149536132812 167.34991455078125 655.053955078125 226.1049346923828 0.67106766 1.6842693 0.6154679 1.0906208 1.2797831 21.018116 -0.48691561818122864 0.6930195689201355
Pedestrian 0.0 0 1.4934923648834229 587.870361328125 164.64236450195312 608.8568115234375 215.55934143066406 1.0005063 1.8849059 0.71488094 -0.14309071 1.2618881 27.11761 1.488215684890747 0.6808425784111023
Pedestrian 0.0 0 -1.1678543090820312 951.9967041015625 129.9223175048828 1037.8717041015625 280.8916931152344 0.91037625 1.6836635 0.58612144 4.624997 1.1098044 8.520982 -0.6705730557441711 0.6616676449775696
Pedestrian 0.0 0 -1.3328533172607422 608.5968627929688 162.6072540283203 635.6480712890625 229.60098266601562 0.70201546 1.7336289 0.5673441 0.52011347 1.245906 18.999195 -1.305484652519226 0.6393853425979614
Pedestrian 0.0 0 0.023875951766967773 740.9478759765625 155.8756561279297 771.1635131835938 219.8444061279297 0.87734556 1.8930451 0.6446887 4.6414204 1.1358652 21.670847 0.23486638069152832 0.6082975268363953
Pedestrian 0.0 0 -2.517387628555298 1084.0775146484375 128.02012634277344 1194.71484375 291.4483947753906 0.81536454 1.7514824 0.5916231 6.052813 1.1796902 8.174242 -1.8800112009048462 0.6076992154121399
Pedestrian 0.0 0 1.5223236083984375 460.849853515625 169.41468811035156 474.6893005371094 208.74440002441406 0.7712501 1.833855 0.60501605 -6.328617 1.2712654 33.93674 1.337958574295044 0.5369102358818054
Pedestrian 0.0 0 -2.7259883880615234 477.8226318359375 162.90440368652344 515.2479858398438 228.01377868652344 0.91150314 1.8121487 0.5373629 -3.001652 1.2957389 20.370611 -2.8722877502441406 0.5213403105735779
Pedestrian 0.0 0 -1.7766209840774536 491.12091064453125 164.3217315673828 525.11865234375 235.39967346191406 0.8702896 1.669626 0.64953965 -2.3009052 1.2673105 17.389248 -1.9081745147705078 0.4718894958496094
Pedestrian 0.0 0 1.7309973239898682 385.9415283203125 170.0146942138672 434.85699462890625 275.10498046875 0.7120501 1.7221032 0.69808614 -3.2629151 1.5351843 12.158375 1.4688074588775635 0.42404529452323914
Pedestrian 0.0 0 -1.5416195392608643 924.8493041992188 121.79598999023438 962.2145385742188 225.114990234375 0.6225464 1.754004 0.57576483 5.96436 0.7417158 12.600308 -1.099518060684204 0.39566367864608765
Pedestrian 0.0 0 0.7209635376930237 638.9052124023438 166.30628967285156 660.6336059570312 212.622802734375 0.6386753 1.7828559 0.5565959 1.8696253 1.199026 28.070827 0.7874691486358643 0.384273886680603
Pedestrian 0.0 0 0.21456100046634674 232.06439208984375 193.99996948242188 306.8851623535156 349.4525146484375 0.6471111 1.6772534 0.69588256 -3.8282351 1.8288957 8.224216 -0.22109396755695343 0.3321869373321533
Pedestrian 0.0 0 -1.159004807472229 375.31597900390625 200.87374877929688 436.6844482421875 312.996337890625 0.66600806 1.6481272 0.70678365 -3.0436156 1.9582465 11.0678 -1.4273685216903687 0.3098052442073822
Pedestrian 0.0 0 -3.195446491241455 647.2250366210938 165.75936889648438 668.794677734375 208.50875854492188 0.8444889 1.7169818 0.5042292 2.2716026 1.0857761 29.1107 -3.1175711154937744 0.30324772000312805
Cyclist 0.0 0 -1.3832292556762695 963.8651123046875 133.72415161132812 1034.6246337890625 281.5513610839844 0.9550922 1.6391975 0.56885195 4.6772366 1.1107842 8.51207 -0.8807830810546875 0.1572190672159195
Cyclist 0.0 0 1.5259509086608887 471.9230041503906 168.8415985107422 498.48980712890625 240.61009216308594 0.7996474 1.6953171 0.5980781 -2.8593256 1.3975015 17.418776 1.3632500171661377 0.12147227674722672
Car 0.0 0 1.534250020980835 528.9794921875 174.1581268310547 554.0872802734375 196.7791290283203 3.7324226 1.5422407 1.6322421 -4.2628827 1.0423483 50.922142 1.4507310390472412 0.39308902621269226
