Pedestrian 0.0 0 1.4046348333358765 695.117431640625 135.66041564941406 721.6486206054688 198.26251220703125 0.7764306 1.7955536 0.64691 2.822286 0.729125 21.091118 1.5376585721969604 0.47592848539352417
Pedestrian 0.0 0 1.4111568927764893 810.069091796875 111.99010467529297 851.3040771484375 231.43295288085938 0.5856274 1.6646216 0.47698 3.1112723 0.8167465 10.374603 1.702515721321106 0.3934628665447235
Pedestrian 0.0 0 1.8159360885620117 376.3796081542969 175.06063842773438 408.42901611328125 240.0598602294922 0.7160936 1.7225081 0.6780839 -5.9265785 1.783711 19.51818 1.5211395025253296 0.34075963497161865
Car 0.0 0 -1.2925145626068115 314.1439208984375 200.99960327148438 452.6236877441406 290.7385559082031 3.7430918 1.3609974 1.5734209 -4.2707624 1.9814141 14.007874 -1.5884450674057007 0.9863483905792236
Car 0.0 0 -1.9384346008300781 766.327880859375 180.56089782714844 1057.6544189453125 370.5871887207031 3.5116746 1.5273175 1.5942911 2.820843 1.6289421 7.70906 -1.5876545906066895 0.9716335535049438
Car 0.0 0 -1.371154546737671 427.2148132324219 180.68780517578125 503.2959899902344 239.4915008544922 4.0065565 1.6788383 1.623613 -4.5825067 1.952227 23.138313 -1.566672921180725 0.9663301706314087
Car 0.0 0 -1.6941496133804321 679.1489868164062 179.61395263671875 759.6383056640625 246.3317108154297 3.5219657 1.4791844 1.5499117 2.6012728 1.6660552 18.129599 -1.5516401529312134 0.9503688216209412
Car 0.0 0 1.7205729484558105 492.2734069824219 182.4030303955078 532.9276733398438 214.443359375 3.6496544 1.5140908 1.5412358 -4.9846234 2.0288053 37.02586 1.5867520570755005 0.8494144082069397
Car 0.0 0 -1.6763685941696167 646.6884155273438 178.0898895263672 687.1830444335938 210.73312377929688 3.388408 1.4203773 1.5246007 2.570041 1.6774559 33.659176 -1.6001616716384888 0.8490131497383118
Car 0.0 0 -1.8579626083374023 723.3528442382812 176.8185577392578 786.6448974609375 214.51673889160156 3.7758605 1.452919 1.5755261 5.94266 1.6297901 30.169367 -1.6634758710861206 0.3741365373134613
