Pedestrian 0.0 0 -2.7779486179351807 981.2384033203125 145.5857391357422 1103.5255126953125 335.23590087890625 0.83626413 1.7127566 0.67248166 4.25159 1.3897892 7.0212655 -2.2334725856781006 0.5409494042396545
Pedestrian 0.0 0 1.8126871585845947 565.3773193359375 162.73805236816406 582.5030517578125 203.0203857421875 0.63517684 1.8978032 0.68386245 -1.3169552 1.0147946 34.2201 1.7742213010787964 0.5238240361213684
Pedestrian 0.0 0 3.4292845726013184 306.41845703125 151.74618530273438 362.2312316894531 239.77236938476562 1.0090497 1.8459709 0.5383984 -5.740027 1.2232459 15.365122 3.071763753890991 0.46708154678344727
Pedestrian 0.0 0 0.20710301399230957 640.017333984375 162.47515869140625 655.2899780273438 191.1991729736328 0.927406 1.8766237 0.4658522 3.0521748 0.634368 47.27708 0.2715728282928467 0.42424094676971436
Pedestrian 0.0 0 -2.602938413619995 782.2581787109375 156.9759521484375 829.8717651367188 243.434814453125 0.6912351 1.7360779 0.69781494 4.210319 1.244884 14.912258 -2.327761650085449 0.4060091972351074
Pedestrian 0.0 0 0.24028734862804413 490.03167724609375 154.65818786621094 526.96240234375 218.8040008544922 0.9435297 1.8105959 0.5693834 -2.6904483 1.054097 20.608253 0.11046957969665527 0.3816799521446228
Pedestrian 0.0 0 0.8610901236534119 634.9786376953125 163.30543518066406 649.9662475585938 192.6298065185547 0.8503051 1.8269906 0.51144063 2.5891247 0.6941478 45.24472 0.91825270652771 0.37874433398246765
Pedestrian 0.0 0 3.0363242626190186 650.5137939453125 162.62155151367188 666.6656494140625 192.5318145751953 0.9809537 1.8927349 0.45850483 3.6403518 0.6988154 45.69577 3.115821361541748 0.37660127878189087
Pedestrian 0.0 0 -0.42347896099090576 513.984619140625 174.29347229003906 531.612060546875 211.14190673828125 0.6375312 1.7973342 0.69160885 -3.895697 1.4467196 35.49498 -0.5327948927879333 0.33805763721466064
Pedestrian 0.0 0 0.9084444046020508 419.2115478515625 131.11276245117188 480.9974670410156 234.67991638183594 0.8697629 1.79307 0.7068275 -2.777145 0.92198807 12.984224 0.6977331638336182 0.2836565375328064
Pedestrian 0.0 0 1.1967190504074097 411.8462219238281 197.17422485351562 450.4579162597656 275.60479736328125 0.6680681 1.6002342 0.5947558 -3.6619506 1.9445121 15.275199 0.9614276885986328 0.2699699103832245
Pedestrian 0.0 0 -1.307117223739624 477.6512451171875 171.11634826660156 498.3928527832031 216.10113525390625 0.8132605 1.7252929 0.60867167 -4.4323006 1.3280721 27.984251 -1.4641978740692139 0.2621762752532959
Pedestrian 0.0 0 2.7500407695770264 556.6783447265625 168.64927673339844 576.5946044921875 204.31256103515625 0.8995065 1.7982165 0.47908524 -1.7811774 1.1511307 36.62566 2.701447010040283 0.23734357953071594
Pedestrian 0.0 0 -1.8215125799179077 966.751708984375 139.57455444335938 985.8296508789062 178.44894409179688 0.63724047 1.8765339 0.6893709 18.31601 -0.14995635 35.12273 -1.3408243656158447 0.2302819788455963
Cyclist 0.0 0 -1.307117223739624 477.6512451171875 171.11634826660156 498.3928527832031 216.10113525390625 0.8132605 1.7252929 0.60867167 -4.4323006 1.3280721 27.984251 -1.4641978740692139 0.1125468909740448
Cyclist 0.0 0 0.2523880898952484 487.9778747558594 154.21572875976562 528.1469116210938 218.98892211914062 1.0339874 1.8267539 0.569945 -2.7018836 1.0584198 20.601852 0.12198472023010254 0.11248120665550232
Car 0.0 0 1.666906476020813 575.38671875 174.38082885742188 632.8189697265625 218.54315185546875 4.404436 1.4213468 1.6108192 0.15579893 1.193316 25.389633 1.6730427742004395 0.8655004501342773
Car 0.0 0 0.3745567798614502 0.0 0.0 1238.0 374.0 3.6942322 1.4987048 1.5964729 2.4341698 1.5088685 1.3964851 1.424495816230774 0.28547677397727966
