Pedestrian 0.0 0 0.04583423584699631 661.9439697265625 170.72328186035156 676.0263671875 196.84388732910156 1.0038013 1.8962666 0.4937488 4.28144 1.7419423 52.686855 0.12691807746887207 0.4922216534614563
Car 0.0 0 -1.8445194959640503 742.722412109375 178.47271728515625 895.2003784179688 282.73394775390625 3.814338 1.619664 1.6790657 3.6081047 1.7387375 13.32742 -1.5801293849945068 0.9785313606262207
Car 0.0 0 -1.9838500022888184 803.5490112304688 184.06964111328125 1132.4168701171875 369.65380859375 3.8609855 1.4588976 1.6425253 3.3954022 1.6111788 7.837031 -1.5750113725662231 0.9690125584602356
Car 0.0 0 2.1320583820343018 0.0 200.11778259277344 308.0354309082031 375.0 4.380082 1.4103816 1.6174036 -4.999673 1.7866393 7.745953 1.5588840246200562 0.953933835029602
Car 0.0 0 1.8064460754394531 425.2309265136719 179.05149841308594 497.5633239746094 230.13302612304688 3.3810496 1.5229702 1.5732907 -4.8318434 1.7411654 23.64235 1.6048498153686523 0.9450703859329224
Car 0.0 0 -1.7855905294418335 706.9215698242188 179.1224365234375 805.5862426757812 243.48475646972656 4.170693 1.4647065 1.6484171 3.6486373 1.6478505 18.93227 -1.5952041149139404 0.9418030977249146
Car 0.0 0 1.7623907327651978 461.5564880371094 178.59896850585938 520.343994140625 219.92550659179688 3.831011 1.47736 1.570033 -4.6299477 1.718236 28.267466 1.6000416278839111 0.9316530823707581
Car 0.0 0 -2.4505016803741455 990.1907348632812 190.65577697753906 1242.0 375.0 3.7564943 1.5014188 1.6269543 3.327435 1.6207794 2.9195197 -1.599897861480713 0.721043586730957
Car 0.0 0 -1.7443840503692627 698.6113891601562 179.0679168701172 763.1802978515625 227.5962371826172 3.466324 1.4999719 1.5691904 3.9815848 1.7262584 24.488497 -1.5832045078277588 0.5607558488845825
Car 0.0 0 0.7800936698913574 1040.532470703125 184.08424377441406 1166.1107177734375 231.6424560546875 3.5330226 1.4362357 1.4305524 16.59894 1.847775 24.543453 1.374741554260254 0.46013975143432617
