Pedestrian 0.0 0 0.027158863842487335 532.3873291015625 170.67453002929688 562.682373046875 228.89476013183594 0.9386384 1.8109257 0.62397444 -1.7213389 1.4753122 22.675436 -0.04860787093639374 0.7991625070571899
Pedestrian 0.0 0 -1.661149501800537 696.3375244140625 171.367431640625 718.7166748046875 227.6594696044922 0.84179795 1.804936 0.64774305 3.4339933 1.4811457 23.467976 -1.5158538818359375 0.7780788540840149
Pedestrian 0.0 0 -0.7694735527038574 906.3604736328125 127.45597839355469 1060.016357421875 374.0 0.63854235 1.6546241 0.72340494 2.6311874 1.3052771 5.098037 -0.2930150032043457 0.6145620346069336
Pedestrian 0.0 0 -1.8271503448486328 669.555419921875 173.3734588623047 695.5116577148438 226.74229431152344 0.8744642 1.6997064 0.63561845 2.6041427 1.4419905 23.353767 -1.7161006927490234 0.6098654866218567
Pedestrian 0.0 0 1.9012378454208374 1025.0404052734375 122.28483581542969 1109.9893798828125 288.78839111328125 0.9100984 1.902299 0.60560876 5.6176605 1.2271173 8.723974 2.473336696624756 0.5388093590736389
Pedestrian 0.0 0 0.5474110245704651 18.20979881286621 150.42098999023438 84.28795623779297 255.919677734375 0.68798286 1.7360573 0.5771735 -9.328977 1.2259184 12.142004 -0.10771381855010986 0.5199767351150513
Pedestrian 0.0 0 0.37137043476104736 736.6912841796875 159.938232421875 804.3299560546875 272.7906799316406 0.9166627 1.812622 0.7018398 2.8040261 1.4675928 12.083503 0.599388837814331 0.5039381384849548
Pedestrian 0.0 0 -2.014871120452881 615.873291015625 171.34762573242188 628.890869140625 197.72891235351562 0.79309696 1.744727 0.5845935 1.4072349 1.0739819 47.985207 -1.9855531454086304 0.34857866168022156
Pedestrian 0.0 0 -1.5344877243041992 529.1478881835938 190.8094024658203 544.5870971679688 232.8437042236328 0.78272307 1.6310647 0.5827615 -2.572083 2.006164 28.45735 -1.624626636505127 0.33431732654571533
Pedestrian 0.0 0 0.7241489887237549 808.4190673828125 149.32728576660156 835.7451171875 199.20883178710938 0.80028695 1.8033102 0.54613954 8.100391 0.64125556 26.450369 1.0213286876678467 0.298636257648468
Pedestrian 0.0 0 -3.3314108848571777 1132.15234375 122.84954833984375 1238.0 356.5758972167969 0.8493809 1.7041504 0.5916695 4.7337246 1.2779176 5.698916 -2.6382665634155273 0.25075680017471313
Pedestrian 0.0 0 1.144740104675293 722.947021484375 181.30072021484375 775.3235473632812 280.5866394042969 0.9195384 1.7953364 0.6386453 2.7238684 1.7930017 13.50652 1.343741536140442 0.24758267402648926
Pedestrian 0.0 0 0.5538315773010254 407.48284912109375 166.60733032226562 447.8458557128906 246.21258544921875 0.61741537 1.7249484 0.6625308 -3.8950515 1.4034677 15.97337 0.314652681350708 0.2426687479019165
Pedestrian 0.0 0 -0.3447272777557373 722.4627075195312 167.0684814453125 754.550048828125 199.30825805664062 1.6829393 1.8381722 0.69013363 7.901111 1.0161432 41.42555 -0.15626049041748047 0.11269713938236237
Cyclist 0.0 0 -0.3447272777557373 722.4627075195312 167.0684814453125 754.550048828125 199.30825805664062 1.6829393 1.8381722 0.69013363 7.901111 1.0161432 41.42555 -0.15626049041748047 0.6108145713806152
Cyclist 0.0 0 -1.1827269792556763 427.2931823730469 177.98858642578125 478.2414855957031 253.33441162109375 1.8117926 1.7813858 0.60760975 -3.714782 1.6995672 17.926985 -1.3870525360107422 0.27905136346817017
Cyclist 0.0 0 1.598101258277893 411.89361572265625 166.34996032714844 442.10345458984375 247.02801513671875 0.85143703 1.7406851 0.632812 -3.9071908 1.4150383 15.978837 1.3582841157913208 0.13000716269016266
Car 0.0 0 2.5333895683288574 0.0 193.43312072753906 343.7555236816406 374.0 3.8915973 1.576346 1.6074854 -2.7446496 1.6556729 2.6398396 1.728528618812561 0.721478283405304
Car 0.0 0 1.9413414001464844 0.0 193.91709899902344 292.96221923828125 365.9625549316406 3.7244189 1.4383507 1.5273961 -4.8801103 1.6161903 8.247573 1.4070453643798828 0.3268643617630005
Car 0.0 0 -1.5450282096862793 713.1112060546875 173.441650390625 787.8961181640625 239.0000457763672 3.88228 1.468431 1.6595175 3.7762916 1.2891499 18.166697 -1.3400779962539673 0.30372610688209534
