Car 0.0 0 -0.45471906661987305 813.3492431640625 184.26490783691406 992.7183837890625 251.44912719726562 3.5163577 1.4416058 1.5703553 6.65556 1.7206975 16.706467 -0.075608029961586 0.962198793888092
Car 0.0 0 -3.686908483505249 880.761474609375 189.1113739013672 1242.0 318.8233642578125 4.3838654 1.4465297 1.7049197 5.9027605 1.6743 9.180996 -3.1155176162719727 0.9562161564826965
Car 0.0 0 3.5889666080474854 23.96904754638672 180.8410186767578 351.758544921875 280.86962890625 4.2069287 1.4348152 1.6439422 -6.5455165 1.5729145 11.471259 3.070444345474243 0.955548882484436
Car 0.0 0 -0.38227981328964233 786.5838012695312 180.59283447265625 946.283935546875 242.3302001953125 3.6381965 1.5335828 1.5783143 6.6319547 1.7472543 19.012604 -0.04665760695934296 0.9512444138526917
Car 0.0 0 -0.239048033952713 709.6555786132812 177.89605712890625 823.0726928710938 223.8457794189453 4.103131 1.7537409 1.7585491 6.109252 1.961096 28.6806 -0.029174821451306343 0.9458739757537842
Car 0.0 0 -2.7250897884368896 167.9491729736328 183.4911346435547 426.2991943359375 266.0649108886719 4.3094807 1.4781727 1.593435 -5.9635406 1.6963599 13.94947 -3.129084587097168 0.9226404428482056
Car 0.0 0 0.37130823731422424 302.2379150390625 176.1970977783203 477.1720886230469 239.06161499023438 4.010148 1.5291448 1.5868415 -5.6485825 1.6200354 18.592741 0.07636356353759766 0.9119598269462585
Car 0.0 0 -1.6027809381484985 644.8685302734375 179.69004821777344 672.9609985351562 205.47372436523438 3.5872924 1.4401016 1.5518402 2.8518102 1.8658819 43.081116 -1.536681056022644 0.8830180764198303
Car 0.0 0 3.3747236728668213 344.33978271484375 170.9692840576172 481.3341369628906 221.09512329101562 4.048668 1.5744209 1.603302 -6.39274 1.5155811 23.526678 3.1094067096710205 0.8292443752288818
Car 0.0 0 0.49343758821487427 336.9532470703125 182.27467346191406 489.81573486328125 237.34629821777344 4.051274 1.4753048 1.4929411 -5.7177544 1.7641892 20.913347 0.22655749320983887 0.6902723908424377
Car 0.0 0 -2.846149206161499 403.55242919921875 179.31126403808594 511.0950622558594 219.61537170410156 3.8978086 1.5335606 1.5759044 -6.0723686 1.7994332 28.711706 -3.054572343826294 0.6482590436935425
