Pedestrian 0.0 0 1.4976677894592285 663.0252075195312 179.34402465820312 681.789306640625 222.88787841796875 0.8335375 1.7426932 0.70155066 2.49753 2.01149 29.420553 1.5823553800582886 0.41367146372795105
Pedestrian 0.0 0 -2.369246006011963 1163.0751953125 145.23785400390625 1242.0 285.8654479980469 0.9428118 1.7180599 0.5714829 7.7549815 1.3810288 9.310861 -1.674765706062317 0.21148443222045898
Pedestrian 0.0 0 -3.6673080921173096 1098.0843505859375 167.07736206054688 1169.0111083984375 262.9739990234375 0.8393273 1.6374723 0.55603707 9.102738 1.5391918 12.6357565 -3.043024778366089 0.15098825097084045
Pedestrian 0.0 0 -3.561793804168701 1107.6051025390625 122.51944732666016 1172.4493408203125 241.11903381347656 0.61836356 1.7776873 0.59572667 8.136807 1.0235814 11.168012 -2.9321420192718506 0.120208241045475
Pedestrian 0.0 0 -0.4889609217643738 1002.6258544921875 174.2445831298828 1063.3345947265625 245.64976501464844 1.0755384 1.6576539 0.61900085 9.957087 1.6915907 17.090443 0.0385746955871582 0.11419273912906647
Pedestrian 0.0 0 -3.5110740661621094 905.85986328125 158.02947998046875 938.3365478515625 218.9722900390625 0.65302235 1.66644 0.6036145 8.615066 1.2614318 20.040741 -3.105079412460327 0.10596546530723572
Pedestrian 0.0 0 -2.780771017074585 712.7559204101562 173.3380584716797 722.0360717773438 194.40223693847656 0.5505935 1.7493743 0.7180905 8.967091 1.7905468 60.388954 -2.63335919380188 0.10015977919101715
Cyclist 0.0 0 1.486214280128479 724.3282470703125 165.68124389648438 735.1021728515625 194.7080078125 1.6621408 1.726402 0.5036095 7.221507 1.3001517 43.759926 1.6497658491134644 0.2707957923412323
Cyclist 0.0 0 -3.664463520050049 1086.63818359375 165.81655883789062 1178.52294921875 262.2160949707031 1.1412958 1.6390587 0.62962127 9.077779 1.5197606 12.635659 -3.041478395462036 0.14102108776569366
Cyclist 0.0 0 -2.2676539421081543 1159.19189453125 143.67112731933594 1242.0 287.110107421875 1.0738494 1.7424808 0.60222197 7.7377014 1.3883284 9.300213 -1.5737078189849854 0.1329316943883896
Cyclist 0.0 0 -3.6622424125671387 1083.1309814453125 131.23472595214844 1166.0361328125 249.4339599609375 0.8790374 1.7964706 0.59122545 7.988269 1.1642711 11.299525 -3.046863079071045 0.12434892356395721
Car 0.0 0 1.9503337144851685 307.40667724609375 183.6709747314453 378.7569274902344 218.71731567382812 4.576577 1.6084276 1.8504599 -13.558987 2.1959567 36.85159 1.597771406173706 0.9291118383407593
Car 0.0 0 2.290919065475464 166.7340850830078 181.70001220703125 234.42613220214844 209.35678100585938 3.720095 1.590713 1.5946515 -25.348255 2.1640453 44.74939 1.7755346298217773 0.17384758591651917
Car 0.0 0 -1.6531776189804077 636.2494506835938 177.11180114746094 660.2332153320312 197.86386108398438 3.692527 1.6009842 1.6314267 3.035545 1.9564236 58.30018 -1.6011570692062378 0.12348510324954987
