Pedestrian 0.0 0 -1.338559627532959 0.0 172.6053466796875 39.44857406616211 273.16766357421875 1.0683067 1.8505639 0.71495056 -11.595342 1.6196374 13.862408 -2.035140037536621 0.285683810710907
Cyclist 0.0 0 -1.4128338098526 517.2769775390625 158.63121032714844 534.6494140625 197.04161071777344 1.7167946 1.7958398 0.5672958 -3.945849 0.55404055 34.47566 -1.5267910957336426 0.35809680819511414
Car 0.0 0 -1.2500085830688477 214.7870635986328 180.58839416503906 448.8573913574219 323.13238525390625 3.796429 1.4321539 1.5881628 -3.2482836 1.3867942 9.133051 -1.5917190313339233 0.9717112183570862
Car 0.0 0 -1.0967662334442139 137.4307098388672 185.52435302734375 253.26223754882812 234.03244018554688 3.8755667 1.4290448 1.6436697 -13.177891 1.4409728 23.17014 -1.6138867139816284 0.9605560302734375
Car 0.0 0 -1.3734257221221924 380.3747253417969 184.59104919433594 476.086181640625 249.50282287597656 3.4043107 1.3877218 1.5633676 -4.202264 1.3754989 17.098965 -1.6144111156463623 0.9265614151954651
Car 0.0 0 -1.582842469215393 561.4055786132812 178.3673553466797 603.665283203125 214.804443359375 3.4705954 1.4240236 1.6531794 -1.1090716 1.1575096 29.864159 -1.6199625730514526 0.8010819554328918
Car 0.0 0 -0.9302019476890564 0.0 192.3578338623047 182.1720428466797 329.91436767578125 4.2244463 1.4173758 1.5756621 -7.813653 1.5367894 9.763317 -1.6051301956176758 0.8007804155349731
Car 0.0 0 1.353893756866455 445.4181823730469 178.98963928222656 478.3473815917969 202.02069091796875 3.6316633 1.5080733 1.4476994 -10.000959 1.1015218 49.020233 1.1526387929916382 0.35846322774887085
Car 0.0 0 -0.2843746542930603 401.9612731933594 192.83639526367188 484.9295349121094 223.9185028076172 3.9010732 1.5095614 1.6563739 -8.5679035 1.9250127 37.404324 -0.5095518231391907 0.32759976387023926
Car 0.0 0 1.8984527587890625 373.5210876464844 177.5102081298828 416.2662658691406 201.98388671875 3.7117028 1.5340639 1.5664147 -13.870083 1.0521984 46.941597 1.611152172088623 0.3124297857284546
Car 0.0 0 1.7926212549209595 279.17742919921875 181.9624481201172 334.7686462402344 216.10540771484375 3.681002 1.457744 1.5562105 -13.615828 1.3199767 32.635162 1.3973643779754639 0.27775508165359497
