Pedestrian 0.0 0 1.2064670324325562 730.6497802734375 169.78114318847656 796.5474243164062 285.6849365234375 0.8358974 1.69398 0.7274364 2.4151673 1.5240153 10.962998 1.4233051538467407 0.8202399015426636
Pedestrian 0.0 0 1.8459593057632446 421.8172607421875 178.2154541015625 449.82989501953125 237.81719970703125 0.77607775 1.7019658 0.60843 -4.843874 1.6093146 20.911959 1.6183416843414307 0.7336878776550293
Pedestrian 0.0 0 2.777157783508301 534.0126953125 176.9890899658203 552.5850219726562 208.21009826660156 0.9629244 1.8400099 0.5699381 -3.4619417 1.5749291 42.79694 2.696441173553467 0.6252989768981934
Pedestrian 0.0 0 1.5304245948791504 521.03515625 174.61465454101562 536.8212890625 218.52490234375 0.8168214 1.9301103 0.6663703 -3.2497115 1.6284127 32.023697 1.4292924404144287 0.47408950328826904
Pedestrian 0.0 0 1.89290189743042 370.6802978515625 173.9363250732422 396.50909423828125 225.55897521972656 0.6576369 1.6540952 0.6289939 -7.102295 1.412838 23.351448 1.5976439714431763 0.4593311548233032
Pedestrian 0.0 0 1.4335999488830566 568.6822509765625 175.8671875 580.6014404296875 205.97076416015625 0.7995371 1.7463791 0.5935691 -1.5722228 1.4203883 42.114906 1.3962855339050293 0.4464748203754425
Pedestrian 0.0 0 1.9587998390197754 408.49365234375 177.9673614501953 434.39178466796875 229.57032775878906 0.7406917 1.6160467 0.56396514 -5.759177 1.5065228 22.899876 1.7124156951904297 0.3699589669704437
Pedestrian 0.0 0 -1.28677499294281 483.3984680175781 179.16897583007812 504.6711120605469 215.21156311035156 1.0018377 1.6517235 0.7300353 -5.007828 1.5458299 33.46213 -1.4353290796279907 0.36162593960762024
Pedestrian 0.0 0 0.539069652557373 261.06842041015625 184.57180786132812 302.8721008300781 269.77825927734375 0.49892083 1.6110538 0.61228275 -6.230791 1.6733363 13.936884 0.1186532974243164 0.3570193648338318
Pedestrian 0.0 0 3.0915637016296387 503.6684875488281 185.30751037597656 520.9065551757812 221.8400421142578 0.8209629 1.808028 0.770719 -4.490436 2.0026064 36.092594 2.967785358428955 0.3242530822753906
Pedestrian 0.0 0 0.9385764598846436 1060.6458740234375 110.11257934570312 1141.4697265625 248.83377075195312 0.6891705 1.7742594 0.58541745 6.5709176 0.86253977 9.537887 1.5418329238891602 0.31853827834129333
Pedestrian 0.0 0 -3.2980751991271973 1150.1971435546875 143.97019958496094 1238.0 374.0 0.5726705 1.650137 0.592997 3.5189729 1.4554769 4.152665 -2.5950918197631836 0.315077543258667
Pedestrian 0.0 0 -2.513272762298584 300.74859619140625 156.8050994873047 368.47271728515625 269.45831298828125 0.89344645 1.841905 0.5981146 -4.5480814 1.4394277 12.149747 -2.8714606761932373 0.2868615388870239
Pedestrian 0.0 0 1.1270114183425903 575.5799560546875 177.73748779296875 588.7077026367188 206.13502502441406 0.86798096 1.7484177 0.49121934 -1.1982872 1.5175 44.72298 1.100224256515503 0.2832021415233612
Pedestrian 0.0 0 0.8421050310134888 61.822265625 79.62095642089844 195.6713409423828 316.4707946777344 0.5902433 1.7224334 0.64445317 -3.721367 0.98294336 5.6078024 0.2562248706817627 0.24764330685138702
Pedestrian 0.0 0 1.564279317855835 393.5176696777344 152.53765869140625 412.9436340332031 202.05625915527344 0.95788664 1.8845394 0.7155064 -7.7192974 0.78333884 27.89362 1.2942955493927002 0.219429150223732
Pedestrian 0.0 0 0.18831151723861694 583.2628173828125 175.93768310546875 596.1737670898438 206.2747344970703 0.66915923 1.7759545 0.5608003 -0.68743026 1.4511075 42.38284 0.17209339141845703 0.2157762199640274
Pedestrian 0.0 0 2.8919763565063477 551.64892578125 178.1316680908203 572.6149291992188 202.00502014160156 1.4699956 1.7669824 0.56352854 -2.9181113 1.5182618 53.653656 2.837641954421997 0.2124922126531601
Pedestrian 0.0 0 1.8322733640670776 907.3474731445312 109.00093078613281 975.3905639648438 255.7643585205078 0.6914307 1.8281103 0.6521357 4.415338 0.926387 9.4195595 2.2706029415130615 0.2054387927055359
Cyclist 0.0 0 2.03366756439209 0.0 50.936134338378906 198.9414520263672 328.23712158203125 1.6512371 1.7500759 0.5574371 -3.7111485 0.9274861 5.387361 1.4304559230804443 0.3044322431087494
Cyclist 0.0 0 2.788120985031128 553.3903198242188 178.66273498535156 572.594970703125 202.45346069335938 1.3203824 1.7612828 0.56299514 -2.8553324 1.5518196 53.697018 2.7349960803985596 0.20857445895671844
Cyclist 0.0 0 0.03797793388366699 482.16796875 178.92626953125 509.3265686035156 215.5107421875 1.2276915 1.6838641 0.70449215 -4.928887 1.5663317 33.476498 -0.10820603370666504 0.1423836201429367
Cyclist 0.0 0 1.8884367942810059 370.1048278808594 175.16554260253906 397.4815673828125 226.29702758789062 0.8466859 1.6321511 0.6202236 -7.0954595 1.431051 23.357391 1.5935176610946655 0.11721724271774292
Car 0.0 0 3.4722001552581787 134.07192993164062 187.89581298828125 332.4326477050781 260.24786376953125 3.7689238 1.551843 1.638462 -8.430042 1.7109512 16.663671 3.0038487911224365 0.2452646940946579
Car 0.0 0 1.0873682498931885 561.7673950195312 168.64283752441406 609.6347045898438 194.4502716064453 3.8836958 1.6760981 1.6225607 -1.0999619 0.8417691 48.742336 1.064805269241333 0.2435368150472641
Car 0.0 0 3.149263858795166 172.7311553955078 0.0 1238.0 374.0 3.5248098 1.5721458 1.5664097 -1.7717083 1.7502962 0.84039843 2.0213801860809326 0.2066432684659958
