Pedestrian 0.0 0 2.0027318000793457 260.3313293457031 167.6687469482422 309.6102600097656 255.40304565429688 0.89180547 1.74409 0.6093437 -6.512765 1.4703822 14.727925 1.586378812789917 0.8916271924972534
Pedestrian 0.0 0 -1.7178001403808594 670.9943237304688 156.447021484375 718.94921875 260.65362548828125 0.9136569 1.706841 0.67815846 1.5355654 1.2977781 12.22748 -1.592871069908142 0.8202438354492188
Pedestrian 0.0 0 -1.9620157480239868 601.8355712890625 162.8662109375 650.40771484375 258.7361755371094 0.7854179 1.5500511 0.555881 0.36386052 1.2500672 12.077197 -1.9318969249725342 0.8142649531364441
Pedestrian 0.0 0 1.1485202312469482 637.8226928710938 166.60794067382812 691.14990234375 264.4151611328125 0.931231 1.7373178 0.65699327 1.1154443 1.4740676 13.305234 1.2321596145629883 0.7761015295982361
Pedestrian 0.0 0 0.7250899076461792 765.2794799804688 144.73870849609375 835.1292724609375 258.3166809082031 0.90938824 1.7480181 0.61160266 3.15755 1.1835463 11.600818 0.9908356666564941 0.7472469210624695
Pedestrian 0.0 0 -3.142134666442871 1022.5950927734375 150.3353729248047 1112.191162109375 328.9046630859375 0.7024282 1.6227612 0.70643973 4.4854836 1.340929 7.0120544 -2.573047161102295 0.6859956979751587
Pedestrian 0.0 0 2.256516456604004 1139.16796875 134.0824737548828 1238.0 303.4826354980469 0.6875 1.6840929 0.628142 6.157337 1.2140594 7.5144396 2.9429757595062256 0.6621840000152588
Pedestrian 0.0 0 -1.5352426767349243 600.3433837890625 160.88214111328125 625.914794921875 223.25184631347656 0.8167858 1.7356821 0.70011973 0.30926526 1.1630591 20.413492 -1.5200937986373901 0.6175817251205444
Pedestrian 0.0 0 -1.104272723197937 355.4093322753906 166.39356994628906 379.3723449707031 210.21939086914062 0.83324236 1.7630839 0.62425685 -9.57589 1.1563606 29.35441 -1.4196044206619263 0.5943045616149902
Pedestrian 0.0 0 -3.2694878578186035 861.3011474609375 139.1717529296875 968.5814819335938 325.1388854980469 0.8380438 1.6322451 0.65914285 2.8574395 1.2621099 6.7327485 -2.8681178092956543 0.5479371547698975
Pedestrian 0.0 0 2.115813732147217 78.13916778564453 160.61431884765625 208.6829376220703 361.7274169921875 0.8386826 1.6276678 0.6117079 -3.9908524 1.4600245 6.237687 1.546644687652588 0.351207971572876
Pedestrian 0.0 0 0.523816704750061 185.31129455566406 166.63900756835938 229.65957641601562 235.87522888183594 0.8164264 1.761721 0.59981585 -10.216964 1.3847611 18.583944 0.02114725112915039 0.32662200927734375
Pedestrian 0.0 0 2.9029457569122314 624.6843872070312 158.44293212890625 655.7454223632812 232.52700805664062 0.63363427 1.808475 0.66063017 0.9279398 1.246818 17.91618 2.954692840576172 0.2876080572605133
Cyclist 0.0 0 0.6838797330856323 198.74449157714844 169.63710021972656 289.1317138671875 247.5695343017578 1.9573629 1.7702706 0.59648865 -8.402541 1.5020117 16.819841 0.22058320045471191 0.45854952931404114
Cyclist 0.0 0 -1.5378385782241821 600.3865356445312 160.7251434326172 625.8590698242188 224.28274536132812 0.8705345 1.7663152 0.6976663 0.3095271 1.1901163 20.412016 -1.5226757526397705 0.1176859587430954
Car 0.0 0 1.752718448638916 463.865234375 162.7342071533203 562.8212280273438 239.20889282226562 4.195918 1.6951935 1.7242903 -2.1095312 1.2804359 18.070564 1.6365059614181519 0.8948999047279358
Car 0.0 0 1.846531629562378 256.720703125 171.02435302734375 334.8807678222656 216.7217559814453 4.0145874 1.5596962 1.6283642 -11.229036 1.2032254 26.607224 1.4471795558929443 0.4325253665447235
