Pedestrian 0.0 0 1.8228269815444946 279.6930847167969 151.61029052734375 312.4111633300781 220.0038604736328 0.8925695 1.8646706 0.6375953 -8.809611 1.2858436 20.160496 1.410858154296875 0.4369310736656189
Pedestrian 0.0 0 -1.6054420471191406 279.3751525878906 134.54800415039062 302.8616943359375 194.0568389892578 0.6718086 1.9388764 0.6892681 -10.6373625 0.69117475 23.958675 -2.023285150527954 0.4253826141357422
Car 0.0 0 -2.079184055328369 791.6934814453125 195.0042266845703 1242.0 375.0 4.2403655 1.5167537 1.680679 3.0759256 1.782969 6.486779 -1.6364020109176636 0.969327449798584
Car 0.0 0 -1.8723866939544678 713.0402221679688 195.90591430664062 898.474365234375 318.6246032714844 3.8517857 1.4223672 1.5937966 2.7108366 1.8395214 11.07199 -1.6322728395462036 0.9593936204910278
Car 0.0 0 1.7898643016815186 290.27825927734375 196.01760864257812 423.2572021484375 302.18804931640625 3.4326193 1.5388691 1.535631 -4.459997 2.0150242 13.027489 1.460018277168274 0.9352599382400513
Car 0.0 0 1.9542081356048584 0.0 205.79522705078125 337.68646240234375 375.0 4.210879 1.5404351 1.701567 -3.8736346 1.9397091 6.524867 1.4184541702270508 0.93305504322052
Car 0.0 0 -1.7651526927947998 643.8562622070312 177.69891357421875 751.3045043945312 258.70184326171875 3.634138 1.589997 1.698213 1.7955034 1.712244 16.267591 -1.6552245616912842 0.8513440489768982
Car 0.0 0 -1.6408498287200928 607.2588500976562 184.58164978027344 653.9197998046875 225.85548400878906 3.7983713 1.4797382 1.590928 0.722285 1.9812484 28.89727 -1.615860104560852 0.793118953704834
Car 0.0 0 1.6982547044754028 480.647705078125 183.76116943359375 514.258544921875 209.0690460205078 3.997217 1.4801303 1.6216418 -7.153634 2.2057736 45.957043 1.5438348054885864 0.7831557393074036
Car 0.0 0 -1.6447758674621582 582.8494873046875 180.22561645507812 612.9354248046875 207.76119995117188 3.8884766 1.6184987 1.6056798 -0.8343292 2.1042132 45.494263 -1.663112998008728 0.5900029540061951
