Pedestrian 0.0 0 -1.8660615682601929 711.9331665039062 157.50318908691406 732.13330078125 198.44789123535156 0.7226029 1.8181744 0.71744937 4.994024 1.1368697 32.446175 -1.7133429050445557 0.44594597816467285
Pedestrian 0.0 0 2.642540693283081 517.1397705078125 173.55918884277344 536.8221435546875 210.29312133789062 0.7756618 1.869885 0.68565357 -4.3240094 1.907143 37.2491 2.5269744396209717 0.3239886164665222
Pedestrian 0.0 0 1.8694026470184326 377.9160461425781 137.5321502685547 422.0458984375 214.22557067871094 1.18062 1.8741701 0.7587947 -5.3364224 1.0113623 18.225069 1.584558129310608 0.2958188056945801
Pedestrian 0.0 0 1.757880449295044 173.36895751953125 121.72111511230469 241.84042358398438 258.097900390625 0.620446 1.8169998 0.7298192 -5.624368 1.1360947 10.02092 1.2464313507080078 0.2881905138492584
Cyclist 0.0 0 2.573796033859253 991.171630859375 121.83438110351562 1138.412841796875 265.4530944824219 1.6473204 1.842182 0.47194186 5.910867 1.1881166 9.497437 3.130497932434082 0.33026427030563354
Cyclist 0.0 0 1.8694026470184326 377.9160461425781 137.5321502685547 422.0458984375 214.22557067871094 1.18062 1.8741701 0.7587947 -5.3364224 1.0113623 18.225069 1.584558129310608 0.12073224782943726
Car 0.0 0 -1.7138525247573853 667.2584838867188 178.81689453125 756.9652099609375 245.12228393554688 4.1325846 1.4429656 1.6227106 2.3922217 1.6104867 18.148909 -1.5827972888946533 0.9691336750984192
Car 0.0 0 -1.3631407022476196 359.8834533691406 186.8909454345703 496.43267822265625 286.22796630859375 4.0638046 1.4523937 1.5810587 -3.1800768 1.7491955 13.181283 -1.5998739004135132 0.9535574316978455
Car 0.0 0 -2.0288033485412598 773.249755859375 179.01968383789062 1242.0 375.0 3.769075 1.495641 1.6332644 2.5605874 1.561677 5.7673807 -1.6109689474105835 0.9528940320014954
Car 0.0 0 -1.7402238845825195 626.2550659179688 180.52767944335938 670.9518432617188 213.79632568359375 3.4758055 1.5010035 1.6052998 1.795184 1.8952374 35.211823 -1.6892855167388916 0.8485400676727295
Car 0.0 0 -1.0459893941879272 0.0 209.15005493164062 383.0011291503906 375.0 4.0170903 1.4184116 1.6397396 -2.8611867 1.748965 4.5220604 -1.610119104385376 0.7851694822311401
Car 0.0 0 1.738133192062378 662.9446411132812 173.20452880859375 693.5762939453125 194.89239501953125 4.343743 1.6266328 1.6896648 5.36046 1.6555674 56.50542 1.832716464996338 0.46982842683792114
Car 0.0 0 -2.3784072399139404 0.0 0.0 1242.0 375.0 3.508745 1.4921813 1.547744 2.3958452 1.1861953 1.6725061 -1.4170511960983276 0.45490968227386475
