Pedestrian 0.0 0 0.32537898421287537 652.1713256835938 156.82046508789062 669.0571899414062 194.69943237304688 0.6972228 1.8837296 0.5848726 2.509299 1.0867363 36.28344 0.3944272994995117 0.45772576332092285
Car 0.0 0 1.9724526405334473 43.316680908203125 193.3244171142578 410.1519470214844 375.0 4.5433555 1.4747143 1.7631832 -3.702377 1.7663575 7.9645147 1.5373108386993408 0.9672510027885437
Car 0.0 0 1.7945044040679932 360.8968505859375 189.45469665527344 473.3005676269531 272.7139892578125 3.4934757 1.4725757 1.5425978 -3.9865515 1.8642665 15.235588 1.5385816097259521 0.9544183611869812
Car 0.0 0 -1.6866168975830078 645.3446044921875 177.10765075683594 696.0221557617188 217.5115966796875 3.8443115 1.5266879 1.6245388 2.38327 1.7131824 29.621353 -1.6063320636749268 0.8861406445503235
Car 0.0 0 2.23992657661438 0.0 208.55201721191406 183.9835968017578 375.0 3.5913074 1.440667 1.5224341 -6.694051 1.9360454 8.1953 1.5550159215927124 0.8141436576843262
Car 0.0 0 -0.32355350255966187 788.2423095703125 168.0908966064453 949.6822509765625 219.66421508789062 4.448795 1.552224 1.6953404 7.9658766 1.409225 22.595465 0.015385150909423828 0.7977831363677979
Car 0.0 0 -3.3413398265838623 736.0677490234375 170.314697265625 840.2825927734375 205.36334228515625 4.213107 1.5001388 1.6307433 7.7425404 1.3918102 31.77763 -3.102348804473877 0.7089762091636658
Car 0.0 0 1.923967957496643 350.1470642089844 188.2190399169922 443.19305419921875 239.6951904296875 3.9397926 1.3952178 1.541983 -6.657706 1.9236457 22.77701 1.639590859413147 0.6045642495155334
Car 0.0 0 1.6750130653381348 483.6019592285156 182.44236755371094 516.4921875 208.92787170410156 4.100994 1.5290004 1.6225903 -6.8802834 2.1584072 45.247963 1.5241117477416992 0.5992424488067627
Car 0.0 0 -0.4551570415496826 979.7559814453125 151.7885284423828 1074.7362060546875 181.74526977539062 4.0589128 1.5509471 1.6363953 22.053776 0.4606849 38.305992 0.06722307205200195 0.4694138765335083
Car 0.0 0 -1.3484947681427002 440.2430419921875 184.4711151123047 491.9698181152344 218.99334716796875 3.6974823 1.4585752 1.5867331 -6.6769104 2.0301907 33.60913 -1.544605016708374 0.429707795381546
