Car 0.0 0 -1.3018831014633179 332.76287841796875 180.37571716308594 472.55865478515625 270.2049865722656 3.9680007 1.5185924 1.618898 -3.8893132 1.4379017 14.133006 -1.5704293251037598 0.9685113430023193
Car 0.0 0 -1.421212911605835 451.11370849609375 178.7279052734375 510.97576904296875 225.11952209472656 3.7920282 1.5443997 1.5697184 -4.5156336 1.3295491 25.84115 -1.5942119359970093 0.9667961597442627
Car 0.0 0 -1.1455110311508179 195.12490844726562 185.50196838378906 327.5341796875 252.1644287109375 3.366283 1.4296237 1.5845085 -8.144672 1.4382522 17.124811 -1.589454174041748 0.9653584957122803
Car 0.0 0 -1.6037458181381226 578.3609619140625 176.6834716796875 646.0133056640625 232.685791015625 3.3596215 1.4202762 1.7196207 0.014067033 1.2050211 19.9338 -1.603040099143982 0.9417264461517334
Car 0.0 0 -1.1762360334396362 291.0400390625 184.02267456054688 362.792236328125 218.34706115722656 3.9752226 1.4755269 1.6566378 -12.792621 1.4253731 32.90494 -1.5470284223556519 0.8433046936988831
Car 0.0 0 1.6601043939590454 488.71771240234375 178.06788635253906 524.2280883789062 208.2112274169922 3.4225628 1.4732052 1.506442 -5.184086 1.1249993 36.87614 1.5204386711120605 0.6297782063484192
Car 0.0 0 2.0912675857543945 0.0 195.01148986816406 190.3243865966797 317.7214660644531 3.8316805 1.4417677 1.5658892 -8.006183 1.6167184 10.756385 1.4514120817184448 0.627943754196167
Car 0.0 0 -0.8680170178413391 0.0 22.662260055541992 198.14418029785156 376.0 3.7693172 1.7330574 1.5851463 -3.9749575 1.3022017 3.8593686 -1.668168306350708 0.5932877063751221
Car 0.0 0 -1.2611641883850098 424.012451171875 181.02313232421875 473.00103759765625 209.9106903076172 3.5441723 1.5142337 1.6276213 -8.726482 1.2955989 39.5169 -1.478505253791809 0.49566811323165894
Car 0.0 0 -1.5862956047058105 575.9431762695312 179.65554809570312 616.8731079101562 217.02178955078125 3.4285703 1.4672258 1.608785 -0.5405277 1.2500318 29.963173 -1.6043334007263184 0.4613901376724243
