Car 0.0 0 1.8403843641281128 399.13665771484375 189.3314971923828 477.8228454589844 238.8650665283203 4.0944033 1.4829929 1.620777 -5.8920913 2.1030922 25.058302 1.6094441413879395 0.9763287901878357
Car 0.0 0 2.014784574508667 120.16645812988281 204.02011108398438 325.2274475097656 322.9081726074219 3.449369 1.451766 1.5084159 -5.965654 2.0235422 11.476064 1.5353955030441284 0.9683343768119812
Car 0.0 0 -1.7608380317687988 689.31640625 174.8745574951172 778.1585693359375 235.08074951171875 4.0149937 1.4435779 1.5995804 3.1682162 1.5041316 19.463562 -1.5994764566421509 0.9497212767601013
Car 0.0 0 2.2445828914642334 0.0 218.13340759277344 180.64999389648438 375.0 3.4308853 1.4372175 1.4911025 -5.9293704 1.9841813 6.969729 1.5396640300750732 0.939663290977478
Car 0.0 0 1.8760210275650024 296.05059814453125 195.16404724121094 419.83941650390625 268.2004089355469 4.187214 1.4358134 1.6456461 -6.0120053 2.0453367 17.58561 1.5466065406799316 0.9385236501693726
Car 0.0 0 -0.600853681564331 964.606689453125 138.8177947998047 1242.0 226.88116455078125 4.2793827 1.5457681 1.6669477 9.137283 0.9486917 13.50896 -0.006151843816041946 0.9334421753883362
Car 0.0 0 -1.7022600173950195 672.1038818359375 174.56094360351562 737.7625732421875 227.95501708984375 4.1554914 1.6867852 1.7027168 3.1517568 1.7512379 25.007599 -1.5768890380859375 0.930542528629303
Car 0.0 0 2.638140916824341 870.7658081054688 155.8676300048828 1063.43408203125 216.73020935058594 4.1835017 1.4790788 1.5436164 8.973699 1.066635 18.407091 3.0917491912841797 0.903335452079773
Car 0.0 0 1.7894349098205566 446.791015625 187.84898376464844 500.01849365234375 225.3260040283203 3.61502 1.442166 1.5028046 -5.855457 2.126095 31.058891 1.603094458580017 0.8549625873565674
Car 0.0 0 -0.5863372683525085 935.7850341796875 148.34866333007812 1147.1876220703125 217.97279357910156 3.8334634 1.4603763 1.50466 9.416639 0.9467312 15.986327 -0.054013073444366455 0.8232806324958801
Car 0.0 0 1.7892463207244873 483.9859619140625 182.91429138183594 527.5799560546875 212.96676635742188 3.8958173 1.5311866 1.5922728 -5.7712607 2.1186526 40.102997 1.646316647529602 0.7722698450088501
