Cyclist 0.0 0 3.509744882583618 156.67076110839844 157.27415466308594 212.2200164794922 207.51272583007812 1.695098 1.8915137 0.7022311 -16.333221 1.3052804 27.64948 2.9761736392974854 0.589593768119812
Car 0.0 0 -2.60477352142334 0.0 194.4160614013672 349.6025695800781 304.4250793457031 4.290275 1.4550846 1.6659685 -6.3618393 1.8002605 10.701978 -3.1411054134368896 0.957694947719574
Car 0.0 0 -1.6717232465744019 660.6781005859375 178.5498504638672 701.573974609375 210.07040405273438 4.0541673 1.4629273 1.6322426 3.4786692 1.7655067 36.25065 -1.576054573059082 0.929945707321167
Car 0.0 0 3.534827470779419 99.73040771484375 184.34576416015625 363.19366455078125 276.2606201171875 3.9124172 1.510731 1.5820321 -6.7231154 1.7340087 13.043959 3.05892014503479 0.9138312339782715
Car 0.0 0 0.23880189657211304 436.0246276855469 179.34356689453125 540.1404418945312 216.12591552734375 4.1005507 1.4969858 1.585662 -5.170801 1.7812964 30.630928 0.07156872749328613 0.9106859564781189
Car 0.0 0 0.2963026762008667 339.1800231933594 182.9931640625 495.47705078125 238.5118408203125 4.0512953 1.5002952 1.5250372 -5.4841347 1.8024342 20.636974 0.03656268119812012 0.8612152934074402
Car 0.0 0 -2.2941367626190186 0.0 197.1898651123047 141.46231079101562 375.0 4.164952 1.4641767 1.6229346 -6.512048 1.693271 5.9349756 -3.125864028930664 0.8235301971435547
Car 0.0 0 -2.3718881607055664 903.412841796875 188.29824829101562 1242.0 375.0 3.9910293 1.5459654 1.64092 2.6124556 1.6435218 2.5412035 -1.5726652145385742 0.7776413559913635
Car 0.0 0 0.37851235270500183 367.61102294921875 182.8437957763672 513.026123046875 233.53175354003906 4.263897 1.5181621 1.5531906 -5.4366465 1.8535765 23.115973 0.1475203037261963 0.7240692973136902
Car 0.0 0 0.4700640141963959 291.46148681640625 180.84707641601562 469.1048583984375 243.2446746826172 4.025749 1.4683461 1.5955895 -5.8423247 1.6846006 18.373926 0.16220521926879883 0.682802677154541
