Pedestrian 0.0 0 1.3533210754394531 873.6307983398438 133.4732666015625 897.8098754882812 192.70599365234375 0.63072747 1.7456759 0.55215234 8.207869 0.5854255 21.614086 1.7162463665008545 0.5913740396499634
Pedestrian 0.0 0 1.133455514907837 947.6114501953125 147.69781494140625 1018.3748168945312 273.692626953125 0.6204893 1.7502652 0.7029626 5.278689 1.4011643 10.34275 1.6053693294525146 0.3046976625919342
Pedestrian 0.0 0 -1.6122570037841797 773.5728759765625 130.30770874023438 805.6217041015625 204.5091552734375 0.96450305 1.8794655 0.7686351 4.625135 0.80215865 18.8221 -1.3713021278381348 0.19398324191570282
Pedestrian 0.0 0 2.9344348907470703 440.9466552734375 140.8331298828125 480.13677978515625 195.29090881347656 1.2901568 1.9121032 0.54161173 -5.3965125 0.7881546 25.838614 2.7285399436950684 0.14335334300994873
Pedestrian 0.0 0 -3.2128822803497314 860.299560546875 138.5611114501953 880.7030029296875 190.2789306640625 0.6557438 1.865938 0.67073596 9.497723 0.6290357 26.44124 -2.8680341243743896 0.13130711019039154
Pedestrian 0.0 0 1.9050254821777344 982.5010375976562 184.41937255859375 1019.3255615234375 264.89306640625 0.49492714 1.5172546 0.4966478 7.5629597 1.7485095 14.052127 2.3987698554992676 0.11524709314107895
Pedestrian 0.0 0 -2.3296597003936768 1120.418212890625 58.66800308227539 1242.0 304.3768615722656 0.69679636 1.7708136 0.56868 4.426969 0.94823784 5.5691934 -1.6580344438552856 0.11489538848400116
Pedestrian 0.0 0 0.2549833655357361 1121.331298828125 152.51036071777344 1242.0 367.3713073730469 0.71307987 1.7258278 0.61996984 4.915951 1.5627795 6.264311 0.9203593730926514 0.1127500832080841
Cyclist 0.0 0 -1.9931364059448242 1054.03076171875 120.183349609375 1158.247802734375 274.3782653808594 1.5624673 1.8249971 0.506562 6.3183393 1.2019634 9.350169 -1.3988745212554932 0.1320752501487732
Cyclist 0.0 0 2.970064163208008 440.4291076660156 141.46080017089844 477.99249267578125 196.13104248046875 1.2456889 1.9224719 0.52240396 -5.4457536 0.8188924 25.843245 2.7623801231384277 0.1117798238992691
Car 0.0 0 2.0575265884399414 111.77468872070312 183.1338348388672 486.91986083984375 375.0 4.015912 1.5625051 1.6453136 -2.6933942 1.6962502 7.2611513 1.7023271322250366 0.9376196265220642
Car 0.0 0 -1.7700765132904053 770.1401977539062 177.995849609375 985.603271484375 346.9768371582031 3.3522193 1.4872031 1.5647119 2.7328038 1.5586447 8.213367 -1.4488723278045654 0.9220899343490601
Car 0.0 0 1.6941697597503662 638.1026000976562 167.73941040039062 669.1438598632812 194.60110473632812 4.2437778 1.8359104 1.7060438 3.1302223 1.4867024 51.554195 1.754812479019165 0.6484602093696594
Car 0.0 0 1.8466415405273438 293.4706115722656 195.57394409179688 418.2156677246094 277.5460205078125 3.3928473 1.4166659 1.5961075 -5.24485 1.9495591 15.170305 1.5137745141983032 0.15713292360305786
