Car 0.0 0 3.6658902168273926 11.08997631072998 167.5155487060547 342.7672119140625 294.0686340332031 4.0261965 1.7733676 1.6847967 -6.4386964 1.6989187 10.963918 3.1348891258239746 0.9681171178817749
Car 0.0 0 -1.9523775577545166 757.84130859375 188.74261474609375 1069.2755126953125 375.0 3.732874 1.4543304 1.5946451 2.737794 1.6633214 7.5786247 -1.605713963508606 0.9621049165725708
Car 0.0 0 -1.7039299011230469 674.2940673828125 179.19970703125 760.8402709960938 248.21865844726562 3.915084 1.5518614 1.6609907 2.598759 1.732594 18.544168 -1.5646977424621582 0.9574482440948486
Car 0.0 0 -1.6941742897033691 656.54296875 181.85134887695312 721.2462158203125 231.5513153076172 4.222333 1.5046768 1.6741848 2.5667722 1.8400946 24.739733 -1.5907931327819824 0.9113069772720337
Car 0.0 0 3.4413580894470215 272.36883544921875 181.99781799316406 449.968994140625 248.64486694335938 4.037766 1.6212195 1.6588745 -6.3825164 1.8696151 18.681328 3.1121392250061035 0.9009060263633728
Car 0.0 0 0.4122771620750427 225.26966857910156 187.784912109375 428.2962341308594 263.954833984375 3.9104264 1.5692469 1.5603216 -6.255901 1.9197422 16.058432 0.040793418884277344 0.8483521342277527
Car 0.0 0 -1.7474676370620728 639.9849853515625 177.2675018310547 688.2013549804688 216.18333435058594 3.6453605 1.6917375 1.6182537 2.4290075 1.9097997 33.691322 -1.675496220588684 0.8460460901260376
Car 0.0 0 0.9244248270988464 0.0 211.92637634277344 164.69847106933594 375.0 4.154084 1.5118531 1.6468302 -6.446165 1.9114665 6.290678 0.12681961059570312 0.8105801343917847
Car 0.0 0 3.5675511360168457 124.95870971679688 196.93569946289062 385.8487548828125 282.23187255859375 4.1469183 1.4542799 1.5366293 -6.57975 1.9354327 13.582658 3.1164426803588867 0.7027049660682678
Car 0.0 0 1.500005841255188 633.0521240234375 179.6094970703125 659.6965942382812 203.39935302734375 3.539185 1.4733518 1.4980427 2.330652 1.9350188 47.48299 1.5490504503250122 0.6292857527732849
Car 0.0 0 0.2653506100177765 354.1326904296875 179.42935180664062 478.73614501953125 220.6236572265625 4.3934608 1.5352435 1.629536 -7.478618 1.7980651 27.974579 0.004123210906982422 0.575728714466095
