Pedestrian 0.0 0 -2.0043134689331055 975.132080078125 151.3599090576172 995.8159790039062 188.1776123046875 0.7570614 1.9392247 0.7247366 19.939882 0.80746746 38.39597 -1.5253276824951172 0.23471713066101074
Pedestrian 0.0 0 0.5605446100234985 0.0 204.91427612304688 37.283729553222656 268.3341369628906 0.7673222 1.7806052 0.6863426 -17.394798 2.7332962 21.04002 -0.1302947700023651 0.21787242591381073
Cyclist 0.0 0 -0.9399632811546326 0.0 203.34092712402344 52.54222869873047 270.53125 1.6225852 1.8344654 0.59514546 -17.375526 2.7686894 21.27299 -1.6248574256896973 0.26148203015327454
Car 0.0 0 2.070023775100708 160.58985900878906 193.21316528320312 269.39691162109375 243.95082092285156 3.728944 1.4074284 1.4820306 -12.7031765 2.1200557 23.374878 1.5722200870513916 0.9477392435073853
Car 0.0 0 -1.6353693008422852 596.6541137695312 174.05673217773438 630.3419189453125 202.31173706054688 4.2200828 1.5982343 1.7359895 0.12781687 1.6741309 43.15415 -1.6324074268341064 0.8125853538513184
Car 0.0 0 1.986655592918396 241.4813232421875 190.16445922851562 307.9813537597656 224.80728149414062 3.716185 1.4965329 1.5477074 -16.174416 2.3793716 34.909218 1.5527735948562622 0.8064799904823303
Car 0.0 0 2.435821533203125 0.0 203.7320098876953 95.16193389892578 262.0849304199219 3.636733 1.4215966 1.6694008 -17.746088 2.4276712 21.561575 1.747187614440918 0.4643280506134033
Car 0.0 0 1.3051201105117798 666.7103881835938 172.3841552734375 703.7838134765625 195.987548828125 4.076656 1.5934898 1.5760678 5.2259417 1.5621284 50.848312 1.4075356721878052 0.1711680293083191
Car 0.0 0 -3.207843542098999 695.0704956054688 174.59524536132812 764.0321655273438 203.39894104003906 3.5650556 1.5092081 1.5903201 6.360672 1.6057262 38.881718 -3.045689582824707 0.1604624092578888
Car 0.0 0 -1.4117411375045776 259.889892578125 179.75509643554688 299.8810119628906 209.2403106689453 3.7058754 1.6718835 1.6450652 -20.042582 2.1108823 43.853897 -1.8404264450073242 0.1454029381275177
Car 0.0 0 -1.387028694152832 416.6619873046875 164.22145080566406 447.4678955078125 193.03231811523438 4.465555 2.3634949 1.7629203 -15.13273 1.6556818 61.46832 -1.628415822982788 0.14514504373073578
