Car 0.0 0 -1.8216975927352905 724.6914672851562 190.31065368652344 897.2531127929688 300.8839111328125 3.768858 1.320745 1.5941212 2.8137197 1.6353078 11.097829 -1.5733919143676758 0.9733799695968628
Car 0.0 0 0.4845762252807617 107.02682495117188 164.72528076171875 410.6852111816406 267.09710693359375 4.4192195 1.625401 1.6685892 -5.9170866 1.4966956 12.372077 0.03847026824951172 0.970684826374054
Car 0.0 0 -1.7188808917999268 687.468505859375 180.76565551757812 765.6564331054688 237.38331604003906 4.0287256 1.3858156 1.5574379 3.113339 1.6302612 20.239971 -1.566255807876587 0.9376739859580994
Car 0.0 0 1.6299809217453003 552.6174926757812 177.67408752441406 589.5900268554688 209.6614532470703 3.7250524 1.4568597 1.5895538 -1.8931863 1.705449 35.28915 1.576384425163269 0.9306474924087524
Car 0.0 0 -1.7157626152038574 653.3569946289062 176.0543975830078 693.4977416992188 206.20556640625 3.8265252 1.5235659 1.6059202 3.3257353 1.7048522 38.830437 -1.6303235292434692 0.8859953284263611
Car 0.0 0 0.3557322025299072 277.6846618652344 182.4920196533203 473.6878662109375 249.83328247070312 4.25758 1.5357634 1.6040592 -5.6705823 1.7832581 17.603733 0.04410386085510254 0.8656865954399109
Car 0.0 0 3.286324977874756 386.6167907714844 175.38751220703125 504.9324035644531 221.9116973876953 4.038738 1.6382506 1.6724437 -5.9953027 1.7351562 26.503086 3.0638577938079834 0.7736260294914246
Car 0.0 0 3.458953380584717 164.04344177246094 164.16696166992188 389.1457214355469 242.9456024169922 3.932341 1.5141404 1.4761944 -6.749616 1.3475318 14.815076 3.0314595699310303 0.7603822946548462
Car 0.0 0 0.9025131464004517 0.0 213.12417602539062 126.6375503540039 375.0 4.031973 1.4841347 1.5611123 -5.9167333 1.8099486 4.9843435 0.031790733337402344 0.7327595353126526
Car 0.0 0 0.4319828152656555 362.89874267578125 179.03451538085938 480.5762023925781 226.44720458984375 3.5128267 1.5040945 1.5085663 -6.3276052 1.7208672 24.211603 0.17635440826416016 0.7006396055221558
Car 0.0 0 0.39463359117507935 332.1627197265625 182.0816192626953 488.59368896484375 237.70419311523438 3.984766 1.4616693 1.4326235 -5.596325 1.7331053 20.234953 0.12481093406677246 0.6114233136177063
