Pedestrian 0.0 0 0.9590386748313904 913.9886474609375 120.9542007446289 960.3806762695312 185.5863800048828 1.2864741 1.8124545 0.5909571 9.421131 0.35740715 20.918274 1.382206916809082 0.22965821623802185
Pedestrian 0.0 0 0.010620206594467163 304.3565673828125 178.13406372070312 322.4454040527344 212.54592895507812 0.9027453 1.8417724 0.6051974 -16.146057 2.132298 39.20108 -0.3800835907459259 0.12743869423866272
Pedestrian 0.0 0 2.5147132873535156 56.160884857177734 172.56736755371094 125.31024169921875 290.408447265625 0.57265794 1.6954863 0.63462955 -7.7831306 1.69172 10.749696 1.8880395889282227 0.11490757763385773
Pedestrian 0.0 0 -2.5011518001556396 1049.5823974609375 145.1826934814453 1108.548828125 243.703857421875 0.69724965 1.7412823 0.5754927 8.507048 1.252572 13.177067 -1.9278794527053833 0.11341798305511475
Pedestrian 0.0 0 2.632920503616333 899.8909912109375 161.76705932617188 926.885498046875 217.7134246826172 0.53055066 1.6733489 0.5982714 9.160349 1.3420974 21.905403 3.028998374938965 0.11284742504358292
Pedestrian 0.0 0 -2.9741060733795166 719.6944580078125 159.5716552734375 732.885009765625 184.95980834960938 0.91211885 1.9070855 0.5170724 8.772805 0.909712 54.588356 -2.814760208129883 0.10935334861278534
Cyclist 0.0 0 0.9288480281829834 907.830322265625 120.18827819824219 960.5220947265625 183.7122344970703 1.5716658 1.7817318 0.57302505 9.392662 0.30491176 21.064764 1.3482825756072998 0.48039767146110535
Cyclist 0.0 0 -1.0846624374389648 125.90483856201172 187.8062286376953 167.48284912109375 243.2676239013672 1.4258238 1.6426474 0.48208672 -14.469555 2.1243176 22.492647 -1.6563143730163574 0.2661094665527344
Car 0.0 0 1.996414303779602 275.19207763671875 154.5568389892578 339.7524108886719 189.8118896484375 3.6606474 1.7531682 1.758881 -15.778246 0.8436422 37.73351 1.60036039352417 0.13771460950374603
Car 0.0 0 1.018051266670227 893.3955078125 156.43771362304688 949.87353515625 186.19561767578125 3.862939 2.0077791 1.893679 21.812908 0.9005227 50.728836 1.4241411685943604 0.12634557485580444
Car 0.0 0 -0.75743567943573 754.2650146484375 157.62734985351562 818.4837646484375 185.0940399169922 3.747951 1.6352502 1.6502551 10.879483 0.7290777 44.59951 -0.5181711912155151 0.12161824852228165
Car 0.0 0 1.0645732879638672 894.4096069335938 162.836669921875 1014.7658081054688 215.38778686523438 3.6742792 1.3894808 1.547417 9.816105 1.124975 20.960733 1.5025484561920166 0.11812547594308853
