Car 0.0 0 1.858337163925171 353.6083679199219 191.44308471679688 441.43994140625 250.28076171875 3.6253774 1.4988029 1.5204269 -6.2216644 2.0957987 21.340216 1.5746538639068604 0.957015872001648
Car 0.0 0 -1.7300583124160767 662.550537109375 176.54129028320312 729.104736328125 226.76805114746094 3.958779 1.577409 1.658862 2.8364108 1.715682 24.969172 -1.6169466972351074 0.9421851634979248
Car 0.0 0 1.8293377161026 407.16180419921875 189.26377868652344 477.9295959472656 234.30145263671875 4.006374 1.456337 1.588378 -6.174901 2.113166 26.834435 1.6031638383865356 0.9339859485626221
Car 0.0 0 -0.9407017230987549 18.62408447265625 204.57125854492188 126.57772827148438 248.7617645263672 3.4689686 1.4573509 1.6314526 -20.793413 2.7666326 28.03299 -1.5789005756378174 0.912927508354187
Car 0.0 0 1.739675521850586 459.5366516113281 182.28211975097656 508.610595703125 215.08102416992188 4.2772818 1.4509506 1.6682342 -6.1246943 1.9404267 35.288536 1.5678269863128662 0.8277943730354309
Car 0.0 0 1.7404911518096924 482.6263427734375 179.03829956054688 521.0374145507812 207.11460876464844 3.9107373 1.5221821 1.5720588 -6.272855 1.8990709 41.956314 1.5920811891555786 0.5561586618423462
Car 0.0 0 -1.145569086074829 0.0 205.04000854492188 55.456939697265625 250.78489685058594 3.369433 1.5273083 1.6793159 -23.755148 2.883041 28.5344 -1.8398207426071167 0.5530384182929993
Car 0.0 0 1.7026954889297485 532.5117797851562 181.2124786376953 555.47412109375 198.25631713867188 4.333812 1.4951305 1.5894116 -6.1731277 2.3045983 67.64543 1.6116904020309448 0.545447587966919
Car 0.0 0 2.1326510906219482 91.52349090576172 194.7446746826172 193.54769897460938 238.18228149414062 3.6676896 1.470502 1.6316622 -18.134558 2.3800793 28.123404 1.5599253177642822 0.5244309306144714
Car 0.0 0 -1.8737926483154297 1103.7291259765625 138.79443359375 1180.2508544921875 175.59202575683594 4.2564383 1.629336 1.7180738 25.08482 0.121593356 34.237408 -1.2414734363555908 0.4845353364944458
