Car 0.0 0 -1.866967797279358 745.2265625 189.89248657226562 973.6414184570312 329.4023742675781 3.7435021 1.3213218 1.6118052 2.817498 1.5823423 9.162174 -1.568631649017334 0.9741001725196838
Car 0.0 0 0.5616487860679626 3.6641297340393066 162.53952026367188 379.3323059082031 285.8462219238281 4.536496 1.6273082 1.645669 -5.9261374 1.4915433 10.44486 0.045564889907836914 0.9707812070846558
Car 0.0 0 -1.7472693920135498 693.0888671875 183.2505645751953 785.232666015625 248.646728515625 4.1550183 1.4240168 1.5768868 3.1234834 1.7203794 18.456036 -1.5796188116073608 0.9398657083511353
Car 0.0 0 1.6274911165237427 549.3079833984375 178.79922485351562 587.2699584960938 211.45208740234375 3.9940977 1.3920714 1.535916 -1.9226189 1.6848009 33.48314 1.5701335668563843 0.916007399559021
Car 0.0 0 0.34811171889305115 238.6279296875 180.0982666015625 457.3278503417969 253.96221923828125 4.1736875 1.5043982 1.5619782 -5.612112 1.6696829 15.635854 0.003507375717163086 0.9054277539253235
Car 0.0 0 3.560476541519165 101.77980041503906 168.03317260742188 360.9613952636719 256.5928955078125 3.8540318 1.4872718 1.4975019 -6.707335 1.4066688 12.974412 3.083348035812378 0.8616350293159485
Car 0.0 0 0.456106960773468 309.04010009765625 183.48159790039062 476.7509460449219 246.18936157226562 3.8573153 1.4872267 1.4998933 -5.5729527 1.7759644 18.521708 0.16383600234985352 0.8534425497055054
Car 0.0 0 0.4122501313686371 342.7113952636719 174.5441131591797 483.36181640625 225.5970458984375 3.9016519 1.4997689 1.5543851 -6.0913186 1.5548704 22.315691 0.14578032493591309 0.8228244185447693
Car 0.0 0 -1.6888502836227417 658.9454956054688 173.54457092285156 699.4385986328125 208.40003967285156 3.8759553 1.689863 1.6113898 3.4586713 1.7275219 37.013824 -1.5956780910491943 0.8213512301445007
Car 0.0 0 3.2040505409240723 470.6195983886719 178.24424743652344 546.9405517578125 206.54498291015625 4.130872 1.5287462 1.7203583 -5.64589 1.8383361 40.375507 3.0651168823242188 0.7913285493850708
Car 0.0 0 3.3065905570983887 368.3694763183594 176.7138214111328 501.14483642578125 225.92721557617188 4.1857133 1.6014934 1.6433794 -5.9306993 1.7386403 24.598711 3.070007562637329 0.737278163433075
