Pedestrian 0.0 0 -1.314178466796875 131.337890625 166.25376892089844 153.3231201171875 206.1458740234375 0.6056275 1.8455071 0.7388876 -21.50066 1.141104 33.630985 -1.8830026388168335 0.20565631985664368
Pedestrian 0.0 0 2.7504777908325195 831.4195556640625 110.67813873291016 946.4689331054688 292.7920227050781 0.95763254 1.7807622 0.5177054 2.8493085 1.0896158 7.289128 3.1231133937835693 0.2017289102077484
Pedestrian 0.0 0 -0.25701451301574707 924.6529541015625 131.922119140625 1045.6229248046875 328.9918518066406 0.89737695 1.7276503 0.43925485 3.4549859 1.2943987 6.608885 0.22468972206115723 0.1608610600233078
Car 0.0 0 -1.3352969884872437 560.1778564453125 172.5176544189453 610.000732421875 204.19309997558594 3.7334855 1.4342083 1.5657128 -0.7374215 1.028441 34.5128 -1.3566603660583496 0.941439688205719
Car 0.0 0 -0.6733977198600769 388.79437255859375 171.7543487548828 510.0091857910156 216.17430114746094 4.1989455 1.4713706 1.5977669 -5.414622 1.1496403 25.918264 -0.8793470859527588 0.9128434062004089
Car 0.0 0 2.171799898147583 325.7939453125 179.45773315429688 398.7584228515625 208.93409729003906 4.2284408 1.4737991 1.559959 -12.618198 1.3725667 38.161396 1.8524631261825562 0.6645069122314453
Car 0.0 0 -0.201429545879364 0.0 164.9731903076172 119.70954895019531 203.08612060546875 4.2693176 1.5807186 1.6513643 -24.170607 0.896259 31.938135 -0.8492650389671326 0.22591762244701385
Car 0.0 0 2.9055774211883545 87.73571014404297 178.81723022460938 179.81932067871094 206.16915893554688 4.2641993 1.5269058 1.6826519 -27.427101 1.3779501 42.224167 2.329512119293213 0.18810170888900757
Car 0.0 0 1.1961547136306763 567.5205688476562 166.47254943847656 607.5426635742188 190.72674560546875 4.0246215 1.7112982 1.5739375 -1.0489395 0.6516379 52.840973 1.1763064861297607 0.18204699456691742
Car 0.0 0 0.17395704984664917 0.0 148.9449005126953 86.14604949951172 189.12313842773438 3.800148 1.5605266 1.59701 -23.625492 0.29709873 29.510742 -0.5011329650878906 0.1676402986049652
