Pedestrian 0.0 0 1.4271929264068604 793.7765502929688 173.60574340820312 813.8922119140625 213.7987060546875 1.7385315 1.7166291 0.60871875 8.476131 1.7510016 31.746431 1.6881016492843628 0.2281217724084854
Pedestrian 0.0 0 2.896244525909424 584.7884521484375 169.647705078125 599.431640625 192.48489379882812 1.0843084 1.8252165 0.518331 -1.4650521 1.5693175 58.05935 2.871016263961792 0.1946067065000534
Cyclist 0.0 0 1.4271929264068604 793.7765502929688 173.60574340820312 813.8922119140625 213.7987060546875 1.7385315 1.7166291 0.60871875 8.476131 1.7510016 31.746431 1.6881016492843628 0.430824339389801
Cyclist 0.0 0 1.3902086019515991 812.1348266601562 169.94662475585938 835.1148681640625 215.68380737304688 1.636446 1.70916 0.56060547 8.176326 1.6008716 27.80369 1.6762193441390991 0.18740609288215637
Car 0.0 0 1.7173444032669067 526.7390747070312 175.73875427246094 596.8297119140625 226.9711456298828 4.182403 1.5118972 1.6974404 -1.530525 1.6155771 23.686493 1.652818202972412 0.9566088318824768
Car 0.0 0 1.475022792816162 707.9352416992188 176.30140686035156 753.1621704101562 214.82154846191406 3.9933608 1.6618185 1.6857818 5.5005927 1.832229 33.54063 1.6375737190246582 0.9133293032646179
Car 0.0 0 -2.1525278091430664 906.5528564453125 182.86476135253906 1242.0 375.0 3.9690444 1.510108 1.6075505 2.9535978 1.5908208 3.7424417 -1.4843965768814087 0.9035842418670654
Car 0.0 0 1.6107933521270752 593.4682006835938 177.5513458251953 627.4193725585938 205.28794860839844 4.2146497 1.4450256 1.7376674 0.038443975 1.7227062 40.45438 1.611743688583374 0.8869008421897888
Car 0.0 0 -1.7454755306243896 815.3118896484375 189.32125854492188 1001.845947265625 334.7400817871094 3.8232641 1.4479359 1.5694183 3.6850934 1.7151687 9.66554 -1.3812271356582642 0.8390801548957825
Car 0.0 0 1.4281634092330933 868.333740234375 191.7345428466797 954.0040893554688 258.4264221191406 3.7221906 1.4901072 1.568154 7.8672233 2.0463367 19.244568 1.816234827041626 0.19789758324623108
