Pedestrian 0.0 0 -0.2675103545188904 693.3331909179688 169.12942504882812 713.893310546875 211.05543518066406 0.73676413 1.8368328 0.7296756 4.2151017 1.1332031 31.901695 -0.13614346086978912 0.398190975189209
Pedestrian 0.0 0 0.5026035308837891 452.26177978515625 163.8638153076172 484.654052734375 221.4746551513672 0.82607096 1.8367299 0.6427039 -4.5623355 1.1571279 23.346474 0.3096170425415039 0.24070528149604797
Pedestrian 0.0 0 -1.174095869064331 0.0 147.1376190185547 36.511573791503906 222.52056884765625 0.9855101 1.8534627 0.7076971 -15.197914 0.918357 18.245836 -1.8686093091964722 0.23722220957279205
Pedestrian 0.0 0 2.620265007019043 957.9973754882812 125.65125274658203 1073.337158203125 283.5049743652344 1.042481 1.7985561 0.55969644 4.734669 1.121021 8.472681 3.1298515796661377 0.20255860686302185
Pedestrian 0.0 0 -1.5861221551895142 452.3265686035156 179.41104125976562 464.3749694824219 212.77381896972656 0.73410124 1.6434859 0.5756964 -7.4817514 1.3586733 35.829094 -1.791981816291809 0.19246436655521393
Cyclist 0.0 0 -2.930008888244629 534.6190185546875 168.21774291992188 564.9468383789062 198.32940673828125 1.7240363 1.7849163 0.5890928 -3.491494 0.778467 43.011818 -3.0110065937042236 0.23921161890029907
Cyclist 0.0 0 0.4964224696159363 189.56698608398438 105.72227478027344 376.057373046875 265.71563720703125 1.7847339 1.6697663 0.6094097 -3.5789862 0.8412667 7.864344 0.06934356689453125 0.1957942694425583
Car 0.0 0 -1.5688846111297607 582.6560668945312 174.877685546875 620.2172241210938 209.1810760498047 3.83477 1.5460844 1.6932083 -0.33426404 1.0812725 34.319668 -1.5786240100860596 0.8642692565917969
Car 0.0 0 -0.9267145991325378 0.0 181.17254638671875 212.01821899414062 311.2107849121094 4.13333 1.4971784 1.6751912 -7.7247357 1.4517592 10.34145 -1.568272590637207 0.8411402702331543
Car 0.0 0 -0.9918738007545471 44.240013122558594 184.5584716796875 216.43360900878906 252.87583923339844 3.9043982 1.4559938 1.5470816 -11.284063 1.443118 17.268936 -1.5706573724746704 0.7879605889320374
Car 0.0 0 -1.7004377841949463 648.3631591796875 180.0287322998047 699.7350463867188 219.66090393066406 3.6470397 1.4745795 1.5621052 2.5360465 1.2827213 28.596565 -1.6119855642318726 0.35976341366767883
Car 0.0 0 -1.5728002786636353 629.7586669921875 172.1417694091797 654.9790649414062 197.2215118408203 4.1112857 1.6277963 1.636286 2.3178494 0.78036666 48.744198 -1.525284767150879 0.2630268335342407
Car 0.0 0 -1.5875771045684814 377.0604248046875 179.43321228027344 422.9953308105469 220.45123291015625 3.5917938 1.489177 1.6174755 -8.173755 1.2803729 28.049366 -1.8711309432983398 0.18939873576164246
Car 0.0 0 1.6605596542358398 498.720703125 185.65277099609375 543.07080078125 222.8518524169922 3.8159733 1.5344305 1.6018925 -3.7973082 1.5559666 31.624762 1.541057825088501 0.17638258635997772
