Pedestrian 0.0 0 -2.105254888534546 70.16665649414062 178.50094604492188 109.92683410644531 244.14846801757812 0.70902723 1.8565407 0.66739106 -15.12495 2.0242028 20.927082 -2.731083631515503 0.270184189081192
Pedestrian 0.0 0 3.616507053375244 0.0 110.6911849975586 55.77125549316406 259.4677734375 0.6576938 1.7629646 0.5723239 -7.4194098 1.026709 8.898346 2.9214954376220703 0.24439722299575806
Pedestrian 0.0 0 1.1553597450256348 881.2864990234375 157.98692321777344 928.5535278320312 267.0169982910156 0.60893595 1.8203408 0.54863405 4.9898667 1.5724814 12.356878 1.5391488075256348 0.12807027995586395
Pedestrian 0.0 0 2.2788615226745605 217.8638153076172 150.04698181152344 252.99473571777344 214.2255401611328 0.7019977 1.9645063 0.67977613 -11.722613 1.266741 22.502216 1.7985918521881104 0.123470738530159
Pedestrian 0.0 0 3.423168182373047 62.21453094482422 189.97157287597656 102.60425567626953 249.4565887451172 0.8729061 1.8287289 0.71748126 -16.812645 2.3850753 22.946335 2.79083514213562 0.11189892143011093
Pedestrian 0.0 0 1.3532530069351196 712.594482421875 156.2561492919922 744.8421020507812 228.20144653320312 0.84560364 1.8203297 0.6549486 3.0188627 1.4007357 18.6942 1.513357400894165 0.11062726378440857
Pedestrian 0.0 0 1.1030163764953613 818.1611938476562 152.6207733154297 882.4427490234375 286.89453125 0.76712847 1.8481998 0.5899291 3.3803525 1.5700592 10.352645 1.4186230897903442 0.10074426233768463
Car 0.0 0 -1.562199592590332 393.309326171875 170.84878540039062 434.594970703125 208.02728271484375 3.692807 1.5258569 1.6470118 -8.608566 1.443918 31.605349 -1.8281254768371582 0.9223536252975464
Car 0.0 0 -1.9580974578857422 550.7926025390625 144.9576873779297 641.7412109375 201.5809783935547 4.8273273 2.1323416 2.0634 -0.7221848 1.0821693 29.79404 -1.9823319911956787 0.7338725924491882
Car 0.0 0 -0.7037168145179749 817.9473266601562 171.3889617919922 1120.726318359375 292.60906982421875 3.884944 1.5829422 1.6536278 5.21087 1.5641689 10.702087 -0.25060224533081055 0.10211363434791565
