Car 0.0 0 -1.9597351551055908 787.8773803710938 187.04302978515625 1081.2862548828125 352.5877990722656 4.231075 1.4555253 1.6431954 3.4914625 1.6714029 8.831228 -1.583240270614624 0.9702162146568298
Car 0.0 0 -1.7929387092590332 738.1556396484375 184.20510864257812 875.0703735351562 277.96978759765625 3.956327 1.4795573 1.6494923 3.5383072 1.729583 13.867266 -1.5431138277053833 0.9589692950248718
Car 0.0 0 2.1281352043151855 0.0 195.26043701171875 344.74517822265625 373.9942321777344 4.104589 1.4569193 1.6939232 -4.84144 1.7855505 8.484778 1.6096117496490479 0.9531185626983643
Car 0.0 0 -1.7428544759750366 714.266357421875 181.64556884765625 801.8864135742188 244.6533966064453 3.8138669 1.4823061 1.6530869 3.8240147 1.7429434 19.433952 -1.5485668182373047 0.9488159418106079
Car 0.0 0 1.9140722751617432 257.5702819824219 190.88894653320312 432.40673828125 286.2267761230469 4.5007057 1.4205034 1.6871519 -4.8693686 1.823618 13.855835 1.5761232376098633 0.9281024932861328
Car 0.0 0 1.7744693756103516 473.1363830566406 180.75401306152344 526.5086669921875 220.50961303710938 3.2376447 1.5089891 1.5495167 -4.519053 1.8527092 29.700464 1.6234732866287231 0.9180877208709717
Car 0.0 0 1.7266833782196045 498.8078308105469 179.74395751953125 543.4215698242188 213.24659729003906 3.7417397 1.4729197 1.5492347 -4.219257 1.8198464 34.39499 1.604622483253479 0.8675857782363892
Car 0.0 0 -2.3433215618133545 991.8222045898438 197.67529296875 1242.0 375.0 3.977367 1.4907367 1.6474365 3.5914164 1.679055 3.4459414 -1.5372544527053833 0.7882170081138611
Car 0.0 0 -1.7539945840835571 693.2911987304688 180.44126892089844 762.177734375 229.19784545898438 3.9674022 1.5079616 1.6332804 3.9320672 1.7917075 24.94213 -1.5976338386535645 0.7679814696311951
Car 0.0 0 -1.7192572355270386 690.1084594726562 180.68215942382812 741.4986572265625 219.62928771972656 3.5942843 1.4994502 1.6082684 4.3387246 1.8481526 30.302755 -1.5770446062088013 0.5526115298271179
