Pedestrian 0.0 0 -1.5406599044799805 326.94451904296875 174.54066467285156 348.2720947265625 227.0390625 1.1223928 1.818038 0.67841554 -9.725296 1.8798991 25.66666 -1.902852177619934 0.45468389987945557
Pedestrian 0.0 0 -1.4174405336380005 260.58441162109375 176.35214233398438 273.6976623535156 205.24053955078125 0.9079345 1.7636468 0.60310465 -21.267218 1.9832346 44.695026 -1.8615655899047852 0.12532968819141388
Pedestrian 0.0 0 -0.36732205748558044 965.1504516601562 155.93630981445312 1008.5419921875 199.6041717529297 1.44752 1.7841566 0.67408645 15.560259 1.0933015 29.893675 0.11260652542114258 0.1162709966301918
Cyclist 0.0 0 -3.263232469558716 960.1350708007812 156.345703125 1006.3792724609375 199.7814178466797 1.6359148 1.766437 0.6485026 15.423241 1.0954381 29.928452 -2.78739070892334 0.2995789349079132
Cyclist 0.0 0 -1.5777748823165894 333.67205810546875 176.19589233398438 354.6587829589844 228.29457092285156 1.1886922 1.8003012 0.68634284 -9.515845 1.9228169 25.694633 -1.9324570894241333 0.1662861406803131
Car 0.0 0 1.9457976818084717 224.23057556152344 185.40362548828125 367.6795654296875 258.0883483886719 3.9644806 1.4113673 1.6904656 -7.122434 1.7372029 16.70538 1.5427793264389038 0.9534203410148621
Car 0.0 0 -1.5879312753677368 582.5831909179688 173.63446044921875 599.481201171875 190.65447998046875 2.6657073 1.5032254 1.4783285 -1.7496353 1.575602 65.21345 -1.6147541999816895 0.23101317882537842
Car 0.0 0 -1.605371117591858 638.54833984375 181.34817504882812 665.4736328125 206.31483459472656 3.8106632 1.5262878 1.6252571 2.6895857 2.1065965 47.338337 -1.5486159324645996 0.15500512719154358
Car 0.0 0 1.9311515092849731 277.9012451171875 185.9020233154297 343.655029296875 222.93374633789062 3.8312213 1.552486 1.5732769 -13.866383 2.1947181 33.552574 1.5392552614212036 0.1408413052558899
Car 0.0 0 -0.3748209476470947 644.4891967773438 180.28587341308594 738.3729858398438 213.5945281982422 4.1372595 1.5002013 1.6400169 3.8297167 1.8688335 34.420433 -0.26401379704475403 0.1352841705083847
Car 0.0 0 1.1573748588562012 115.80697631835938 193.08811950683594 178.13694763183594 222.3074188232422 4.1344666 1.5682821 1.5997071 -27.67569 2.8264346 43.039967 0.5859200954437256 0.11748961359262466
Car 0.0 0 1.727536916732788 308.44268798828125 172.49147033691406 367.37603759765625 215.39434814453125 3.6237814 1.4800485 1.5006791 -10.077553 1.4679 26.814486 1.3680431842803955 0.11256185173988342
Car 0.0 0 -1.6026191711425781 955.0989990234375 153.4581298828125 1001.4208374023438 193.08177185058594 3.8036394 1.6103013 1.6629295 15.9178 0.82241243 31.39545 -1.1333794593811035 0.10605461895465851
Car 0.0 0 -3.3206944465637207 704.668701171875 189.40496826171875 782.7554931640625 217.8662109375 4.081647 1.527019 1.6104301 7.4196615 2.474137 40.46133 -3.1393327713012695 0.10196959972381592
