Pedestrian 0.0 0 -1.7620619535446167 699.376220703125 164.62411499023438 719.5591430664062 205.48748779296875 1.0099661 1.7976913 0.71331954 4.401183 1.435994 32.26372 -1.62648606300354 0.7303789854049683
Pedestrian 0.0 0 -2.064288377761841 628.08642578125 173.51988220214844 640.8321533203125 196.54043579101562 0.86327136 1.743083 0.6414923 1.8427019 1.7948648 55.1908 -2.0309128761291504 0.272396981716156
Pedestrian 0.0 0 -3.391911029815674 814.3154907226562 159.42855834960938 858.5233154296875 237.4574737548828 0.88619155 1.8807918 0.7208689 5.516859 1.5575457 17.771461 -3.090909719467163 0.21491168439388275
Cyclist 0.0 0 1.565480351448059 511.68817138671875 175.63803100585938 533.5360107421875 233.42477416992188 1.8718717 1.723195 0.6509036 -2.7878904 1.8144171 22.576748 1.4426172971725464 0.8220409154891968
Cyclist 0.0 0 1.7380640506744385 482.69921875 175.16708374023438 513.6586303710938 233.56524658203125 1.9262882 1.6989595 0.6255861 -3.4407105 1.7730561 22.032253 1.5831483602523804 0.6542707085609436
Cyclist 0.0 0 1.5721575021743774 534.06103515625 175.69061279296875 545.4361572265625 210.66604614257812 1.7875843 1.716446 0.55840564 -3.588962 1.8638039 36.47251 1.4740713834762573 0.6354142427444458
Car 0.0 0 2.0079524517059326 141.56321716308594 186.54995727539062 380.3898620605469 317.08709716796875 3.9863453 1.5295317 1.6500034 -4.9838614 1.7742239 10.870279 1.5780647993087769 0.9807507991790771
Car 0.0 0 -1.912320613861084 756.4136352539062 175.65921020507812 1059.2147216796875 375.0 3.5840597 1.5255679 1.5783101 2.5824099 1.561283 7.2984967 -1.5722399950027466 0.9734284281730652
Car 0.0 0 1.749049186706543 432.668701171875 184.77151489257812 501.7861022949219 231.66207885742188 4.647882 1.5172752 1.7206478 -5.248624 2.0000494 26.868504 1.55613374710083 0.7571030855178833
Car 0.0 0 -1.5070581436157227 640.86572265625 174.94903564453125 671.1304321289062 201.5939178466797 4.201395 1.6649923 1.7310218 3.0468154 1.8100063 47.62366 -1.44316828250885 0.6629495024681091
