Pedestrian 0.0 0 -1.80790114402771 767.0978393554688 155.34132385253906 784.7244262695312 190.44769287109375 1.2164212 1.8535413 0.6522703 8.856917 0.9292671 38.705036 -1.5829432010650635 0.17011071741580963
Pedestrian 0.0 0 -3.413325786590576 1007.6314086914062 196.41539001464844 1038.0859375 240.16302490234375 0.8746286 1.679633 0.7743352 16.371807 2.6330547 28.701395 -2.894941568374634 0.14585869014263153
Pedestrian 0.0 0 -1.8472387790679932 759.4586181640625 158.189697265625 776.20556640625 191.0431671142578 1.127542 1.8343549 0.6417731 8.898717 1.0159394 40.866493 -1.6328346729278564 0.14476460218429565
Pedestrian 0.0 0 1.0975770950317383 847.9161376953125 157.32345581054688 876.2566528320312 206.99606323242188 0.87832165 1.764011 0.6362109 9.068032 1.212837 26.099998 1.4319642782211304 0.14407433569431305
Pedestrian 0.0 0 -2.082310914993286 1082.1610107421875 127.76754760742188 1124.23974609375 194.30703735351562 0.91566354 1.9228959 0.662421 14.5231085 0.62031984 21.333305 -1.4846068620681763 0.125200554728508
Pedestrian 0.0 0 1.3574602603912354 51.00077438354492 187.1887664794922 76.75930786132812 232.65188598632812 0.7872373 1.8948267 0.73013717 -23.46018 2.5205069 30.939407 0.7086923122406006 0.12346433103084564
Cyclist 0.0 0 2.3420286178588867 0.0 201.68533325195312 31.544330596923828 242.50003051757812 1.5932688 1.7170439 0.5951584 -26.931513 3.041738 32.323235 1.647372841835022 0.330010324716568
Cyclist 0.0 0 -2.115034341812134 839.51171875 151.97711181640625 874.0882568359375 199.04428100585938 1.5918702 1.7452146 0.49507472 9.374885 0.97147375 27.58186 -1.7873916625976562 0.11556924879550934
Car 0.0 0 -2.2282674312591553 758.3212890625 186.31356811523438 934.4078979492188 270.76177978515625 3.5434847 1.4452153 1.5989932 4.6630664 1.7597879 14.902549 -1.925014615058899 0.9728193879127502
Car 0.0 0 2.19222354888916 77.11351776123047 192.45265197753906 185.08067321777344 240.1846466064453 3.368758 1.5217415 1.5909064 -17.258764 2.2781942 26.120358 1.6083353757858276 0.9357727766036987
Car 0.0 0 2.04801869392395 238.28997802734375 181.21719360351562 317.0113830566406 217.7429656982422 4.528931 1.6793991 1.7297375 -16.743814 2.129893 36.529976 1.6182358264923096 0.8612517714500427
Car 0.0 0 1.5389622449874878 810.2498779296875 179.4443359375 876.2188110351562 237.36546325683594 4.363704 1.449919 1.6375351 6.613987 1.6624956 20.90978 1.8453149795532227 0.15772362053394318
Car 0.0 0 -2.034324884414673 171.6667938232422 202.20399475097656 222.94569396972656 226.260009765625 3.7127979 1.5252707 1.7102121 -29.630585 3.7008803 51.733162 -2.5544726848602295 0.14404219388961792
