Pedestrian 0.0 0 -0.6786093711853027 204.40628051757812 178.74307250976562 244.30322265625 242.2939910888672 0.6981763 1.6479872 0.621052 -10.139127 1.6040155 18.772053 -1.1738340854644775 0.7212085127830505
Pedestrian 0.0 0 -1.4615775346755981 394.46746826171875 154.9923553466797 432.456787109375 242.1801300048828 0.79489136 1.8957586 0.7407587 -4.3145204 1.3427521 15.819159 -1.7278416156768799 0.6639070510864258
Pedestrian 0.0 0 2.0199942588806152 298.74798583984375 161.2220458984375 340.022705078125 234.26785278320312 0.9072777 1.8620151 0.6759713 -7.496085 1.3721912 18.49281 1.6348832845687866 0.5599343776702881
Pedestrian 0.0 0 -2.5213782787323 567.2308349609375 157.86245727539062 615.7395629882812 229.20372009277344 1.1184831 1.7793508 0.5797419 -0.38711512 1.216334 18.184507 -2.542663335800171 0.4112197458744049
Pedestrian 0.0 0 -0.042853593826293945 166.88467407226562 183.2793426513672 207.81838989257812 250.65225219726562 0.9570929 1.8240746 0.5644975 -11.659963 1.9049691 19.676662 -0.577798068523407 0.3837362825870514
Pedestrian 0.0 0 1.9422214031219482 381.8709716796875 170.2635955810547 414.0569152832031 230.05307006835938 1.0548701 1.8391575 0.63678634 -6.5505457 1.5258366 22.296995 1.6564751863479614 0.3670017123222351
Pedestrian 0.0 0 -2.6893444061279297 995.8878784179688 110.01668548583984 1056.6488037109375 234.21661376953125 0.5466918 1.8295084 0.70842487 6.4099035 0.7929275 10.833486 -2.1550686359405518 0.3470565974712372
Pedestrian 0.0 0 0.5673177242279053 158.63656616210938 173.8351287841797 222.20013427734375 246.50418090820312 1.2154986 1.7160039 0.5449438 -9.989413 1.560224 16.985231 0.03567671775817871 0.3216467499732971
Pedestrian 0.0 0 -3.8157806396484375 1149.2244873046875 126.16476440429688 1224.0 217.12892150878906 1.6358322 1.7536969 0.49397674 11.672681 0.7078013 13.893225 -3.117020606994629 0.14769306778907776
Cyclist 0.0 0 -0.6600184440612793 1058.12451171875 144.8264617919922 1137.51513671875 209.59799194335938 1.780193 1.739953 0.61369133 13.435087 0.7832398 19.34193 -0.05291949212551117 0.8442798852920532
Cyclist 0.0 0 -0.8175647258758545 826.3253784179688 150.66278076171875 867.8671875 193.97604370117188 1.7798269 1.7773781 0.594896 10.150039 0.55448395 29.689148 -0.4881446063518524 0.7300565242767334
Cyclist 0.0 0 -1.3550727367401123 875.6952514648438 147.59120178222656 903.017822265625 197.61233520507812 2.0552053 1.7924339 0.5184905 10.577131 0.61471885 26.326414 -0.9730424880981445 0.7243266105651855
Cyclist 0.0 0 -3.810422420501709 1147.350341796875 127.09908294677734 1224.0 218.81263732910156 1.693506 1.767558 0.49505472 11.667601 0.74001694 13.894238 -3.111912727355957 0.5416021943092346
Cyclist 0.0 0 0.5195965766906738 155.30184936523438 175.26116943359375 226.548583984375 248.7871856689453 1.4029938 1.738457 0.5226999 -9.972986 1.6161935 16.981907 -0.011411000043153763 0.363395631313324
Cyclist 0.0 0 -1.5759605169296265 395.40338134765625 151.5261993408203 430.7184143066406 237.33340454101562 0.81293374 1.865255 0.7459734 -4.3469386 1.2370466 15.856588 -1.8435277938842773 0.12976181507110596
Cyclist 0.0 0 1.9238797426223755 381.7169494628906 170.59812927246094 414.34149169921875 230.75010681152344 1.1163524 1.8505774 0.6446749 -6.555947 1.5475025 22.326046 1.6382627487182617 0.1235751286149025
Cyclist 0.0 0 -2.6153364181518555 567.9803466796875 158.39761352539062 619.8405151367188 230.290283203125 1.2020166 1.7933288 0.5853062 -0.32341528 1.2435902 18.180254 -2.6331238746643066 0.11296775937080383
Car 0.0 0 -1.2803661823272705 300.93768310546875 185.4842987060547 474.15460205078125 294.57574462890625 3.7377698 1.4097109 1.5723134 -3.2567167 1.5033884 11.177018 -1.5638924837112427 0.9714120030403137
Car 0.0 0 -0.5619440078735352 1051.34375 149.08892822265625 1180.211669921875 188.82569885253906 3.6945395 1.4607351 1.590064 19.322973 0.30757284 26.892704 0.06110429763793945 0.8282814621925354
Car 0.0 0 1.6112689971923828 470.23516845703125 168.14207458496094 493.5118408203125 189.4688262939453 3.7408144 1.4975151 1.5258533 -8.94721 0.63106644 51.596542 1.4395692348480225 0.6778347492218018
