Pedestrian 0.0 0 -0.9171635508537292 4.484162330627441 170.2469940185547 38.192317962646484 221.41720581054688 0.72381204 1.8737997 0.6679464 -21.894667 1.7786918 26.791462 -1.6023199558258057 0.3532417416572571
Pedestrian 0.0 0 -1.410388469696045 224.7924041748047 171.0147247314453 240.44874572753906 202.7379913330078 0.6107966 1.7931381 0.7041093 -21.5713 1.6895325 41.182896 -1.8928885459899902 0.112202487885952
Pedestrian 0.0 0 -3.0201797485351562 603.1991577148438 167.96339416503906 618.236083984375 192.20762634277344 1.1263609 1.9006395 0.56529 0.033730138 1.5175961 56.911682 -3.0195870399475098 0.1120997816324234
Cyclist 0.0 0 0.606669545173645 974.10986328125 192.70004272460938 1024.9110107421875 237.44029235839844 1.8406379 1.7623445 0.63098896 16.259205 2.6209478 30.236973 1.1000404357910156 0.31847813725471497
Cyclist 0.0 0 -2.2426581382751465 892.7725830078125 182.11317443847656 920.9596557617188 217.62356567382812 1.5630854 1.7643961 0.46666726 15.210298 2.251203 37.089058 -1.8534736633300781 0.15216843783855438
Cyclist 0.0 0 0.05176202207803726 598.7000122070312 167.1565704345703 620.7278442382812 190.57302856445312 1.7115663 1.8356812 0.52928257 -0.044291068 1.3894019 56.86853 0.05098319053649902 0.13123969733715057
Car 0.0 0 -1.5691767930984497 583.5148315429688 181.81698608398438 616.192626953125 212.47274780273438 4.039136 1.4563953 1.606563 -0.56391096 1.9477508 37.493393 -1.5842158794403076 0.9385898113250732
Car 0.0 0 -1.5430704355239868 535.1296997070312 181.0594482421875 561.8473510742188 205.444580078125 3.8084216 1.4521897 1.6025892 -3.9363923 2.0003815 46.22363 -1.6280251741409302 0.854263424873352
Car 0.0 0 1.8832290172576904 357.11077880859375 183.6119842529297 396.3542175292969 208.02963256835938 3.5655634 1.5791268 1.5695652 -16.150843 2.3518062 50.013992 1.5708736181259155 0.832527756690979
Car 0.0 0 -1.6252304315567017 597.27685546875 169.08062744140625 618.70458984375 189.874755859375 2.907945 1.6369133 1.5714625 -0.20745662 1.3402323 58.29374 -1.6287891864776611 0.24780941009521484
Car 0.0 0 1.3530290126800537 887.3206176757812 171.60780334472656 919.1768798828125 191.67141723632812 4.1346316 1.536191 1.483373 23.259024 1.4411328 57.404427 1.7379913330078125 0.10579019039869308
