Pedestrian 0.0 0 -1.3882038593292236 448.93304443359375 164.38050842285156 483.4826354980469 239.7986602783203 0.96093446 1.7553355 0.6518626 -3.261245 1.3580899 17.19845 -1.5756032466888428 0.9138067364692688
Pedestrian 0.0 0 -0.41705358028411865 646.1485595703125 166.01361083984375 686.9389038085938 235.8311004638672 0.8605078 1.6937035 0.5443972 1.578226 1.3192123 17.82001 -0.32871922850608826 0.6230023503303528
Pedestrian 0.0 0 -1.9312623739242554 711.008056640625 164.81947326660156 734.1097412109375 206.17274475097656 0.86577207 1.7147753 0.69832414 5.084134 1.0240756 30.276329 -1.764890193939209 0.5703930258750916
Pedestrian 0.0 0 -0.8884186148643494 182.4239959716797 179.59738159179688 219.8871307373047 239.45477294921875 0.8101867 1.8312222 0.6597524 -12.518016 1.7741312 22.42938 -1.397465467453003 0.4702950119972229
Pedestrian 0.0 0 1.1619205474853516 532.6588745117188 168.0986328125 553.3707885742188 207.9395294189453 0.8940851 1.8335347 0.66424334 -2.7476337 1.2177125 33.606976 1.0803442001342773 0.3684934973716736
Pedestrian 0.0 0 1.3772554397583008 226.9980926513672 160.49148559570312 248.10122680664062 213.49539184570312 0.6558611 1.7984148 0.5329204 -12.585633 1.0866746 24.79285 0.9075212478637695 0.3491579294204712
Pedestrian 0.0 0 2.115550994873047 244.2464599609375 174.30026245117188 267.5838928222656 223.55361938476562 0.47375503 1.8003441 0.62157136 -12.775215 1.5382179 26.520021 1.666634440422058 0.3378848433494568
Pedestrian 0.0 0 0.507459282875061 271.8544006347656 173.7536163330078 341.021240234375 290.1980895996094 0.810308 1.744667 0.5784631 -4.589034 1.629911 11.093971 0.11524033546447754 0.32036375999450684
Pedestrian 0.0 0 -1.3579045534133911 772.8016967773438 169.8689727783203 873.065673828125 371.00567626953125 0.6374151 1.618592 0.71609384 1.8785666 1.5263859 6.230256 -1.0650509595870972 0.3096122741699219
Pedestrian 0.0 0 -1.4493831396102905 554.4161987304688 167.6807403564453 569.3026733398438 197.2401885986328 0.9692345 1.6649963 0.73702914 -2.2525208 0.88740015 40.967106 -1.504311442375183 0.30897796154022217
Pedestrian 0.0 0 0.052090585231781006 705.0685424804688 163.81369018554688 725.5494995117188 201.75930786132812 0.9427515 1.7959183 0.50090665 5.4361973 0.95975965 34.33814 0.20910120010375977 0.2855307459831238
Pedestrian 0.0 0 2.5635106563568115 718.8677368164062 163.6393280029297 742.6815795898438 205.4582977294922 0.9393717 1.8651657 0.49765697 5.829609 1.0695075 32.448017 2.741274118423462 0.284809947013855
Pedestrian 0.0 0 -1.6432446241378784 733.1015014648438 155.52809143066406 751.4725341796875 200.54798889160156 0.8551183 1.8078278 0.6735409 5.724209 0.7658947 29.30791 -1.4503600597381592 0.26113319396972656
Pedestrian 0.0 0 -0.519608736038208 694.0053100585938 171.30589294433594 715.1860961914062 209.86080932617188 0.891974 1.864425 0.50561446 5.0363054 1.3723618 35.133705 -0.3772318363189697 0.24679292738437653
Cyclist 0.0 0 1.8849941492080688 605.3206176757812 163.61056518554688 631.6695556640625 207.38584899902344 1.7975148 1.9425696 0.6842139 0.7814054 1.1496575 32.835526 1.9087872505187988 0.7368471026420593
Cyclist 0.0 0 1.0698821544647217 554.912841796875 168.90370178222656 582.0114135742188 203.29428100585938 1.8405731 1.795014 0.64140373 -1.7802199 1.1384041 38.44363 1.0236079692840576 0.40484800934791565
Cyclist 0.0 0 -0.14772635698318481 755.1337890625 135.0254364013672 871.433837890625 242.49021911621094 1.8005131 1.741577 0.60384315 3.4806476 0.98970056 12.057635 0.1333014965057373 0.25598230957984924
Cyclist 0.0 0 1.0823349952697754 705.7314453125 163.63168334960938 724.5557861328125 202.172607421875 0.9520033 1.8133961 0.49885482 5.419613 0.9735865 34.327198 1.2389235496520996 0.13271331787109375
Cyclist 0.0 0 -0.41705358028411865 646.1485595703125 166.01361083984375 686.9389038085938 235.8311004638672 0.8605078 1.6937035 0.5443972 1.578226 1.3192123 17.82001 -0.32871922850608826 0.11088036745786667
Car 0.0 0 1.7049694061279297 576.46826171875 170.746826171875 601.99267578125 191.41738891601562 3.6940804 1.5904181 1.5536073 -0.9172787 0.76360744 57.192688 1.6889324188232422 0.48422715067863464
Car 0.0 0 -1.989164113998413 648.108642578125 176.32400512695312 736.681640625 220.3702850341797 4.184693 1.4683038 1.622296 3.1852822 1.2968421 26.181606 -1.8680980205535889 0.31745874881744385
