Pedestrian 0.0 0 3.097266674041748 541.1936645507812 167.78277587890625 554.6883544921875 202.0651397705078 0.72065866 1.896791 0.6924587 -3.2003198 1.1945609 39.50349 3.0164296627044678 0.526496946811676
Pedestrian 0.0 0 -2.2772293090820312 1020.2039184570312 120.94818115234375 1065.1014404296875 197.35206604003906 0.7650733 1.8150467 0.56776685 10.609091 0.40193993 17.213219 -1.7248859405517578 0.39383602142333984
Pedestrian 0.0 0 3.305081605911255 331.1487121582031 165.63897705078125 343.0203552246094 186.2635498046875 0.9473634 1.8794179 0.5099165 -24.51736 0.52636254 64.76833 2.943211555480957 0.38656410574913025
Pedestrian 0.0 0 -2.3267483711242676 224.46763610839844 160.99720764160156 241.42373657226562 189.99807739257812 0.74882007 1.9829128 0.718236 -25.676062 0.6507326 48.800186 -2.811094045639038 0.32438188791275024
Pedestrian 0.0 0 -1.577761173248291 480.5152282714844 168.8571014404297 492.6369323730469 201.13558959960938 0.9320345 1.7851027 0.66207623 -6.648095 1.1426086 39.613186 -1.7440369129180908 0.26702794432640076
Pedestrian 0.0 0 -2.4451069831848145 876.9774780273438 140.1495819091797 913.575439453125 193.19589233398438 1.1556244 1.8973899 0.55156136 10.608739 0.4556374 25.924871 -2.056685447692871 0.2623443305492401
Cyclist 0.0 0 -0.2431769222021103 619.4406127929688 165.46676635742188 651.62548828125 196.3920440673828 1.8055427 1.8009049 0.585583 1.7894038 0.92683434 41.63588 -0.20022590458393097 0.7587040662765503
Cyclist 0.0 0 -2.990926742553711 678.52099609375 163.33033752441406 712.4723510742188 196.42320251464844 1.7597163 1.7684064 0.56176525 4.8913665 0.85230684 38.289448 -2.86386775970459 0.7458423376083374
Cyclist 0.0 0 -0.44415560364723206 547.6529541015625 167.4285888671875 575.3904418945312 195.32704162597656 1.7912092 1.8514984 0.57532305 -2.9226465 0.9853282 47.604145 -0.5054734349250793 0.7078484892845154
Cyclist 0.0 0 -1.1816034317016602 363.0957946777344 180.0000457763672 388.3952331542969 218.0438232421875 1.7551574 1.6724782 0.45904395 -10.371394 1.6519687 31.970663 -1.495295763015747 0.6494736671447754
Cyclist 0.0 0 1.7374001741409302 741.8143920898438 160.65689086914062 754.0093383789062 186.3099365234375 1.6194584 1.7432663 0.5674609 9.893719 0.39612886 48.900555 1.9370286464691162 0.31951215863227844
Cyclist 0.0 0 2.262087821960449 336.8642578125 183.47781372070312 361.4364013671875 211.4232635498047 1.6119517 1.6617751 0.4948485 -15.576428 1.8480499 43.06097 1.9150018692016602 0.2732692360877991
Car 0.0 0 -1.4804043769836426 505.11407470703125 176.30361938476562 547.1453247070312 208.55593872070312 3.801405 1.4438436 1.6475357 -3.704458 1.2574471 33.56401 -1.5903294086456299 0.962061882019043
Car 0.0 0 2.5034220218658447 1011.3028564453125 132.2921905517578 1201.9178466796875 187.2161102294922 4.161398 1.4471772 1.5840354 13.681652 0.17854707 19.469978 3.1159610748291016 0.8598830699920654
Car 0.0 0 -0.3092265725135803 835.1646728515625 158.21456909179688 901.1458740234375 181.0896759033203 4.021123 1.5749139 1.6599911 18.42205 0.041904747 49.596584 0.0464174747467041 0.5140151977539062
Car 0.0 0 2.2020552158355713 366.2733154296875 177.29856872558594 412.8906555175781 198.35824584960938 4.104262 1.7125583 1.6664194 -18.119728 1.4534427 59.703926 1.9073967933654785 0.3623114228248596
