Pedestrian 0.0 0 -1.688598394393921 568.2931518554688 165.24278259277344 603.3999633789062 251.28106689453125 0.9128558 1.7043848 0.61252546 -0.36785302 1.3835832 14.722686 -1.713578701019287 0.8857432007789612
Pedestrian 0.0 0 1.2051640748977661 641.0270385742188 160.1345672607422 684.74609375 249.3764190673828 0.78646976 1.7881628 0.6614852 1.2247303 1.3613029 14.860891 1.287391185760498 0.8823607563972473
Pedestrian 0.0 0 1.9905067682266235 308.4925231933594 165.82521057128906 350.4334411621094 239.20362854003906 0.7043194 1.6772051 0.69118434 -6.382564 1.3201383 16.787392 1.6271851062774658 0.7389959692955017
Pedestrian 0.0 0 -1.7794348001480103 747.8533935546875 156.38897705078125 837.8386840820312 337.1009521484375 0.9190814 1.6827985 0.68237317 1.8295653 1.4503394 7.159867 -1.5292576551437378 0.7204248905181885
Pedestrian 0.0 0 -2.5355772972106934 680.2149047851562 156.1924591064453 734.7950439453125 252.81564331054688 0.8094658 1.7325485 0.59679526 1.9324368 1.28003 13.372007 -2.392057418823242 0.7032911777496338
Pedestrian 0.0 0 1.911183476448059 1141.158447265625 135.0929718017578 1238.0 309.0506896972656 0.8324993 1.7114038 0.5927292 6.15137 1.2562189 7.5337563 2.595909357070923 0.7026986479759216
Pedestrian 0.0 0 -3.336498975753784 840.6339111328125 145.97108459472656 945.1634521484375 303.120849609375 0.97836846 1.6665502 0.5903217 3.1690228 1.2911314 7.994263 -2.959089517593384 0.6802538633346558
Pedestrian 0.0 0 -2.399794340133667 604.8980712890625 163.734619140625 651.320556640625 253.07464599609375 0.7811912 1.7324424 0.52202064 0.49269575 1.3891964 14.386895 -2.3655614852905273 0.5933412313461304
Pedestrian 0.0 0 -0.7175648808479309 709.6148681640625 170.3030548095703 753.9330444335938 246.26527404785156 0.71670437 1.7507933 0.75319046 3.0569246 1.4939322 17.061005 -0.5402700901031494 0.39208734035491943
Pedestrian 0.0 0 1.6306188106536865 619.3478393554688 156.215576171875 640.2564697265625 214.22659301757812 0.89188784 1.7836845 0.60590976 0.8700214 1.0073701 22.557821 1.66916823387146 0.3384562134742737
Pedestrian 0.0 0 0.9331262111663818 193.30023193359375 165.07810974121094 232.24636840820312 231.80224609375 0.6470183 1.6874464 0.6238727 -10.084858 1.2733194 18.583366 0.43591880798339844 0.33355072140693665
Pedestrian 0.0 0 3.206759452819824 121.37277221679688 135.54969787597656 174.9493408203125 247.37728881835938 0.7298386 1.8162451 0.5475333 -7.650461 1.0712355 12.0793 2.6421759128570557 0.31209418177604675
Pedestrian 0.0 0 -2.9688124656677246 625.8597412109375 163.68768310546875 652.421142578125 234.32720947265625 0.5632682 1.7257478 0.63017815 0.91141057 1.2917783 17.916248 -2.917985677719116 0.24099893867969513
Pedestrian 0.0 0 1.8051077127456665 285.6340026855469 164.48593139648438 325.82745361328125 232.6749267578125 1.8405691 1.7092832 0.5723823 -7.8104243 1.2839781 18.957422 1.4143010377883911 0.12680034339427948
Cyclist 0.0 0 1.8051077127456665 285.6340026855469 164.48593139648438 325.82745361328125 232.6749267578125 1.8405691 1.7092832 0.5723823 -7.8104243 1.2839781 18.957422 1.4143010377883911 0.2751823961734772
Cyclist 0.0 0 1.6306188106536865 619.3478393554688 156.215576171875 640.2564697265625 214.22659301757812 0.89188784 1.7836845 0.60590976 0.8700214 1.0073701 22.557821 1.66916823387146 0.24224966764450073
Cyclist 0.0 0 1.9329525232315063 710.9442138671875 167.97930908203125 751.0910034179688 245.9259796142578 0.75486624 1.7844267 0.71231097 3.0267906 1.476109 16.948883 2.109673023223877 0.10426893830299377
Car 0.0 0 1.8423500061035156 384.79193115234375 161.40625 539.1478271484375 267.3832702636719 4.3962817 1.7068344 1.7620457 -2.5002038 1.3845032 13.836996 1.6635890007019043 0.8615052700042725
Car 0.0 0 1.8562346696853638 371.9568786621094 154.091552734375 467.0558776855469 220.0281219482422 3.9612617 1.7161541 1.5974225 -5.145606 1.0039568 20.706064 1.6126614809036255 0.4204072952270508
