Pedestrian 0.0 0 -1.0875091552734375 133.18812561035156 148.89016723632812 192.68017578125 263.425048828125 0.59926313 1.8011795 0.6101889 -7.2691636 1.4246814 11.665543 -1.644763469696045 0.23362061381340027
Pedestrian 0.0 0 3.5124049186706543 0.0 82.51408386230469 95.20990753173828 366.33831787109375 0.6716436 1.7196766 0.5009101 -3.90581 1.1726696 4.71269 2.8203563690185547 0.1870027631521225
Pedestrian 0.0 0 -1.4878230094909668 1076.2479248046875 150.2751007080078 1100.9554443359375 203.012451171875 0.6138303 1.8014501 0.6682103 16.60164 1.0305378 25.092052 -0.9033159017562866 0.1583476960659027
Pedestrian 0.0 0 -1.9908596277236938 1022.2691040039062 136.10232543945312 1050.585693359375 186.99627685546875 0.66245073 1.877089 0.70156467 15.894811 0.52195877 26.977736 -1.4584320783615112 0.14659543335437775
Pedestrian 0.0 0 2.102884292602539 161.87667846679688 151.18080139160156 219.36404418945312 256.3085021972656 0.67501104 1.7490226 0.5904282 -7.2128797 1.3888009 12.339996 1.5739306211471558 0.14236435294151306
Pedestrian 0.0 0 -1.9600709676742554 1191.5767822265625 144.81687927246094 1242.0 293.76708984375 0.50454164 1.6789495 0.55154455 7.2093725 1.363276 8.455957 -1.2540814876556396 0.12965308129787445
Pedestrian 0.0 0 -2.6202099323272705 265.4565734863281 122.9561767578125 331.4425354003906 226.65768432617188 0.9728799 1.8790903 0.5673428 -5.831606 0.9752904 13.407511 -3.0304787158966064 0.1242728903889656
Pedestrian 0.0 0 -1.5336140394210815 565.9430541992188 178.6450653076172 579.303466796875 211.46096801757812 0.73107797 1.6827228 0.66781384 -1.9760833 1.9870332 37.497517 -1.5862643718719482 0.12227346003055573
Pedestrian 0.0 0 -0.6986572742462158 738.0855102539062 157.12594604492188 756.0912475585938 191.49411010742188 0.6871091 1.7860494 0.6278502 7.1702037 0.9690496 37.93619 -0.5118539929389954 0.11870208382606506
Pedestrian 0.0 0 -1.8110785484313965 889.453857421875 158.1688232421875 906.6080322265625 197.38795471191406 0.5685442 1.8357338 0.63505244 13.568892 1.148721 34.095722 -1.4323281049728394 0.1116742417216301
Cyclist 0.0 0 -1.2431209087371826 427.201171875 176.4404296875 445.09442138671875 211.12538146972656 1.6775712 1.699573 0.35835883 -8.793886 1.8850074 36.380455 -1.4802916049957275 0.29489198327064514
Cyclist 0.0 0 -1.708831787109375 1184.6513671875 71.05011749267578 1242.0 270.913330078125 1.4749731 1.7102491 0.50173134 5.884214 0.83946127 6.928522 -1.0047593116760254 0.15235187113285065
Cyclist 0.0 0 1.3964694738388062 787.715087890625 142.41232299804688 810.281982421875 191.06546020507812 1.907037 1.8030101 0.510736 7.2001934 0.6752463 27.707195 1.6507132053375244 0.12127096951007843
Car 0.0 0 1.2715846300125122 714.3589477539062 179.0015869140625 954.1708374023438 333.7920837402344 3.8464718 1.4566835 1.640735 2.3963284 1.5494696 8.893961 1.5347681045532227 0.9740080237388611
Car 0.0 0 -2.1570942401885986 826.970947265625 199.35244750976562 1242.0 375.0 3.6481693 1.4244959 1.5629457 2.5205064 1.6399639 4.0113106 -1.5960897207260132 0.8840814828872681
Car 0.0 0 2.4629011154174805 530.1141967773438 172.800537109375 709.1798706054688 244.31703186035156 4.310421 1.5618174 1.6648833 0.27147168 1.5610076 17.737646 2.4782047271728516 0.825232744216919
