Pedestrian 0.0 0 0.13961070775985718 515.0506591796875 163.914306640625 538.1317749023438 213.38812255859375 0.79577583 1.8775005 0.6806781 -3.1527276 1.0702572 27.626919 0.02598428726196289 0.25209110975265503
Pedestrian 0.0 0 0.7817358374595642 360.52587890625 141.42379760742188 414.1112976074219 236.03941345214844 0.7956588 1.8157533 0.64116323 -4.4190245 0.9764809 14.259988 0.4812307357788086 0.11757339537143707
Pedestrian 0.0 0 -0.07543022930622101 721.1433715820312 172.82815551757812 743.8479614257812 224.92330932617188 0.7005976 1.7072313 0.56937474 4.096581 1.3024052 23.870626 0.09453010559082031 0.11567789316177368
Pedestrian 0.0 0 -0.0205116868019104 696.9525146484375 168.63648986816406 722.4360961914062 219.09222412109375 0.86926806 1.7417303 0.64552325 3.5248473 1.1705481 25.183006 0.11855411529541016 0.10648997128009796
Cyclist 0.0 0 0.345322847366333 333.91436767578125 137.49945068359375 451.4632873535156 241.37069702148438 1.7840167 1.6884795 0.61312294 -3.6308577 0.9139591 12.034361 0.052300214767456055 0.4013614356517792
Cyclist 0.0 0 -1.4157376289367676 312.3213806152344 193.52615356445312 338.544921875 252.61119079589844 1.6664361 1.6124878 0.45496622 -8.167006 1.8631747 20.720005 -1.7911996841430664 0.1066782996058464
Cyclist 0.0 0 0.09397046267986298 537.4883422851562 172.43707275390625 565.05615234375 199.4623565673828 1.7702898 1.7750171 0.58500034 -3.7512412 0.9368494 47.51647 0.015187740325927734 0.10101039707660675
Car 0.0 0 -1.5492727756500244 582.6959228515625 175.94912719726562 617.5697021484375 208.7181396484375 3.2322843 1.5137706 1.6116972 -0.36869976 1.0868313 34.828766 -1.5598584413528442 0.9033454656600952
Car 0.0 0 -1.1138430833816528 161.81649780273438 185.3413848876953 324.66650390625 259.2721252441406 3.9384482 1.41556 1.5833998 -7.8069873 1.4197882 15.738936 -1.5743098258972168 0.8679353594779968
Car 0.0 0 2.0258586406707764 159.77293395996094 183.9801025390625 278.1031494140625 237.1956329345703 3.957217 1.4323313 1.4946574 -11.427723 1.4002057 21.349201 1.534389853477478 0.19913902878761292
Car 0.0 0 -0.8892855644226074 0.0 143.79684448242188 216.00682067871094 311.05657958984375 4.1892204 1.720314 1.6418285 -7.246085 1.2954406 9.508397 -1.5404682159423828 0.13468675315380096
Car 0.0 0 -1.4054300785064697 316.1251220703125 189.03419494628906 390.47723388671875 241.09007263183594 3.5989232 1.4539506 1.5961573 -7.825992 1.5835129 22.26428 -1.7434444427490234 0.13385573029518127
Car 0.0 0 1.4014832973480225 646.9554443359375 186.58694458007812 708.877685546875 230.82925415039062 4.030791 1.5020823 1.6047486 2.4736874 1.5579145 26.60154 1.4942070245742798 0.11033989489078522
