Pedestrian 0.0 0 -1.6854441165924072 518.9518432617188 170.83314514160156 543.1541748046875 230.9271240234375 1.0117875 1.7682527 0.6130291 -2.1611977 1.4555131 21.693682 -1.7847398519515991 0.7448487877845764
Pedestrian 0.0 0 -1.7300772666931152 686.8275756835938 173.95916748046875 714.9310913085938 231.50302124023438 0.9066948 1.7673 0.7358918 3.0824134 1.5368189 22.520834 -1.594053030014038 0.7079088091850281
Pedestrian 0.0 0 -1.9050426483154297 661.5106811523438 176.50985717773438 690.1467895507812 229.18592834472656 0.83052504 1.6088779 0.6507287 2.288126 1.4575815 22.416452 -1.8033214807510376 0.511597752571106
Pedestrian 0.0 0 1.9271352291107178 788.5269775390625 192.27293395996094 867.2275390625 338.4689636230469 0.63724893 1.7000399 0.75770265 2.7624483 1.8422186 8.9054365 2.227921485900879 0.4755030572414398
Pedestrian 0.0 0 1.3995205163955688 244.90895080566406 137.64056396484375 292.6756286621094 216.59938049316406 1.0549697 1.8264635 0.87456757 -8.051466 0.81312084 17.296484 0.9638540744781494 0.4153372645378113
Pedestrian 0.0 0 2.8227899074554443 591.31591796875 174.63082885742188 608.885986328125 205.13143920898438 0.83601826 1.6252801 0.48133808 -0.07644746 1.260083 38.635365 2.8208112716674805 0.3789486885070801
Pedestrian 0.0 0 0.5171977281570435 813.0926513671875 181.67779541015625 858.9825439453125 267.86407470703125 0.63185704 1.6639085 0.6494199 4.6381316 1.6688033 14.319528 0.8304367065429688 0.34950006008148193
Pedestrian 0.0 0 -2.7173960208892822 599.4793701171875 175.5843505859375 618.0230712890625 203.97938537597656 1.0806521 1.8093404 0.5065257 0.47842342 1.4331063 46.227123 -2.7070469856262207 0.3081655204296112
Pedestrian 0.0 0 -1.8155229091644287 734.2655639648438 183.54795837402344 786.3421020507812 301.3156433105469 1.0569457 1.8291504 0.58460444 2.529007 1.8653587 11.71061 -1.6028306484222412 0.3040025532245636
Pedestrian 0.0 0 1.1243181228637695 1039.396728515625 73.03448486328125 1238.0 374.0 0.6397632 1.6817261 0.6647459 2.4889386 1.2329708 3.356214 1.7624157667160034 0.23600609600543976
Pedestrian 0.0 0 -2.8056297302246094 505.26129150390625 187.9928436279297 527.1878051757812 233.68931579589844 0.6443639 1.6694162 0.61389595 -3.1865351 1.9152668 26.714006 -2.9243521690368652 0.23295864462852478
Pedestrian 0.0 0 -1.921711802482605 733.2913818359375 171.66879272460938 750.9318237304688 207.3222198486328 0.72307426 1.7093956 0.62849915 6.811497 1.2389448 34.844242 -1.728662133216858 0.22798743844032288
Pedestrian 0.0 0 1.243204116821289 751.2767944335938 165.11856079101562 811.870849609375 299.5947570800781 0.8569695 1.8422948 0.59347206 2.519716 1.6191947 10.29119 1.4833223819732666 0.2202882021665573
Pedestrian 0.0 0 1.8220659494400024 293.2133483886719 156.72560119628906 358.1531677246094 271.0313720703125 1.7383641 1.7479707 0.5919891 -4.563239 1.3704218 11.879705 1.4553232192993164 0.12355582416057587
Pedestrian 0.0 0 1.2510261535644531 984.7289428710938 173.0723876953125 1052.2557373046875 273.0807189941406 1.5179793 1.57991 0.52880806 6.971522 1.4480689 12.14203 1.7722322940826416 0.11687428504228592
Cyclist 0.0 0 1.9492990970611572 386.39044189453125 167.1320343017578 442.788818359375 252.3212127685547 1.8409321 1.7790016 0.5750863 -4.150793 1.4801905 15.947283 1.6946667432785034 0.41419821977615356
Cyclist 0.0 0 1.2798664569854736 984.6563110351562 174.5252685546875 1049.5948486328125 274.4243469238281 1.5420498 1.5805557 0.52401584 6.967138 1.4715009 12.172908 1.7997052669525146 0.2996872365474701
Cyclist 0.0 0 1.8220659494400024 293.2133483886719 156.72560119628906 358.1531677246094 271.0313720703125 1.7383641 1.7479707 0.5919891 -4.563239 1.3704218 11.879705 1.4553232192993164 0.23099461197853088
Cyclist 0.0 0 1.790268063545227 32.47110366821289 159.7640838623047 149.73304748535156 360.41424560546875 1.7080413 1.7156785 0.5779969 -4.9787216 1.5312085 7.038973 1.174654245376587 0.22219467163085938
Cyclist 0.0 0 1.4126983880996704 243.8016815185547 137.3208465576172 293.244384765625 217.6202850341797 1.0869746 1.8551207 0.9184813 -8.060194 0.835678 17.300173 0.9766988754272461 0.1820700466632843
Cyclist 0.0 0 -1.8171463012695312 735.81005859375 183.18804931640625 785.0752563476562 303.31085205078125 1.2233231 1.8547504 0.4948095 2.5327678 1.885047 11.725722 -1.6044135093688965 0.1686554104089737
Cyclist 0.0 0 1.4790606498718262 603.6846313476562 175.50962829589844 613.3613891601562 204.2666778564453 1.0551939 1.8280933 0.5266674 0.46010917 1.4479973 46.209488 1.489017367362976 0.11182010173797607
Cyclist 0.0 0 1.3353668451309204 792.5471801757812 193.1826171875 864.6708374023438 336.81915283203125 0.70739585 1.6998974 0.7056147 2.7610242 1.8526996 8.93534 1.6350603103637695 0.10172116756439209
Car 0.0 0 2.5322351455688477 0.0 0.0 1238.0 374.0 3.6183214 1.5253166 1.6157025 -2.0325737 1.6783704 0.75324726 1.316335916519165 0.3994938135147095
Car 0.0 0 1.7036714553833008 620.1566162109375 177.78929138183594 643.5986328125 196.8006591796875 3.8566356 1.6572675 1.613036 2.8032525 1.3342218 64.65624 1.7470005750656128 0.33001524209976196
Car 0.0 0 -1.4529930353164673 531.8137817382812 175.83604431152344 557.1256713867188 195.67724609375 3.9161243 1.564604 1.6123806 -4.590248 1.1184919 58.63112 -1.5311239957809448 0.3069741725921631
Car 0.0 0 -1.5434411764144897 11.597813606262207 149.5467987060547 98.87232971191406 228.20086669921875 3.4560266 1.7030945 1.5495787 -13.183857 1.0124378 17.407736 -2.191633701324463 0.29111185669898987
Car 0.0 0 -1.8295204639434814 724.7830810546875 155.6531982421875 815.8094482421875 214.7516632080078 3.7345963 1.5655553 1.654527 4.772888 0.8820239 20.921202 -1.6052227020263672 0.22950661182403564
