Car 0.0 0 -1.8494646549224854 711.9724731445312 170.9792022705078 849.5150756835938 259.3816223144531 3.6802623 1.4688627 1.5730423 3.0612447 1.4380696 13.871027 -1.6322530508041382 0.9737736582756042
Car 0.0 0 1.8656903505325317 351.8104553222656 186.30938720703125 449.9814147949219 247.38729858398438 3.730873 1.4719584 1.6019262 -5.7450995 1.8820739 20.09197 1.5871819257736206 0.9573214650154114
Car 0.0 0 -2.172207832336426 845.7626342773438 178.3290557861328 1242.0 375.0 3.933965 1.4615629 1.6376303 3.2135189 1.5170865 5.2597632 -1.6237666606903076 0.9436125755310059
Car 0.0 0 -1.8326770067214966 687.9924926757812 174.562255859375 776.6171264648438 235.15330505371094 3.2609537 1.4718587 1.5261496 3.1323173 1.521986 19.319633 -1.6719443798065186 0.8739795684814453
Car 0.0 0 1.7703273296356201 416.6876525878906 184.47283935546875 480.7657165527344 230.1468048095703 3.4867513 1.4293827 1.5242373 -5.606224 1.8643619 25.229889 1.5516741275787354 0.861120343208313
Car 0.0 0 2.4583182334899902 0.0 218.268798828125 164.775634765625 375.0 3.7398248 1.5072079 1.6070765 -5.5861573 1.9811121 5.579122 1.6722898483276367 0.7882397770881653
Car 0.0 0 -1.7148793935775757 683.8768310546875 175.82717895507812 747.92529296875 221.02764892578125 3.7667875 1.4108673 1.6213843 3.4905472 1.5205961 24.653322 -1.5742290019989014 0.7720468044281006
Car 0.0 0 0.5170972347259521 37.44769287109375 181.90826416015625 196.85887145996094 233.02981567382812 3.68206 1.4472371 1.5197934 -14.736577 1.7306701 21.650095 -0.08053769916296005 0.6077954173088074
Car 0.0 0 2.166522741317749 155.86634826660156 181.47874450683594 259.5873718261719 222.9932098388672 3.976586 1.4442618 1.5469961 -15.517676 1.803846 28.00025 1.6604623794555664 0.532772421836853
Car 0.0 0 -2.575376033782959 332.4935302734375 174.20074462890625 398.6640625 198.48944091796875 3.7768023 1.5122837 1.5483936 -15.687438 1.601221 46.25494 -2.9023537635803223 0.3916991353034973
