Pedestrian 0.0 0 0.7225435376167297 1029.7099609375 143.1490936279297 1073.39697265625 217.43165588378906 0.678645 1.7729177 0.6070853 10.735918 1.0643024 17.632471 1.2694610357284546 0.2816135585308075
Pedestrian 0.0 0 -1.1723791360855103 267.6712341308594 176.02218627929688 284.11468505859375 206.16111755371094 0.7567498 1.7516129 0.63369584 -19.66541 1.93988 42.402946 -1.6066287755966187 0.21436718106269836
Cyclist 0.0 0 2.0080018043518066 139.71971130371094 177.44631958007812 175.4574737548828 220.1300811767578 1.9863691 1.8431587 0.57410645 -20.328568 2.0562148 32.395123 1.447592854499817 0.8079932928085327
Cyclist 0.0 0 -1.8768463134765625 838.7198486328125 151.1992950439453 865.5415649414062 198.4296417236328 1.4329613 1.7345423 0.55002624 9.07754 0.93962777 27.216612 -1.5549193620681763 0.1228872761130333
Cyclist 0.0 0 -0.7752278447151184 169.95628356933594 180.9451904296875 201.22665405273438 212.47787475585938 1.4727223 1.6213475 0.54171705 -22.540405 2.0597627 38.27983 -1.3073954582214355 0.11412128061056137
Car 0.0 0 2.0223567485809326 261.6640625 185.59332275390625 324.0591735839844 217.13589477539062 3.4565022 1.4416792 1.5044564 -15.8544655 2.111336 36.149685 1.609041690826416 0.9413845539093018
Car 0.0 0 2.032668352127075 312.0052795410156 175.5699462890625 360.4622497558594 204.00619506835938 4.034975 1.9502656 1.6374091 -19.6834 2.1541228 51.97114 1.6706254482269287 0.30704861879348755
Car 0.0 0 -1.3639700412750244 254.80165100097656 174.22145080566406 300.36688232421875 203.31304931640625 4.2010555 1.6832469 1.708565 -20.323772 1.7716069 44.19386 -1.7950078248977661 0.2712128460407257
Car 0.0 0 0.047205328941345215 112.06156158447266 178.69361877441406 193.95428466796875 209.0299835205078 3.598699 1.5170593 1.5810598 -24.182676 1.8398639 38.262512 -0.5164262652397156 0.20714923739433289
Car 0.0 0 2.1884260177612305 49.95410919189453 181.0227508544922 149.98818969726562 218.46835327148438 4.1179843 1.5471944 1.6226944 -23.064966 1.9419614 32.772476 1.5751603841781616 0.1687144935131073
Car 0.0 0 1.4030016660690308 688.0167846679688 183.39572143554688 725.4281616210938 211.50270080566406 3.8275645 1.535218 1.5738683 5.6558986 2.1893659 42.80531 1.5343714952468872 0.12786827981472015
