Pedestrian 0.0 0 -1.3300259113311768 460.5787048339844 173.74607849121094 475.4012145996094 205.85928344726562 0.7642188 1.7423606 0.63449544 -7.819235 1.7921273 39.5638 -1.5251474380493164 0.326479434967041
Pedestrian 0.0 0 3.126680374145508 570.3051147460938 162.17446899414062 587.9286499023438 190.61412048339844 1.1542083 1.8660132 0.5122105 -2.0721903 1.1656536 47.62892 3.0832009315490723 0.2283746898174286
Pedestrian 0.0 0 -2.769310474395752 619.203125 169.61550903320312 634.1248168945312 196.9349822998047 0.7811314 1.7376539 0.63438046 1.040068 1.5320283 46.333633 -2.7468669414520264 0.18831545114517212
Pedestrian 0.0 0 0.13945063948631287 677.626953125 173.1833038330078 688.3052368164062 192.65206909179688 0.9248738 1.7984221 0.5125257 6.7598615 1.8295336 67.02015 0.239973783493042 0.1708160787820816
Cyclist 0.0 0 3.126680374145508 570.3051147460938 162.17446899414062 587.9286499023438 190.61412048339844 1.1542083 1.8660132 0.5122105 -2.0721903 1.1656536 47.62892 3.0832009315490723 0.1137334480881691
Car 0.0 0 -1.487296462059021 498.9482421875 176.92367553710938 539.7002563476562 210.64341735839844 3.6532552 1.50692 1.6382151 -4.328486 1.7126474 34.549862 -1.6119294166564941 0.9727078080177307
Car 0.0 0 -1.555840253829956 554.227294921875 179.3582305908203 606.0380249023438 224.0885009765625 3.4320505 1.3621318 1.6144155 -1.0234928 1.5964354 24.2123 -1.5980867147445679 0.9488332271575928
Car 0.0 0 1.9038176536560059 226.182861328125 182.29440307617188 294.6939697265625 218.3919219970703 3.7281544 1.4561874 1.6083214 -15.484601 1.9015847 32.066864 1.4539557695388794 0.9208191633224487
Car 0.0 0 2.200709819793701 0.0 182.75177001953125 71.07100677490234 269.1445007324219 3.8435047 1.5453616 1.6000041 -13.614479 1.7835995 15.349076 1.475129246711731 0.7946645617485046
Car 0.0 0 2.2637312412261963 839.3251342773438 179.53939819335938 885.9275512695312 199.45523071289062 3.3748028 1.5544711 1.8827721 20.67725 2.1181304 59.116512 2.6002020835876465 0.2512337863445282
Car 0.0 0 -1.9397412538528442 605.2333984375 170.6859893798828 649.9613647460938 196.6837615966797 4.024668 1.651115 1.6248438 1.0898341 1.5137826 47.990604 -1.9170358180999756 0.17259788513183594
Car 0.0 0 1.4466943740844727 600.2095947265625 178.0792236328125 626.002685546875 198.4351043701172 3.8633056 1.510197 1.5501047 0.18564537 1.9348154 56.571335 1.4499759674072266 0.1683020293712616
