Pedestrian 0.0 0 2.5537166595458984 657.5892944335938 162.6881866455078 686.236083984375 209.4166717529297 0.9064107 1.7948891 0.6513433 2.5916905 1.1122255 27.65524 2.647157907485962 0.6424757242202759
Pedestrian 0.0 0 1.5323498249053955 552.878173828125 182.68780517578125 574.560302734375 244.9849090576172 0.6629265 1.6113939 0.54429597 -1.1309168 1.6718513 18.665453 1.4718350172042847 0.3373596966266632
Pedestrian 0.0 0 1.628365159034729 818.5499267578125 133.60536193847656 858.4772338867188 210.35560607910156 0.98571694 1.8964335 0.9171841 5.9481277 0.73930305 18.09224 1.9460002183914185 0.3364972174167633
Pedestrian 0.0 0 -2.499207019805908 117.03927612304688 127.89942932128906 249.8099365234375 304.6592102050781 1.0227135 1.7816815 0.6540595 -4.4994144 1.2531784 7.4992356 -3.039614200592041 0.3185104727745056
Pedestrian 0.0 0 1.2935913801193237 890.5584716796875 128.18812561035156 944.2887573242188 235.90565490722656 0.8616687 1.8598852 0.66736877 5.5409646 0.95829767 12.674959 1.7057150602340698 0.2157064974308014
Pedestrian 0.0 0 -2.911116600036621 587.3438720703125 167.9239501953125 602.52490234375 200.50416564941406 0.75659555 1.8236766 0.5291967 -0.57495344 1.1211233 39.911636 -2.9255213737487793 0.19117847084999084
Pedestrian 0.0 0 1.5648539066314697 266.2552185058594 127.00627136230469 313.9790344238281 248.98362731933594 0.74977916 1.8169751 0.6581924 -4.94918 1.021794 11.004976 1.1422312259674072 0.16799253225326538
Pedestrian 0.0 0 -2.0085561275482178 1080.51123046875 55.85627746582031 1224.0 370.0 0.8844163 1.6763045 0.5734665 2.9293885 1.1169903 3.6744485 -1.3355051279067993 0.1593080461025238
Pedestrian 0.0 0 1.692975640296936 747.42529296875 149.91331481933594 763.8357543945312 189.8068389892578 0.6242892 1.8811127 0.6958629 7.1752424 0.4402976 33.743195 1.9024975299835205 0.1562749743461609
Pedestrian 0.0 0 1.8664872646331787 239.59129333496094 138.75302124023438 304.80523681640625 269.2060852050781 0.8804903 1.7517442 0.6046607 -4.72007 1.1928307 9.969051 1.424286127090454 0.13731800019741058
Pedestrian 0.0 0 -1.6382124423980713 575.9465942382812 166.17672729492188 587.0945434570312 194.73446655273438 1.0726027 1.7677718 0.6263007 -1.4790032 0.88248944 44.32762 -1.671565294265747 0.13687682151794434
Pedestrian 0.0 0 2.021311044692993 343.7340087890625 128.48251342773438 416.5601806640625 295.666748046875 0.66913116 1.4869177 0.4044511 -2.1502068 1.0259815 6.642555 1.7082537412643433 0.13353559374809265
Pedestrian 0.0 0 2.5099546909332275 26.081174850463867 215.47206115722656 248.80433654785156 370.0 0.83786625 1.5414399 0.4781577 -2.4170313 1.74697 3.639776 1.9237585067749023 0.13268359005451202
Pedestrian 0.0 0 1.9617011547088623 327.35394287109375 153.21572875976562 369.9719543457031 230.8778839111328 0.97027105 1.7480769 0.6083252 -5.9750586 1.1355542 16.407187 1.6124560832977295 0.12418786436319351
Pedestrian 0.0 0 1.514394760131836 529.9298095703125 179.2855987548828 555.642822265625 250.11416625976562 0.61599565 1.543672 0.53447384 -1.4309921 1.5188206 15.748614 1.423779010772705 0.11605828255414963
Pedestrian 0.0 0 -1.4904699325561523 324.33197021484375 147.6313934326172 360.2527160644531 235.4574737548828 0.80631953 1.8269317 0.6631413 -5.671133 1.1448315 15.18135 -1.847976803779602 0.11492399871349335
Cyclist 0.0 0 -1.7981210947036743 946.7560424804688 119.68054962158203 1007.3075561523438 256.295654296875 1.6547687 1.8058146 0.39867786 5.2817216 1.0035598 10.191955 -1.3200002908706665 0.15137328207492828
Cyclist 0.0 0 1.0957190990447998 1097.0679931640625 41.530120849609375 1224.0 272.8463439941406 1.6566635 1.720732 0.5461503 4.916425 0.6886637 6.120907 1.7724193334579468 0.12738092243671417
Cyclist 0.0 0 -1.3076574802398682 126.01061248779297 118.57600402832031 222.19691467285156 295.81085205078125 0.9529295 1.7494129 0.65146184 -4.6010966 1.1398813 7.5229783 -1.8565669059753418 0.10239618271589279
Car 0.0 0 -0.5285599231719971 1052.68310546875 0.0 1224.0 370.0 4.418919 1.6453059 1.6329237 4.8298535 0.6766493 3.4084425 0.42769312858581543 0.19170458614826202
