Pedestrian 0.0 0 -2.9031946659088135 632.9778442382812 171.06600952148438 647.2228393554688 198.73324584960938 0.8424716 1.8341043 0.56270844 1.9826528 1.7159331 48.21578 -2.8620975017547607 0.3719736635684967
Pedestrian 0.0 0 -1.6427724361419678 811.186279296875 144.6162109375 830.7356567382812 192.5478515625 0.5930133 1.9187397 0.7186302 8.50477 0.7887176 29.246153 -1.359777569770813 0.27144017815589905
Car 0.0 0 1.6950794458389282 532.8184814453125 176.8041229248047 570.3583374023438 206.21865844726562 3.9971452 1.6085776 1.6985487 -3.3864076 1.8502144 42.03582 1.61469304561615 0.7926405668258667
Car 0.0 0 1.8489397764205933 340.4463806152344 173.4800567626953 412.6536560058594 217.22372436523438 4.472219 1.7465273 1.8007272 -10.001939 1.7758673 31.134823 1.538106918334961 0.7708024978637695
Car 0.0 0 -1.5334255695343018 584.81005859375 175.11143493652344 612.6618041992188 201.23724365234375 3.8682008 1.6140846 1.6673758 -0.72590345 1.7671794 46.863953 -1.5489139556884766 0.7052649855613708
Car 0.0 0 -2.5894243717193604 194.26461791992188 149.87081909179688 303.7154541015625 183.7953643798828 4.4437704 1.5707169 1.6984637 -17.225863 0.5069464 34.446877 -3.053128242492676 0.47511276602745056
Car 0.0 0 1.5676465034484863 456.64776611328125 182.32252502441406 477.81634521484375 203.5259552001953 4.1013827 1.5516269 1.5799928 -11.290734 2.3271205 56.899208 1.3717572689056396 0.46080440282821655
Car 0.0 0 3.0933666229248047 578.3924560546875 167.65304565429688 641.4097290039062 192.81973266601562 4.3526964 1.7369378 1.780658 -0.069906846 1.3783406 50.79303 3.0919902324676514 0.24761201441287994
Car 0.0 0 -1.1994354724884033 196.88307189941406 184.27549743652344 355.6533203125 269.51666259765625 4.2454796 1.5147164 1.6494454 -7.0111156 1.7956749 15.561087 -1.6227502822875977 0.22859178483486176
Car 0.0 0 1.8311550617218018 402.6383972167969 169.5098419189453 465.5769348144531 209.2722625732422 4.0016937 1.5851994 1.6313136 -7.4589953 1.4522359 30.78141 1.5934162139892578 0.2135651409626007
