Pedestrian 0.0 0 -1.036771297454834 0.0 147.6509552001953 26.14573097229004 197.66957092285156 0.51316816 1.8601211 0.7291336 -22.578732 0.92321336 27.141558 -1.7306559085845947 0.2803552746772766
Pedestrian 0.0 0 0.8594160079956055 821.2978515625 178.23016357421875 849.4491577148438 225.0659637451172 0.76639616 1.7354205 0.6827554 8.490723 1.9430822 27.332073 1.160615086555481 0.24356135725975037
Pedestrian 0.0 0 0.9607436656951904 208.4730224609375 165.0656280517578 255.67645263671875 244.3142852783203 0.7070839 1.7314998 0.6519676 -8.539649 1.5616895 16.213839 0.47597360610961914 0.17874406278133392
Pedestrian 0.0 0 -0.8957868814468384 968.290283203125 157.6114501953125 983.4537353515625 184.8097381591797 0.7064313 1.7680368 0.57035583 23.957342 0.77754533 47.30702 -0.42701441049575806 0.13834653794765472
Pedestrian 0.0 0 1.5278990268707275 372.5088195800781 125.61599731445312 408.0457763671875 206.52647399902344 0.8869816 2.0008965 0.8269328 -5.6585884 0.83307016 18.397005 1.2295007705688477 0.13560858368873596
Pedestrian 0.0 0 2.396656036376953 786.8946533203125 127.94441986083984 843.057861328125 227.80796813964844 0.85666114 1.9216651 0.6588042 4.028066 1.057832 14.369785 2.669956684112549 0.112053781747818
Pedestrian 0.0 0 1.0320647954940796 792.0967407226562 138.47605895996094 862.180908203125 293.3938903808594 0.6866971 1.4731846 0.36970067 2.1095963 1.1466268 7.23757 1.315685510635376 0.10917457938194275
Car 0.0 0 -0.1404426395893097 616.2532958984375 184.1691131591797 693.4287719726562 213.1605987548828 3.8883247 1.4671153 1.650649 2.3053167 2.0827436 38.25304 -0.08025051653385162 0.9223835468292236
Car 0.0 0 -0.12504509091377258 913.4926147460938 157.66055297851562 976.5904541015625 178.2848358154297 4.137645 1.5127691 1.6014181 25.133287 0.3987036 54.31213 0.3083662986755371 0.2446804791688919
Car 0.0 0 -1.0992708206176758 1142.3455810546875 189.2304229736328 1242.0 375.0 3.8948908 1.4791377 1.6205271 5.909617 1.6185099 4.904398 -0.2211838811635971 0.2375812977552414
Car 0.0 0 2.1311819553375244 599.0134887695312 183.0458526611328 637.5726928710938 200.78347778320312 4.0109167 1.5012723 1.6252426 0.7679661 2.458818 65.63589 2.1428818702697754 0.12103834748268127
Car 0.0 0 3.11108660697937 599.5841064453125 182.11407470703125 644.312744140625 200.9586181640625 3.6951084 1.5343932 1.6394514 0.9531957 2.3211606 60.426743 3.126859664916992 0.11417324841022491
