Pedestrian 0.0 0 2.222343921661377 728.6853637695312 129.75912475585938 763.3112182617188 197.73626708984375 0.7686935 1.9249591 0.65587056 3.8988812 0.7049676 20.930586 2.4065098762512207 0.5477862358093262
Car 0.0 0 -2.5522782802581787 882.4788208007812 182.53790283203125 1139.1611328125 282.6731872558594 3.579686 1.3975508 1.5573502 6.6161695 1.590337 12.389336 -2.0617854595184326 0.978344202041626
Car 0.0 0 -1.7821240425109863 657.2578125 183.23703002929688 721.8378295898438 231.41091918945312 3.2161472 1.4856635 1.5386528 2.6056473 1.8650184 24.654045 -1.6768264770507812 0.9439493417739868
Car 0.0 0 -1.6856716871261597 633.8799438476562 181.93321228027344 676.0504150390625 215.1091766357422 3.9202895 1.4408888 1.5569384 2.0510397 1.8996867 34.42989 -1.6261705160140991 0.9215654134750366
Car 0.0 0 -2.8108410835266113 292.61492919921875 190.73040771484375 454.44830322265625 247.3582000732422 4.107329 1.5147552 1.5952531 -6.7304173 2.0473905 20.65157 -3.125889778137207 0.8904180526733398
Car 0.0 0 -2.272329568862915 0.0 218.9434814453125 118.23551940917969 375.0 3.961973 1.4514283 1.5917492 -6.725189 1.8977835 6.112419 -3.105423927307129 0.8762442469596863
Car 0.0 0 -2.6473634243011475 114.69766235351562 197.17454528808594 362.5712890625 293.8017883300781 3.819858 1.6418338 1.6559759 -6.9026217 2.1290908 13.569568 -3.117933988571167 0.8752579689025879
Car 0.0 0 -2.4568185806274414 0.0 167.21945190429688 310.2724914550781 341.9710693359375 3.852482 1.8118646 1.6998676 -5.854133 1.7538023 8.48056 -3.061004877090454 0.7598990201950073
Car 0.0 0 3.522918701171875 176.53575134277344 191.22109985351562 390.8428649902344 272.8612976074219 3.9419477 1.636413 1.6256144 -7.0419436 2.060386 15.749351 3.1024575233459473 0.7572636604309082
Car 0.0 0 -2.807840585708618 380.2248229980469 190.20236206054688 487.00787353515625 232.2010955810547 3.6547055 1.5068518 1.5965446 -6.7566524 2.195311 27.64975 -3.0475094318389893 0.7372708320617676
Car 0.0 0 0.310733824968338 399.9753723144531 189.81419372558594 500.9635314941406 225.15301513671875 4.1345773 1.4948086 1.6628622 -7.185686 2.2835584 32.51749 0.09324979782104492 0.656396210193634
Car 0.0 0 1.576309084892273 491.4446716308594 187.01881408691406 523.239013671875 218.28012084960938 4.4261537 1.5246518 1.6312433 -5.6550565 2.3472643 39.578392 1.43438720703125 0.5533166527748108
