Pedestrian 0.0 0 -3.1708247661590576 852.4632568359375 145.03013610839844 892.138427734375 225.6705322265625 0.8451196 1.8237703 0.62681925 6.026855 1.1948613 16.744902 -2.825338363647461 0.23682263493537903
Pedestrian 0.0 0 3.352297067642212 359.5238952636719 149.16358947753906 398.20001220703125 206.6265411376953 1.1058153 1.8273201 0.5088843 -7.4864693 1.0743237 23.250914 3.0407936573028564 0.2048170417547226
Pedestrian 0.0 0 1.0185799598693848 133.35841369628906 171.95130920410156 175.58462524414062 250.91722106933594 0.5939717 1.7376145 0.5792403 -10.316327 1.7181089 16.264854 0.4533414840698242 0.18595685064792633
Pedestrian 0.0 0 -1.3107020854949951 814.9523315429688 165.05995178222656 839.1033325195312 220.99119567871094 0.5579495 1.7717258 0.62368363 6.9509478 1.5251929 23.254196 -1.0202441215515137 0.18461985886096954
Pedestrian 0.0 0 2.4203882217407227 1081.0230712890625 109.57796478271484 1200.3145751953125 270.30438232421875 1.052717 1.8392148 0.5335633 6.231062 1.1154962 8.568137 3.049160957336426 0.16698238253593445
Pedestrian 0.0 0 2.655797004699707 867.669189453125 122.76019287109375 986.9985961914062 298.2802429199219 1.0161861 1.8126231 0.5999314 3.3499525 1.2956545 7.7880964 3.0620110034942627 0.1273137331008911
Pedestrian 0.0 0 -1.762128233909607 98.68484497070312 166.85853576660156 122.87010192871094 222.7784423828125 0.43802452 1.8758368 0.6047635 -17.045801 1.6750767 24.57067 -2.3686444759368896 0.11411809921264648
Pedestrian 0.0 0 0.7917892932891846 787.50048828125 187.23876953125 868.714599609375 329.8082580566406 0.7216927 1.3449934 0.38951388 2.1385026 1.4990556 7.296998 1.0768725872039795 0.10329454392194748
Cyclist 0.0 0 3.3540055751800537 358.15081787109375 147.92083740234375 399.9522399902344 207.11094665527344 1.1986821 1.8802822 0.5288525 -7.4759693 1.0885925 23.240484 3.042780637741089 0.10119504481554031
Car 0.0 0 1.728283166885376 492.5307922363281 179.90061950683594 551.6730346679688 220.63096618652344 3.8843038 1.4147092 1.6643791 -3.3410234 1.7050022 27.713139 1.6083048582077026 0.967246949672699
