Car 0.0 0 -1.892904281616211 749.5737915039062 185.34600830078125 968.8959350585938 334.9098205566406 3.4299738 1.5101185 1.585061 2.9016125 1.7015233 9.301818 -1.5905293226242065 0.9787403345108032
Car 0.0 0 3.4854953289031982 142.9330291748047 172.3845977783203 381.9971618652344 260.1950378417969 3.8038788 1.5630448 1.6324986 -6.553279 1.5550473 13.839803 3.0432636737823486 0.9398546814918518
Car 0.0 0 0.3038273751735687 314.5416259765625 161.50340270996094 463.8840026855469 217.96617126464844 4.2531967 1.73617 1.6818825 -7.012359 1.3875089 23.042568 0.008410215377807617 0.9174456000328064
Car 0.0 0 2.8152410984039307 707.2667236328125 169.16558837890625 842.4959716796875 218.4425048828125 4.626682 1.7700478 1.7241783 6.073125 1.6379158 27.015491 3.0363667011260986 0.9061338901519775
Car 0.0 0 -0.1805616319179535 774.202392578125 175.8763885498047 943.6024169921875 237.6262664794922 3.9999683 1.5310477 1.6394367 6.409886 1.6159843 19.091734 0.1433546543121338 0.9050331115722656
Car 0.0 0 -2.3898308277130127 0.0 188.41209411621094 213.6083526611328 375.0 4.022853 1.5057338 1.5947897 -6.124449 1.665507 6.587483 -3.138819932937622 0.8964323997497559
Car 0.0 0 -3.4590370655059814 798.8031005859375 187.27720642089844 983.3865356445312 259.7295227050781 3.6263654 1.5435243 1.6588383 6.3183846 1.8948184 16.642405 -3.096190929412842 0.8523069620132446
Car 0.0 0 0.20236188173294067 409.63116455078125 173.7390899658203 509.0408020019531 211.18841552734375 4.147235 1.6499224 1.7340583 -6.8085284 1.6914674 32.700714 -0.0029127243906259537 0.8379679322242737
Car 0.0 0 3.0947704315185547 439.47705078125 166.74607849121094 526.5261840820312 202.80836486816406 4.375681 1.8141009 1.7886448 -6.679087 1.5072024 37.648838 2.919192314147949 0.794512927532196
Car 0.0 0 0.5507552027702332 0.0 159.1028594970703 307.5779724121094 302.9903259277344 3.6199243 1.6189597 1.5559494 -5.9431148 1.4645954 8.956662 -0.03508052974939346 0.774932861328125
