Car 0.0 0 -1.8775606155395508 729.3492431640625 190.75515747070312 943.187744140625 347.7788391113281 3.6200767 1.568941 1.5632066 2.6493702 1.8496141 9.460504 -1.6045098304748535 0.9681856036186218
Car 0.0 0 -1.7703205347061157 681.6536865234375 196.9617919921875 803.5685424804688 286.1439208984375 4.2892594 1.4831278 1.6745793 2.5906613 2.0686533 15.340617 -1.6030230522155762 0.9532282948493958
Car 0.0 0 -2.141263484954834 858.7633056640625 200.9422607421875 1242.0 375.0 3.3062618 1.5311377 1.5412927 2.9586248 1.7827483 4.785681 -1.5875513553619385 0.9426446557044983
Car 0.0 0 1.8908582925796509 236.35430908203125 207.75454711914062 445.92352294921875 351.4747619628906 3.9242775 1.5122495 1.6548893 -3.6893597 2.1174123 10.525075 1.5537109375 0.937063455581665
Car 0.0 0 1.7491286993026733 382.6983947753906 205.7119903564453 489.9124755859375 290.50634765625 4.005434 1.4782035 1.6372312 -3.7989547 2.309487 16.201225 1.5188041925430298 0.912726104259491
Car 0.0 0 1.7040843963623047 468.2514343261719 199.21946716308594 524.2434692382812 247.19894409179688 3.7661583 1.5020304 1.5488261 -4.1596417 2.5428948 26.57291 1.5488076210021973 0.8176461458206177
Car 0.0 0 -1.72971773147583 666.1480102539062 194.1190948486328 746.6616821289062 255.17486572265625 4.218081 1.5137647 1.7020463 2.7117312 2.2111363 21.510973 -1.6043164730072021 0.774346649646759
Car 0.0 0 1.7566338777542114 432.85589599609375 201.4063262939453 506.27447509765625 259.2522888183594 3.5516715 1.4447162 1.5188329 -4.1516995 2.3684893 21.553425 1.5663409233093262 0.7728402018547058
Car 0.0 0 -1.7614970207214355 624.7017211914062 194.8578643798828 661.571044921875 219.72467041015625 3.9932833 1.4863485 1.7661463 2.1711538 3.0438194 48.953087 -1.7171742916107178 0.7326762676239014
Car 0.0 0 -0.1844971776008606 833.3867797851562 172.6297607421875 929.44189453125 205.40676879882812 4.03454 1.5063493 1.6778708 12.797628 1.4964014 34.32976 0.17233037948608398 0.6732946038246155
Car 0.0 0 3.7697620391845703 0.0 195.73550415039062 130.31398010253906 375.0 3.6257036 1.5597929 1.5597985 -7.269513 1.8246619 7.2860155 2.98549747467041 0.6328814625740051
