Pedestrian 0.0 0 3.066401481628418 295.7339782714844 181.0230255126953 325.6153869628906 236.21359252929688 0.8594381 1.774409 0.7300708 -9.9510975 2.0509262 23.869192 2.67141056060791 0.47470998764038086
Pedestrian 0.0 0 0.1573908030986786 245.28717041015625 189.3415069580078 271.5686340332031 239.53102111816406 0.73316073 1.7155817 0.691727 -12.407506 2.3061123 25.38677 -0.2972075343132019 0.32916557788848877
Pedestrian 0.0 0 -2.9299230575561523 769.007080078125 153.81898498535156 840.2348022460938 276.0830993652344 0.87765247 1.6800363 0.6438607 2.7562113 1.4188331 10.397889 -2.6708080768585205 0.29326188564300537
Pedestrian 0.0 0 -2.655151128768921 341.9766845703125 169.1244659423828 385.5943298339844 231.42755126953125 1.0775496 1.8118762 0.57595855 -7.326676 1.7037734 21.348877 -2.9857444763183594 0.19801713526248932
Pedestrian 0.0 0 -0.2675101161003113 803.6177978515625 136.46397399902344 862.6322021484375 245.3579559326172 0.8320331 1.8193408 0.6138898 3.7609773 1.2117141 12.370635 0.027634859085083008 0.17917630076408386
Pedestrian 0.0 0 1.6836638450622559 499.4191589355469 143.09300231933594 533.86865234375 226.75856018066406 0.8956946 1.7975696 0.6613943 -2.1037588 1.158507 15.953426 1.552551507949829 0.16990028321743011
Pedestrian 0.0 0 1.2794570922851562 407.45330810546875 149.5438690185547 429.13262939453125 196.88064575195312 0.8760459 1.8639032 0.6134959 -7.735728 0.946416 28.941912 1.018277883529663 0.1580374389886856
Cyclist 0.0 0 2.4036941528320312 292.08624267578125 180.61460876464844 328.814697265625 235.9769744873047 0.85521966 1.7788552 0.7285096 -9.95216 2.041857 23.874681 2.008746862411499 0.1087694838643074
Car 0.0 0 -1.7097828388214111 61.95426940917969 197.12966918945312 161.22947692871094 262.1106262207031 3.614999 1.4216444 1.663441 -13.287139 2.1279047 19.087294 -2.3179032802581787 0.8758203387260437
Car 0.0 0 -1.7753921747207642 9.397887229919434 194.25051879882812 97.25593566894531 248.3526611328125 3.269483 1.5203207 1.6065435 -18.027296 2.2603738 23.268766 -2.4345412254333496 0.5494058132171631
Car 0.0 0 -1.6088531017303467 0.0 197.46755981445312 56.27668762207031 246.01573181152344 3.517866 1.514077 1.5677094 -21.287365 2.4711437 26.20377 -2.2910962104797363 0.27449995279312134
Car 0.0 0 1.3127293586730957 146.44996643066406 188.9372100830078 231.29608154296875 235.2235107421875 4.026419 1.420363 1.6058248 -14.983732 2.0336812 25.508324 0.7816219329833984 0.24062101542949677
