Pedestrian 0.0 0 -1.5995936393737793 926.391845703125 153.02603149414062 972.956298828125 261.7669372558594 0.6308888 1.671571 0.6508605 5.3521442 1.3671323 11.507194 -1.164243221282959 0.6148486733436584
Pedestrian 0.0 0 -3.1817991733551025 768.431640625 177.8040313720703 781.7821655273438 206.51954650878906 0.74833554 1.6851426 0.59303737 9.762881 1.981778 42.82404 -2.957653284072876 0.34002459049224854
Pedestrian 0.0 0 -3.1553730964660645 755.28564453125 165.172607421875 774.1921997070312 202.93338012695312 0.84456664 1.7249807 0.6601951 7.1110554 1.3744388 33.364506 -2.945382833480835 0.25198331475257874
Pedestrian 0.0 0 -1.476469874382019 854.6788330078125 138.6927947998047 874.0730590820312 186.54876708984375 0.6477585 1.9294194 0.6914762 10.370653 0.55249286 29.52654 -1.1386983394622803 0.23253394663333893
Pedestrian 0.0 0 1.1218464374542236 1081.060302734375 122.63220977783203 1111.307861328125 184.14404296875 0.51543903 1.8654586 0.606912 14.892786 0.3427491 22.177382 1.7132086753845215 0.21944217383861542
Pedestrian 0.0 0 -0.6047400236129761 1176.06298828125 133.83660888671875 1242.0 260.1123046875 0.8360198 1.8210839 0.6169939 9.041226 1.2587527 10.74949 0.09455513954162598 0.1800241470336914
Car 0.0 0 -1.6478846073150635 599.7149658203125 179.32261657714844 629.544189453125 204.90489196777344 4.073104 1.5191615 1.5837212 0.22253068 1.9505602 45.989113 -1.6430459022521973 0.8119860291481018
Car 0.0 0 2.153930425643921 438.2904357910156 185.5368194580078 486.0378723144531 206.44827270507812 4.0917044 1.5095875 1.7286825 -11.651902 2.550921 56.998795 1.9522850513458252 0.5108022093772888
Car 0.0 0 2.0579867362976074 211.061279296875 189.34133911132812 261.0252685546875 212.6907196044922 4.287185 1.6846111 1.7121489 -29.621332 3.0422711 57.245304 1.5804802179336548 0.351327121257782
Car 0.0 0 3.2900261878967285 59.10545349121094 195.97128295898438 138.51475524902344 221.26480102539062 4.2863135 1.5834868 1.828927 -35.50321 3.2495797 50.206738 2.6745240688323975 0.24454323947429657
