Car 0.0 0 -2.5370101928710938 846.2244262695312 175.86439514160156 1067.19140625 263.491943359375 3.6009762 1.4544587 1.6013721 6.533375 1.5216831 14.065949 -2.1021788120269775 0.9741151332855225
Car 0.0 0 -1.7705355882644653 650.0819091796875 180.70144653320312 711.197998046875 226.52703857421875 3.3005786 1.5264022 1.5839621 2.4699643 1.8320975 26.346685 -1.6770602464675903 0.964939534664154
Car 0.0 0 -2.4132766723632812 0.0 212.3550262451172 215.48033142089844 375.0 3.8201838 1.4768552 1.6498467 -6.5993023 1.943407 7.6558156 -3.124695301055908 0.9439190030097961
Car 0.0 0 -1.6610915660858154 629.3554077148438 181.405517578125 668.8892822265625 213.93873596191406 4.107979 1.4828432 1.596649 1.8623129 1.9353375 36.06306 -1.6094969511032104 0.9219332337379456
Car 0.0 0 3.406444787979126 314.38006591796875 192.78688049316406 463.7768859863281 244.57688903808594 4.109817 1.4799625 1.5905156 -6.7353725 2.1155505 22.1339 3.111046552658081 0.910069465637207
Car 0.0 0 -2.6168665885925293 156.44259643554688 196.80465698242188 383.4692077636719 282.5338134765625 4.0104012 1.6091055 1.6550738 -7.064542 2.1438367 15.097046 -3.0545403957366943 0.8521305322647095
Car 0.0 0 3.493518590927124 216.80670166015625 189.25335693359375 405.4820251464844 261.9507141113281 3.8651845 1.6141573 1.5818971 -7.0909925 2.026731 17.270731 3.103926181793213 0.8075063824653625
Car 0.0 0 -2.560842990875244 0.0 162.8534698486328 351.07720947265625 304.65264892578125 4.1863093 1.7887456 1.7432003 -6.0688543 1.6629504 10.048506 -3.104166030883789 0.7045878767967224
Car 0.0 0 1.672427773475647 492.5823669433594 187.89183044433594 526.9490356445312 216.2792205810547 3.782931 1.4439387 1.5434046 -5.6365814 2.331511 40.648987 1.5346416234970093 0.5613512396812439
Car 0.0 0 -3.104518175125122 673.3999633789062 166.9901885986328 732.260498046875 186.61618041992188 4.6485267 1.5514574 1.725877 7.4887247 1.088273 58.268356 -2.9766976833343506 0.46655574440956116
