Car 0.0 0 -1.1113359928131104 134.9688262939453 188.8981475830078 306.73712158203125 267.8742370605469 3.85152 1.4111893 1.5829171 -7.8736053 1.4989749 14.967313 -1.5956083536148071 0.9721313714981079
Car 0.0 0 -1.3282774686813354 370.8809509277344 185.84231567382812 472.064208984375 246.84979248046875 4.383103 1.5054595 1.7033354 -5.067446 1.5259222 19.976833 -1.576703667640686 0.9674866795539856
Car 0.0 0 -1.51558518409729 573.2718505859375 179.37242126464844 606.544677734375 207.71954345703125 3.8364077 1.5045203 1.6476487 -0.9802375 1.1955204 40.092064 -1.5400300025939941 0.8551151752471924
Car 0.0 0 -1.219009518623352 275.0425109863281 186.435546875 366.60931396484375 237.1184539794922 3.4386163 1.4390019 1.5347625 -8.805616 1.4808085 22.228071 -1.596191167831421 0.8516088724136353
Car 0.0 0 -0.9336332678794861 0.0 112.67496490478516 325.08966064453125 376.0 3.763843 1.6783198 1.6022465 -3.432348 1.3991019 4.658006 -1.5686784982681274 0.7322362065315247
Car 0.0 0 -1.2670800685882568 357.3334045410156 179.10794067382812 411.0685119628906 207.76731872558594 4.6672006 1.630819 1.7703145 -13.3867 1.2843975 43.238327 -1.567323088645935 0.5835655927658081
Car 0.0 0 -1.3973747491836548 388.9273986816406 183.39695739746094 441.0408935546875 219.60891723632812 3.5118086 1.5186434 1.6573466 -8.541779 1.4435016 31.965075 -1.6584957838058472 0.5589504241943359
Car 0.0 0 1.9802623987197876 441.30560302734375 187.99453735351562 479.2698669433594 207.54541015625 4.0322742 1.5634503 1.6484314 -12.3224535 1.8057212 60.233788 1.7784696817398071 0.4096358120441437
Car 0.0 0 -1.2533475160598755 284.1053161621094 180.6001739501953 354.5829162597656 219.20034790039062 3.5793889 1.4715958 1.622907 -11.679416 1.296765 29.238884 -1.633378028869629 0.37619465589523315
Car 0.0 0 2.083714008331299 48.23468017578125 180.2095947265625 187.1951141357422 242.65426635742188 3.4748125 1.4991949 1.5263852 -12.859311 1.3801379 19.048176 1.4898996353149414 0.3423769176006317
