Pedestrian 0.0 0 -1.838404893875122 820.8924560546875 142.12722778320312 843.8438110351562 191.05831909179688 0.7218808 1.862518 0.6781583 8.529794 0.69328934 27.832808 -1.5410270690917969 0.29245421290397644
Pedestrian 0.0 0 0.573652446269989 631.7460327148438 169.1608428955078 649.6807250976562 197.98519897460938 1.0483075 1.852727 0.523045 1.963802 1.6157023 46.891296 0.6155078411102295 0.26508283615112305
Pedestrian 0.0 0 1.2090632915496826 1185.5771484375 124.8251724243164 1214.005615234375 182.2119903564453 0.5276836 1.9545232 0.6124862 20.319946 0.31907964 24.919193 1.8931443691253662 0.20550332963466644
Cyclist 0.0 0 1.591401219367981 623.426513671875 170.11546325683594 632.7722778320312 197.3574981689453 1.6727616 1.7999177 0.5958005 1.1922557 1.6193367 48.519173 1.615969181060791 0.23928683996200562
Cyclist 0.0 0 0.9845932126045227 631.3451538085938 169.66502380371094 647.0774536132812 198.47808837890625 1.0613065 1.8508749 0.52177787 1.8656553 1.6463813 46.935894 1.0243213176727295 0.11815182864665985
Car 0.0 0 -1.6295219659805298 530.098388671875 176.35801696777344 564.3740844726562 206.79563903808594 3.9756489 1.6093253 1.6870102 -3.620917 1.8175887 40.71845 -1.7182143926620483 0.839871346950531
Car 0.0 0 1.8902692794799805 315.2350769042969 173.31324768066406 398.0160827636719 219.95321655273438 4.5285745 1.7103714 1.7757727 -10.018923 1.7304986 28.779995 1.5552692413330078 0.6212304830551147
Car 0.0 0 1.6269770860671997 584.935302734375 175.59848022460938 613.6469116210938 200.37359619140625 3.8905435 1.5231637 1.6470416 -0.6875253 1.7089629 46.773026 1.612278938293457 0.5767497420310974
Car 0.0 0 1.6662787199020386 449.70623779296875 182.53575134277344 475.94488525390625 203.95632934570312 3.864249 1.5007695 1.5778056 -11.080004 2.2575579 54.36616 1.465228796005249 0.3420388400554657
Car 0.0 0 1.9088366031646729 342.1349792480469 171.09291076660156 437.02825927734375 223.9502410888672 4.3477144 1.6076927 1.681349 -7.283956 1.5544858 24.152899 1.6159337759017944 0.2516269385814667
Car 0.0 0 1.5406876802444458 635.1498413085938 173.17454528808594 656.6911010742188 194.0279083251953 3.7519183 1.6188952 1.6104681 2.8329432 1.6458445 57.96079 1.5895256996154785 0.21117892861366272
Car 0.0 0 1.2838550806045532 362.5819396972656 183.3903350830078 400.7865905761719 203.23233032226562 4.6962757 1.4729042 1.6898638 -18.589417 2.3635356 58.545383 0.9764020442962646 0.17463533580303192
