Pedestrian 0.0 0 2.569301128387451 989.81494140625 123.59947204589844 1064.4132080078125 251.22772216796875 0.8083957 1.7242373 0.37730378 5.767527 0.9571911 9.75108 3.103429079055786 0.6459500789642334
Pedestrian 0.0 0 -1.7249476909637451 119.23499298095703 151.9490509033203 139.68551635742188 192.12132263183594 0.7791646 1.9438798 0.7224768 -23.383938 0.5637803 34.73943 -2.3174073696136475 0.38672128319740295
Pedestrian 0.0 0 -2.6146039962768555 986.9306030273438 152.17225646972656 1028.49560546875 225.19859313964844 0.72093177 1.8264898 0.60406554 10.29485 1.1195683 18.14282 -2.0984745025634766 0.24865372478961945
Pedestrian 0.0 0 -0.141676664352417 777.6513671875 155.15806579589844 796.467529296875 187.1688690185547 0.97877485 1.8201323 0.5266519 10.421111 0.38057652 40.5133 0.1100921630859375 0.22599074244499207
Pedestrian 0.0 0 0.5328750610351562 278.40875244140625 178.21743774414062 318.7268371582031 259.7654113769531 0.5297062 1.6334275 0.59652376 -6.3142858 1.5893351 14.485637 0.12180852890014648 0.20409183204174042
Pedestrian 0.0 0 -1.0012857913970947 787.1773681640625 162.80096435546875 806.5755615234375 195.47149658203125 0.8141982 1.7247332 0.6687833 10.259981 0.79178286 37.84252 -0.7365274429321289 0.2030702382326126
Pedestrian 0.0 0 1.9372005462646484 251.38601684570312 175.08291625976562 293.9002685546875 233.081787109375 1.8801788 1.734962 0.56988794 -10.395467 1.5744792 22.103905 1.497593879699707 0.18020445108413696
Cyclist 0.0 0 1.963287353515625 251.08303833007812 175.24075317382812 294.6916198730469 232.3885955810547 1.888501 1.7037188 0.55228525 -10.352564 1.5484905 22.030048 1.523984432220459 0.38843345642089844
Cyclist 0.0 0 -2.1477386951446533 875.6520385742188 157.40086364746094 905.9110107421875 194.9600830078125 1.6448218 1.7381122 0.5158487 13.538208 0.6706179 33.571526 -1.7644212245941162 0.21564939618110657
Car 0.0 0 2.0675864219665527 0.0 186.04151916503906 165.24473571777344 270.2344970703125 4.2605367 1.7721934 1.687526 -12.786661 1.9275937 17.396023 1.4337327480316162 0.9103641510009766
Car 0.0 0 0.8721168637275696 478.8880310058594 171.7187957763672 566.2620239257812 208.00779724121094 3.8640354 1.4573429 1.6035919 -3.599124 1.10619 30.296616 0.7538747787475586 0.8967856168746948
Car 0.0 0 -0.8200876712799072 0.0 205.52847290039062 296.5407409667969 370.0 3.9235737 1.4501349 1.6042492 -3.178913 1.6410973 3.3758602 -1.5754485130310059 0.8364965915679932
Car 0.0 0 1.950645923614502 219.9545135498047 183.12220764160156 309.06219482421875 230.9390106201172 3.391702 1.3854835 1.3829466 -10.7159815 1.4765912 22.409655 1.5046013593673706 0.3695450723171234
