Cyclist 0.0 0 1.8114285469055176 583.921875 164.8013916015625 605.72607421875 205.48709106445312 1.6852634 1.7651564 0.5901982 -0.7057899 1.4161507 32.18789 1.789504885673523 0.8274806141853333
Car 0.0 0 -2.7351138591766357 227.50929260253906 170.0031280517578 421.1520690917969 229.4700164794922 4.352712 1.4589461 1.6174437 -7.305291 1.3893616 18.576807 -3.109786033630371 0.9374432563781738
Car 0.0 0 -1.708217740058899 693.8973388671875 181.96536254882812 800.6724243164062 280.1751708984375 2.7552476 1.521533 1.4725553 2.2879071 1.7018318 12.84175 -1.531906008720398 0.9343830347061157
Car 0.0 0 -1.653574824333191 671.7809448242188 180.33316040039062 752.2515258789062 249.6273193359375 3.729502 1.4705117 1.6102682 2.3367376 1.6732732 17.621786 -1.521738886833191 0.9219750165939331
Car 0.0 0 1.7060850858688354 481.8862609863281 167.3608856201172 548.784912109375 220.1144256591797 4.1199203 1.6618037 1.7344013 -3.2025688 1.4891216 24.792442 1.5776212215423584 0.8934518694877625
Car 0.0 0 -1.05124831199646 0.0 185.6256561279297 387.4893798828125 375.0 3.6475537 1.4472326 1.5673141 -2.9921339 1.5716302 5.1776524 -1.5752546787261963 0.8766512870788574
Car 0.0 0 -1.6170868873596191 629.7396850585938 173.88919067382812 656.9750366210938 198.60113525390625 3.881943 1.6338543 1.6929363 2.236727 1.7084602 49.807262 -1.572209358215332 0.7884650826454163
Car 0.0 0 1.7228842973709106 521.1221313476562 173.35743713378906 569.318359375 207.56617736816406 3.9131126 1.4549732 1.604299 -2.9167058 1.4795798 32.748158 1.6340539455413818 0.7549586296081543
Car 0.0 0 1.4963769912719727 568.719482421875 166.83233642578125 588.0453491210938 183.82818603515625 3.8738735 1.5601603 1.5378958 -3.0333545 1.0077499 68.24632 1.4519591331481934 0.3921140134334564
Car 0.0 0 1.488889455795288 626.87109375 164.5251007080078 648.0960083007812 181.36376953125 4.183964 1.5348887 1.6536633 2.5376284 0.7760452 67.89403 1.5262483358383179 0.3744203448295593
