Pedestrian 0.0 0 1.4621596336364746 824.0309448242188 130.9106903076172 901.2716064453125 273.4441833496094 0.64354736 1.6863189 0.8308978 3.1260014 1.1013081 8.769409 1.8045836687088013 0.7875860333442688
Pedestrian 0.0 0 -1.4056400060653687 439.0528869628906 140.66050720214844 469.31658935546875 210.49118041992188 0.81834537 1.6630812 0.59845144 -3.7109532 0.7158698 17.25673 -1.6174581050872803 0.6634539365768433
Pedestrian 0.0 0 0.4553888440132141 1018.1915283203125 117.58743286132812 1197.53125 370.0 0.83107156 1.679817 0.5199787 3.2681975 1.305668 4.7088137 1.0621168613433838 0.661113440990448
Pedestrian 0.0 0 1.4310460090637207 508.0435791015625 144.87025451660156 539.72265625 216.64540100097656 0.8677766 1.7145076 0.65684164 -2.040768 0.86501473 17.387482 1.3142106533050537 0.6496821045875549
Pedestrian 0.0 0 -2.2928876876831055 641.91943359375 138.18643188476562 681.7174072265625 204.32986450195312 1.1451049 1.8928285 0.54845214 1.6343797 0.6835109 20.851206 -2.2146646976470947 0.6324722170829773
Pedestrian 0.0 0 -3.156350612640381 1068.00146484375 157.9431915283203 1164.2991943359375 337.3990173339844 0.73620445 1.6404518 0.6402198 4.93967 1.435954 6.930925 -2.53715181350708 0.604148268699646
Pedestrian 0.0 0 -2.362837553024292 268.3109130859375 141.7617950439453 328.3706970214844 246.919921875 0.6446157 1.6657336 0.635741 -5.0740604 1.0537653 11.60716 -2.774953603744507 0.5566410422325134
Pedestrian 0.0 0 2.0799765586853027 352.0399475097656 152.54476928710938 375.9703674316406 191.48182678222656 0.9447927 1.883144 0.7479507 -11.845318 0.5325635 34.72245 1.7512140274047852 0.465287446975708
Pedestrian 0.0 0 -1.4528716802597046 405.7171630859375 133.99282836914062 434.26275634765625 201.7457733154297 0.8100708 1.6835312 0.61473346 -4.741387 0.5295126 18.007692 -1.7103263139724731 0.39166706800460815
Pedestrian 0.0 0 1.7673254013061523 109.68732452392578 145.67584228515625 165.3383331298828 260.87835693359375 0.69519556 1.8421001 0.65025616 -7.7970896 1.2869129 11.745832 1.1812978982925415 0.3646179139614105
Pedestrian 0.0 0 -1.4474655389785767 640.8670654296875 145.7532196044922 663.0503540039062 197.54302978515625 0.9453213 1.7925748 0.67323333 1.6386963 0.5914332 24.995209 -1.3819987773895264 0.2876885235309601
Pedestrian 0.0 0 0.8245591521263123 238.36712646484375 131.72149658203125 291.396240234375 238.49407958984375 0.52989274 1.7697997 0.62530065 -5.861576 0.9629262 12.102425 0.37352538108825684 0.26726338267326355
Pedestrian 0.0 0 3.1542766094207764 547.506591796875 141.61199951171875 564.072509765625 187.3928985595703 0.6706682 1.8563931 0.6730932 -2.0390928 0.2809957 29.020771 3.0841286182403564 0.2602636218070984
Pedestrian 0.0 0 1.5513776540756226 562.2259521484375 147.9377899169922 573.8135986328125 179.53688049316406 0.66106266 1.8263791 0.6613172 -2.166405 -0.055287354 41.2365 1.4988898038864136 0.24188077449798584
Cyclist 0.0 0 1.1563936471939087 625.1761474609375 156.4132843017578 656.5374755859375 203.37208557128906 1.6223121 1.7195317 0.5771109 1.3164251 0.8390451 26.746384 1.2055727243423462 0.21676002442836761
Cyclist 0.0 0 -1.4304102659225464 641.0079345703125 145.87142944335938 663.0743408203125 197.48614501953125 0.88542503 1.7863779 0.6618876 1.6391085 0.58941936 24.966934 -1.3648531436920166 0.11203990876674652
