Pedestrian 0.0 0 -2.5184128284454346 1155.1407470703125 201.0612030029297 1199.532958984375 252.6422119140625 1.0199393 1.7616129 0.7248291 20.2925 2.7967665 25.876429 -1.8533756732940674 0.2161986082792282
Pedestrian 0.0 0 -1.5331978797912598 368.70947265625 174.0109405517578 377.06048583984375 194.33287048339844 0.614084 1.7802975 0.67779046 -20.933447 1.8833262 63.64045 -1.850982904434204 0.20236755907535553
Pedestrian 0.0 0 1.4402053356170654 1184.8736572265625 185.27268981933594 1242.0 290.3088073730469 0.45229554 1.6936127 0.6980508 10.064229 1.9087445 12.09826 2.1340818405151367 0.17420156300067902
Pedestrian 0.0 0 -1.978428602218628 760.3328247070312 161.9966583251953 774.8624267578125 193.57138061523438 0.71829516 1.9428846 0.64942825 9.752656 1.2751584 44.81043 -1.7641280889511108 0.16486258804798126
Car 0.0 0 2.101168632507324 8.616120338439941 189.96707153320312 186.25146484375 262.5517578125 3.9967868 1.3858017 1.5420758 -11.729164 1.8332405 16.794327 1.4915170669555664 0.9630299210548401
Car 0.0 0 -1.5282683372497559 570.594482421875 183.37242126464844 621.2424926757812 232.44424438476562 3.527101 1.545278 1.6246704 -0.47633624 1.9399644 25.26492 -1.5471197366714478 0.9619364142417908
Car 0.0 0 -1.4105521440505981 507.8604431152344 182.82164001464844 555.017578125 217.43801879882812 3.6490421 1.4462795 1.5879086 -3.5835083 1.929401 33.080006 -1.5184599161148071 0.9579042792320251
Car 0.0 0 1.7621943950653076 369.3080749511719 182.97137451171875 408.7412109375 209.0631103515625 3.9225917 1.4345782 1.5443485 -13.232306 2.0702777 43.276077 1.4654570817947388 0.47062957286834717
Car 0.0 0 2.040651798248291 99.97050476074219 192.0279541015625 211.42955017089844 241.154052734375 3.799397 1.4129665 1.6190652 -15.161918 2.109936 24.247437 1.4818370342254639 0.288247674703598
Car 0.0 0 1.0546910762786865 840.9273681640625 185.43695068359375 894.7422485351562 211.06993103027344 3.8880816 1.5255207 1.5821202 16.700506 2.3814404 47.005356 1.3960702419281006 0.1961025893688202
Car 0.0 0 1.8792935609817505 327.1219787597656 180.46090698242188 372.6614685058594 205.73805236816406 3.9005933 1.5115988 1.6438897 -16.666801 2.0211499 46.316517 1.53387451171875 0.1783914417028427
Car 0.0 0 1.8770198822021484 543.982421875 181.1625518798828 581.1160888671875 203.4025115966797 4.3786445 1.6045476 1.6386546 -3.6660857 2.2777855 56.110367 1.8117755651474 0.17470210790634155
