Cyclist 0.0 0 -1.3056901693344116 0.0 2.030527114868164 139.2586212158203 376.0 1.8179415 1.8199983 0.53242415 -3.29644 0.990711 4.195747 -1.9716272354125977 0.6525242924690247
Car 0.0 0 -1.3902173042297363 448.866455078125 182.58778381347656 509.4404602050781 226.92515563964844 3.507264 1.494573 1.549786 -4.6153083 1.4071193 25.98553 -1.5659949779510498 0.9417086839675903
Car 0.0 0 -1.0940699577331543 126.30433654785156 183.97064208984375 303.1419372558594 263.41131591796875 4.152176 1.515705 1.6645399 -8.430921 1.4930806 15.798895 -1.584265947341919 0.9150360822677612
Car 0.0 0 -1.3339667320251465 330.5672607421875 189.80604553222656 462.0802001953125 282.3873596191406 4.142067 1.6105622 1.645441 -4.2138443 1.719731 14.812591 -1.6111223697662354 0.8795849680900574
Car 0.0 0 -1.5628962516784668 579.23876953125 179.3064727783203 610.2229614257812 207.6436309814453 3.668686 1.4996849 1.6399395 -0.738912 1.1880834 39.88313 -1.5814210176467896 0.8308585286140442
Car 0.0 0 -1.343101978302002 399.45245361328125 180.0396270751953 450.03912353515625 211.95852661132812 3.5739648 1.4501821 1.5846006 -8.743293 1.2161472 34.45931 -1.5915863513946533 0.8263139128684998
Car 0.0 0 -1.2774666547775269 306.1497802734375 187.74417114257812 387.2701721191406 234.83445739746094 3.7075403 1.4199336 1.5090942 -8.566458 1.5113236 23.766148 -1.6234186887741089 0.7884340286254883
Car 0.0 0 -1.4274495840072632 484.32977294921875 182.4244842529297 526.4292602539062 213.25856018066406 3.7478757 1.4645536 1.5698842 -5.106728 1.333108 36.016262 -1.5683002471923828 0.7387248277664185
Car 0.0 0 -1.3934308290481567 378.3346862792969 179.10736083984375 414.913818359375 203.8330535888672 3.4323366 1.4525946 1.5697984 -12.909493 1.0948709 44.018612 -1.6787052154541016 0.6718991994857788
Car 0.0 0 -0.9868329763412476 0.0 192.57859802246094 144.7382049560547 338.3023376464844 3.8995934 1.4943234 1.6105789 -8.11786 1.6146625 9.603869 -1.6885744333267212 0.6262801289558411
Car 0.0 0 2.253931999206543 0.0 179.671875 46.75194549560547 213.67474365234375 3.713476 1.5449268 1.7536852 -29.284986 1.2941735 34.531693 1.5505647659301758 0.476264625787735
Car 0.0 0 -2.7188849449157715 244.15347290039062 180.5074920654297 335.06927490234375 215.63555908203125 3.1101298 1.4301643 1.5623864 -13.290291 1.239611 30.053963 -3.1352453231811523 0.4265076220035553
