Pedestrian 0.0 0 1.9862098693847656 0.0 139.2030487060547 20.582841873168945 193.1312255859375 0.54245394 1.9497174 0.7098494 -22.205738 0.7334596 26.443272 1.2876965999603271 0.4798819422721863
Pedestrian 0.0 0 -2.444415807723999 208.0867919921875 160.28704833984375 259.745361328125 246.02093505859375 0.75727785 1.760484 0.59795207 -7.9598684 1.5027885 15.186205 -2.927197217941284 0.27608147263526917
Pedestrian 0.0 0 -3.4615719318389893 897.6973876953125 177.93490600585938 921.622314453125 225.69973754882812 0.5989512 1.6587808 0.6703346 10.535657 1.8411331 25.486423 -3.069581985473633 0.24609456956386566
Pedestrian 0.0 0 1.7853126525878906 369.73468017578125 123.99494934082031 415.2269287109375 210.15158081054688 1.048137 1.9946465 0.8401958 -5.2352595 0.8638492 17.25783 1.490780234336853 0.24543799459934235
Pedestrian 0.0 0 1.7354916334152222 367.4760437011719 172.11048889160156 404.8312072753906 239.08807373046875 1.0741107 1.8905913 0.8740652 -6.533918 1.869962 20.956165 1.4332538843154907 0.2224324345588684
Pedestrian 0.0 0 0.8773210048675537 870.1550903320312 123.07736206054688 963.3821411132812 336.5703430175781 0.5711076 1.6518778 0.43842754 2.4475362 1.2670946 5.917816 1.2694858312606812 0.1915808618068695
Cyclist 0.0 0 1.7853126525878906 369.73468017578125 123.99494934082031 415.2269287109375 210.15158081054688 1.048137 1.9946465 0.8401958 -5.2352595 0.8638492 17.25783 1.490780234336853 0.14856359362602234
Cyclist 0.0 0 -2.4648067951202393 201.0260009765625 158.29107666015625 262.8118896484375 246.97613525390625 0.98479706 1.8175566 0.612704 -7.9970965 1.5194547 15.179457 -2.949692726135254 0.11346997320652008
Car 0.0 0 -0.14164702594280243 638.0213012695312 184.08413696289062 726.5479736328125 214.41514587402344 4.3059688 1.4827957 1.7179097 3.6158264 2.072809 36.92973 -0.044047124683856964 0.9190014004707336
Car 0.0 0 3.081951141357422 620.4258422851562 181.59738159179688 669.9423217773438 200.11094665527344 3.9587507 1.4746262 1.61616 2.8305984 2.2010674 59.085136 3.129821538925171 0.45010530948638916
Car 0.0 0 -1.3998019695281982 873.1490478515625 173.09193420410156 936.2671508789062 216.32003784179688 3.529411 1.5036768 1.6137818 11.049245 1.5135872 27.040953 -1.0118939876556396 0.28693488240242004
Car 0.0 0 1.539482593536377 612.744384765625 180.64332580566406 632.8861083984375 198.3699188232422 4.187323 1.4743184 1.6492735 1.0862632 2.1879406 63.962883 1.5564637184143066 0.26181560754776
Car 0.0 0 -1.0182840824127197 995.4149169921875 154.2737579345703 1063.5975341796875 180.2847137451172 4.566336 1.6246771 1.6858104 27.24642 0.4644894 46.886684 -0.4918685555458069 0.20511159300804138
