Pedestrian 0.0 0 1.4384653568267822 1037.1356201171875 126.57010650634766 1082.1708984375 213.74850463867188 1.0280608 1.7450224 0.6568292 9.42892 0.6671528 14.752467 2.007169485092163 0.5350286960601807
Pedestrian 0.0 0 -0.2137967348098755 867.0281982421875 140.47250366210938 965.7153930664062 294.44476318359375 0.98474264 1.77269 0.5764155 3.6753888 1.3135357 8.512938 0.193770170211792 0.34591853618621826
Pedestrian 0.0 0 -1.2921600341796875 61.73241424560547 152.1682891845703 85.130615234375 198.54531860351562 0.62908316 1.9171033 0.636429 -22.295338 0.7474323 29.630232 -1.937228798866272 0.2563985586166382
Pedestrian 0.0 0 2.153064489364624 748.3818969726562 141.98190307617188 825.21337890625 285.33538818359375 0.68893975 1.7961062 0.72666216 2.356283 1.3151822 9.354385 2.3998217582702637 0.25374218821525574
Pedestrian 0.0 0 0.8782387375831604 1164.4075927734375 124.01571655273438 1224.0 228.34976196289062 0.6947803 1.8006684 0.5790075 10.450356 0.82747006 12.545721 1.5727694034576416 0.17005230486392975
Pedestrian 0.0 0 -1.3119502067565918 227.82752990722656 165.8162384033203 244.00808715820312 198.08009338378906 0.64833957 1.8706173 0.69785875 -21.606337 1.0206487 41.38199 -1.7931363582611084 0.16132424771785736
Pedestrian 0.0 0 1.2849277257919312 727.162109375 143.87893676757812 766.3251342773438 223.20822143554688 0.87581635 1.8184671 0.6834954 3.2928152 0.98061013 16.669834 1.4799485206604004 0.1565825492143631
Cyclist 0.0 0 2.4797654151916504 425.2355651855469 175.67449951171875 443.5749206542969 196.7913360595703 1.349641 1.6332372 0.54108274 -13.346171 1.2612691 55.376686 2.2432684898376465 0.28580957651138306
Cyclist 0.0 0 1.4384653568267822 1037.1356201171875 126.57010650634766 1082.1708984375 213.74850463867188 1.0280608 1.7450224 0.6568292 9.42892 0.6671528 14.752467 2.007169485092163 0.21073982119560242
Car 0.0 0 -3.370123863220215 752.1966552734375 156.99795532226562 812.5508422851562 176.04246520996094 4.2950764 1.4474922 1.6169745 13.767536 -0.3507037 54.9753 -3.124739408493042 0.608702540397644
Car 0.0 0 2.2031311988830566 128.16615295410156 145.90135192871094 250.7670440673828 199.75369262695312 3.7992415 1.6889307 1.6875308 -14.067186 0.6053918 24.147173 1.6756336688995361 0.2878255844116211
Car 0.0 0 1.761590600013733 453.4565124511719 177.27120971679688 480.9349670410156 195.65994262695312 4.363938 1.4774556 1.4508055 -11.438777 1.219266 58.985977 1.5700443983078003 0.2238394170999527
Car 0.0 0 -2.011874198913574 805.4309692382812 147.66810607910156 885.2221069335938 190.35223388671875 4.6742463 1.9258355 1.8295943 11.527593 0.44597763 34.32386 -1.6878623962402344 0.17092269659042358
Car 0.0 0 1.5019347667694092 407.4626770019531 177.455810546875 430.87225341796875 197.90623474121094 3.7507207 1.6339759 1.6154547 -15.392371 1.3919796 58.523052 1.2447458505630493 0.12848983705043793
