Pedestrian 0.0 0 0.1639603227376938 647.6260986328125 170.73348999023438 663.6400146484375 198.7296600341797 0.9403514 1.7547388 0.5032554 2.8518984 1.6221874 45.57242 0.22645831108093262 0.26849204301834106
Pedestrian 0.0 0 3.13984751701355 515.9608154296875 167.1343536376953 527.53515625 191.603515625 0.8845013 1.8818442 0.49775442 -6.850106 1.4423223 55.78999 3.0176751613616943 0.20666120946407318
Pedestrian 0.0 0 1.6913294792175293 981.2733764648438 179.39515686035156 1010.3151245117188 248.54348754882812 0.5674267 1.7086734 0.58681744 9.740429 1.8786159 18.303034 2.180385112762451 0.19726605713367462
Cyclist 0.0 0 1.7845157384872437 14.28218936920166 175.7953338623047 163.42327880859375 375.0 1.7061391 1.7066039 0.5822398 -3.9991932 1.7334018 5.584647 1.1630626916885376 0.7210192084312439
Car 0.0 0 -1.819779872894287 733.8492431640625 173.96817016601562 993.8990478515625 342.54058837890625 4.67661 1.5257456 1.739404 2.661544 1.543561 8.930945 -1.5301463603973389 0.9393893480300903
Car 0.0 0 3.4724862575531006 236.16244506835938 173.8838653564453 437.31689453125 255.54147338867188 3.814344 1.7016566 1.704318 -5.9693885 1.7260877 15.959506 3.114563226699829 0.9212075471878052
Car 0.0 0 1.568724513053894 547.7513427734375 174.52532958984375 571.1314697265625 197.6751708984375 4.0927386 1.631774 1.6558049 -3.7653475 1.7603751 53.26108 1.4981459379196167 0.7430424094200134
Car 0.0 0 1.4360207319259644 658.5823364257812 170.11257934570312 707.8289794921875 209.98085021972656 3.8309495 1.6302103 1.621293 3.085676 1.518472 31.444986 1.5338369607925415 0.4867649972438812
Car 0.0 0 -1.6639509201049805 667.7335815429688 161.6808624267578 731.5857543945312 220.64198303222656 4.271406 1.7856351 1.6921895 2.8426619 1.4476151 24.004957 -1.5460801124572754 0.45334309339523315
Car 0.0 0 -2.36495304107666 507.5130310058594 180.1735382080078 552.2724609375 197.8822784423828 3.764095 1.4390261 1.6135839 -6.9123306 2.0856936 61.91184 -2.4761404991149902 0.2508270740509033
Car 0.0 0 -1.4874866008758545 581.513916015625 174.53819274902344 603.210205078125 192.4867401123047 3.840566 1.5222151 1.5974618 -1.5458274 1.6754377 63.523457 -1.5118165016174316 0.18739405274391174
