Pedestrian 0.0 0 -1.5035169124603271 975.84375 172.6946258544922 1008.6656494140625 242.60540771484375 1.0409139 1.741344 0.68096596 9.808124 1.7377326 18.5911 -1.0180566310882568 0.5374636650085449
Pedestrian 0.0 0 -2.1224663257598877 835.0321655273438 171.89199829101562 876.0997924804688 239.72047424316406 0.92832935 1.695625 0.6006708 6.256255 1.6719341 18.554516 -1.7972557544708252 0.23441383242607117
Pedestrian 0.0 0 1.4210302829742432 417.43804931640625 186.91693115234375 439.8136901855469 238.7879180908203 0.7226449 1.6911398 0.62633395 -6.13782 2.1725066 24.222273 1.1728582382202148 0.18750929832458496
Pedestrian 0.0 0 -0.9918179512023926 717.6307373046875 160.75392150878906 735.4654541015625 195.1724090576172 0.558682 1.788668 0.7412262 6.0932612 1.1602061 37.950317 -0.8326178193092346 0.1615154892206192
Pedestrian 0.0 0 -0.051531217992305756 567.4178466796875 178.0030059814453 579.8580322265625 198.99293518066406 1.0168294 1.745071 0.47521383 -3.0692809 2.1786335 60.41454 -0.10229125618934631 0.15229684114456177
Cyclist 0.0 0 -1.9786479473114014 1116.8095703125 113.2762222290039 1242.0 364.8760681152344 1.7506769 1.7287724 0.5009925 4.714319 1.3197644 5.8654585 -1.3016290664672852 0.16144201159477234
Car 0.0 0 1.6732065677642822 480.51312255859375 181.5252685546875 530.2244262695312 220.00152587890625 3.9307199 1.4549781 1.6639832 -4.3494697 1.8420748 30.180182 1.5300753116607666 0.9436197876930237
Car 0.0 0 3.6778101921081543 53.96358871459961 188.992431640625 258.2882080078125 263.86175537109375 3.3557832 1.4667515 1.5272917 -9.549982 1.8268322 15.279157 3.1191868782043457 0.9355617761611938
Car 0.0 0 1.2786738872528076 661.776123046875 167.20114135742188 728.9706420898438 213.75022888183594 3.9095523 1.7594533 1.6414284 3.347071 1.5461454 29.339252 1.392264485359192 0.8393847346305847
Car 0.0 0 1.4551225900650024 494.4914855957031 179.0666046142578 534.2971801757812 209.4852294921875 4.296154 1.5057125 1.6328744 -5.2464786 1.8609401 38.92896 1.3211591243743896 0.2704920470714569
Car 0.0 0 -1.6665802001953125 560.2315673828125 175.11337280273438 583.1983642578125 193.49351501464844 3.685868 1.5228567 1.6272824 -3.3494565 1.7240794 62.20053 -1.7203775644302368 0.18373075127601624
