Pedestrian 0.0 0 -1.1397922039031982 951.226318359375 183.8349151611328 983.4874267578125 241.2737274169922 0.7823915 1.6226382 0.5685429 10.368734 1.9501455 21.026464 -0.6816574335098267 0.33447006344795227
Pedestrian 0.0 0 -0.35717013478279114 945.9881591796875 181.47750854492188 969.4268798828125 220.51028442382812 0.79299414 1.8074667 0.7165696 16.328514 2.2186115 33.975384 0.0908360481262207 0.2646273374557495
Pedestrian 0.0 0 -2.6282689571380615 350.61614990234375 180.24542236328125 365.1210021972656 210.3577117919922 0.5096326 1.8110992 0.79965603 -15.422234 2.267199 44.04762 -2.9650564193725586 0.2217160165309906
Pedestrian 0.0 0 0.933519184589386 1134.668701171875 173.20242309570312 1242.0 375.0 0.7699349 1.7507396 0.7456633 5.335904 1.754443 6.5227385 1.619167685508728 0.1054895892739296
Cyclist 0.0 0 -1.6843215227127075 463.847412109375 183.64230346679688 478.2148132324219 222.01564025878906 1.5298676 1.6247442 0.4483574 -6.1708255 2.112415 31.79253 -1.8760344982147217 0.11730768531560898
Cyclist 0.0 0 0.7101078033447266 883.08203125 185.99942016601562 914.209228515625 221.67990112304688 1.3663105 1.6633613 0.55402386 13.91717 2.3131227 34.90854 1.0894715785980225 0.1145288273692131
Car 0.0 0 1.9936162233352661 301.701171875 190.39202880859375 348.3376770019531 213.72911071777344 4.1287704 1.5350755 1.6179676 -20.784166 2.867889 52.715935 1.6180616617202759 0.4571932852268219
Car 0.0 0 -0.33576831221580505 703.0906372070312 183.79083251953125 798.7098388671875 220.0233917236328 3.9028254 1.5430568 1.6327877 6.267113 2.0522068 32.473854 -0.14512260258197784 0.20000609755516052
Car 0.0 0 1.865291953086853 796.0554809570312 175.51641845703125 827.46533203125 193.88153076171875 3.9864252 1.574361 1.6214497 18.06623 1.8208421 64.58191 2.1380608081817627 0.14852218329906464
Car 0.0 0 -3.113694906234741 887.630126953125 185.23753356933594 980.3719482421875 219.1879119873047 4.006796 1.5113813 1.6595148 15.607853 2.1387296 34.913284 -2.6933000087738037 0.13609319925308228
