Pedestrian 0.0 0 -1.8092846870422363 635.4291381835938 170.8712615966797 650.2069702148438 203.45672607421875 0.7378023 1.8712717 0.7012623 1.8668724 1.7577673 41.86226 -1.7647186517715454 0.38058313727378845
Pedestrian 0.0 0 3.680737018585205 132.3146514892578 170.18045043945312 200.64903259277344 300.1995544433594 0.65548253 1.7631652 0.48165667 -6.2076263 1.7272675 10.027667 3.1264278888702393 0.29696181416511536
Pedestrian 0.0 0 -1.6637920141220093 644.5333862304688 169.53515625 659.4318237304688 204.58001708984375 0.67622316 1.8091917 0.71431375 2.147521 1.6382141 37.597393 -1.606735110282898 0.27335435152053833
Pedestrian 0.0 0 0.8874256610870361 392.3858947753906 176.7916717529297 416.99298095703125 226.80711364746094 0.520184 1.689972 0.62775904 -7.113843 1.8281626 24.847473 0.6085841655731201 0.2731787860393524
Pedestrian 0.0 0 -2.6469767093658447 252.7974090576172 180.42724609375 297.35028076171875 278.01239013671875 0.5419368 1.745525 0.56016874 -6.1927514 1.8880228 13.244477 -3.0843472480773926 0.2625838816165924
Pedestrian 0.0 0 -3.644076108932495 950.9288940429688 172.0621795654297 1074.12060546875 305.6231689453125 1.2880121 1.7199864 0.6308024 5.2787404 1.7101473 9.60459 -3.141535520553589 0.2585967183113098
Pedestrian 0.0 0 -0.9435815811157227 675.098876953125 160.54562377929688 703.0945434570312 213.4047393798828 0.8505977 1.8702124 0.6253193 2.8142161 1.435087 26.051205 -0.8359725475311279 0.21757018566131592
Cyclist 0.0 0 -0.5032826066017151 943.7100830078125 172.1378173828125 1076.256591796875 308.96826171875 1.4112025 1.7615646 0.63961613 5.2449975 1.7527022 9.608747 -0.003626059740781784 0.24939659237861633
Car 0.0 0 -1.443331241607666 430.2459411621094 184.41561889648438 499.2976989746094 241.3960418701172 3.4784567 1.4461967 1.5205137 -4.15342 1.8089135 20.823568 -1.6402052640914917 0.9585323333740234
Car 0.0 0 3.5253355503082275 24.524824142456055 178.52761840820312 294.9893493652344 270.8802185058594 4.2999306 1.6950879 1.7745003 -8.945708 1.8200976 14.620758 2.9762485027313232 0.9551220536231995
Car 0.0 0 1.7111623287200928 469.33154296875 180.6037139892578 527.0655517578125 224.9114532470703 3.966576 1.5155617 1.6228803 -4.204434 1.8312994 27.367792 1.5587270259857178 0.8697963953018188
Car 0.0 0 1.7947924137115479 501.8544921875 180.271728515625 544.2334594726562 206.14614868164062 4.4024997 1.4569578 1.6410105 -5.298824 1.9351826 44.20547 1.675493597984314 0.5049176812171936
