Car 0.0 0 -1.7441775798797607 669.183837890625 179.6282501220703 758.6905517578125 243.8075408935547 4.1099415 1.4566936 1.5994898 2.5490873 1.6540878 18.899103 -1.6101078987121582 0.9505873322486877
Car 0.0 0 -2.0131335258483887 742.0219116210938 191.3641815185547 996.2894287109375 347.5960693359375 3.5423987 1.4788266 1.5777344 2.9336257 1.7610902 9.126853 -1.702135682106018 0.9470115900039673
Car 0.0 0 -2.552643299102783 81.54532623291016 193.69151306152344 355.0957946777344 293.5504150390625 3.8468027 1.4942391 1.5251615 -6.5287366 1.872152 12.128932 -3.0464422702789307 0.9386439323425293
Car 0.0 0 3.5717360973358154 156.27194213867188 185.6802215576172 382.9035339355469 267.7282409667969 3.823274 1.5343679 1.5799028 -6.7878757 1.8075745 14.54391 3.135068416595459 0.927868127822876
Car 0.0 0 3.7474281787872314 0.0 197.56643676757812 287.0245056152344 315.9800720214844 4.045345 1.4384961 1.4232728 -6.7697673 1.7979912 9.771361 3.1415390968322754 0.9219616055488586
Car 0.0 0 0.32057297229766846 350.6221618652344 183.78602600097656 489.559814453125 231.46153259277344 3.9302876 1.407588 1.5120481 -5.9301476 1.7634773 22.58337 0.0637812614440918 0.8589779734611511
Car 0.0 0 3.828643798828125 0.0 184.66116333007812 231.72303771972656 365.07110595703125 3.9978669 1.6409047 1.6040719 -6.4183006 1.7780086 7.5119815 3.121595859527588 0.8436406254768372
Car 0.0 0 -1.7225697040557861 653.5853271484375 178.16122436523438 706.89501953125 215.9844512939453 4.0757375 1.4222372 1.5760789 2.7854538 1.6570586 29.793016 -1.6293472051620483 0.8206675052642822
Car 0.0 0 0.4960612654685974 233.69287109375 180.04444885253906 418.42340087890625 254.73779296875 3.7362096 1.6313062 1.5947853 -6.6569624 1.8109745 16.971172 0.1222527027130127 0.8017013669013977
Car 0.0 0 0.9078883528709412 0.0 192.59442138671875 84.79944610595703 375.0 3.952862 1.4907947 1.5476307 -6.388905 1.656735 5.230245 0.02309894561767578 0.7520460486412048
