Pedestrian 0.0 0 -1.6074354648590088 832.6575927734375 148.86541748046875 865.7528076171875 239.89520263671875 0.9525774 1.749655 0.5885016 4.712964 1.288936 14.404696 -1.2912309169769287 0.8316202163696289
Pedestrian 0.0 0 -0.5721191763877869 1000.1953125 63.498382568359375 1130.923095703125 345.4692687988281 0.47817975 1.6982294 0.5627637 2.842516 1.03997 4.6293135 -0.021450698375701904 0.37778788805007935
Pedestrian 0.0 0 -2.6085667610168457 808.7228393554688 172.35903930664062 847.051025390625 238.12823486328125 0.84247094 1.7755646 0.5718438 5.98358 1.7625604 19.979902 -2.31758713722229 0.25037649273872375
Pedestrian 0.0 0 -3.4927453994750977 969.75048828125 121.68551635742188 1023.0076293945312 225.243896484375 0.6518432 1.7346996 0.5636776 6.581273 0.8779376 12.407265 -3.0050456523895264 0.20687386393547058
Pedestrian 0.0 0 1.711444616317749 1052.10986328125 131.14419555664062 1115.2960205078125 252.83230590820312 1.4284708 1.508857 0.51543444 6.300049 0.9920391 9.651058 2.289773941040039 0.14422646164894104
Pedestrian 0.0 0 2.1886677742004395 354.6842346191406 160.2394561767578 401.4517822265625 218.8944091796875 1.7319263 1.817905 0.5328886 -7.50102 1.4272978 23.26602 1.8767870664596558 0.12480278313159943
Cyclist 0.0 0 1.722337245941162 1048.8983154296875 123.96232604980469 1114.3787841796875 247.02310180664062 1.4734876 1.5279143 0.52295667 6.2921968 0.9212364 9.679802 2.298736095428467 0.43460363149642944
Cyclist 0.0 0 2.1886677742004395 354.6842346191406 160.2394561767578 401.4517822265625 218.8944091796875 1.7319263 1.817905 0.5328886 -7.50102 1.4272978 23.26602 1.8767870664596558 0.19793792068958282
Car 0.0 0 1.8521531820297241 439.537353515625 182.75994873046875 524.4635620117188 234.58912658691406 4.0956964 1.4929073 1.6703379 -4.1392183 1.8481427 23.719797 1.6793880462646484 0.9331716895103455
Car 0.0 0 -1.5277564525604248 691.8429565429688 176.88836669921875 744.9921264648438 224.9518585205078 3.8084714 1.5421972 1.6963214 3.8538404 1.6966292 25.521555 -1.377885341644287 0.8823281526565552
Car 0.0 0 1.8575598001480103 647.2321166992188 172.22540283203125 676.4093017578125 193.987060546875 3.818649 1.8657026 1.563296 4.6006737 1.8121694 63.91943 1.9294120073318481 0.8737370371818542
Car 0.0 0 2.3342208862304688 0.0 194.58538818359375 240.1859893798828 375.0 4.21868 1.6266965 1.6542113 -4.9388647 1.8621017 5.6565294 1.6164530515670776 0.6705374121665955
Car 0.0 0 -1.7991124391555786 680.06396484375 169.90176391601562 716.8897094726562 194.59649658203125 3.5628848 1.5284842 1.5841973 5.6294646 1.3461133 46.51333 -1.6786692142486572 0.1848955899477005
