Pedestrian 0.0 0 -1.2890390157699585 565.7052612304688 161.81617736816406 583.2977294921875 196.97694396972656 0.89454484 1.9249188 0.75671893 -2.0002596 1.320998 40.02094 -1.3389778137207031 0.4931391775608063
Pedestrian 0.0 0 0.1590554118156433 32.43113708496094 170.1712188720703 58.26082229614258 216.7462158203125 0.7134077 1.8197386 0.6579279 -22.456238 1.7152776 28.64916 -0.5057513117790222 0.43442919850349426
Pedestrian 0.0 0 0.2598567008972168 15.616002082824707 167.35740661621094 42.310218811035156 214.28590393066406 0.63920057 1.7671562 0.6963636 -22.275253 1.5605326 27.615816 -0.418903112411499 0.3648871183395386
Pedestrian 0.0 0 0.7874426245689392 723.3972778320312 166.93194580078125 746.4050903320312 217.36233520507812 0.43298832 1.7760974 0.7130835 4.421402 1.5678875 25.791235 0.9572227001190186 0.21396426856517792
Pedestrian 0.0 0 -1.5066882371902466 381.19384765625 177.09893798828125 393.64764404296875 218.74795532226562 1.2656087 1.6485473 0.40615502 -9.092435 1.8255211 29.354956 -1.8070576190948486 0.1034562811255455
Cyclist 0.0 0 -1.5873583555221558 383.4790344238281 176.5139617919922 393.8900146484375 217.46517944335938 1.147137 1.6324949 0.3854757 -9.086713 1.7854418 29.474115 -1.886407494544983 0.33525627851486206
Car 0.0 0 1.1799408197402954 515.8511352539062 167.0919647216797 568.7540283203125 194.49159240722656 4.2024136 1.5657552 1.6928253 -4.16686 1.2368407 43.482784 1.084404706954956 0.8285080790519714
Car 0.0 0 -2.034464120864868 554.9046630859375 169.81369018554688 606.007080078125 194.7154083251953 3.977907 1.4962505 1.6020235 -1.9422301 1.3139275 45.479588 -2.077143669128418 0.7387745976448059
Car 0.0 0 -2.0540692806243896 604.7861938476562 166.6875 659.9175415039062 191.86309814453125 4.29716 1.5251147 1.7047936 1.3342364 1.151911 46.01205 -2.0250799655914307 0.5905889868736267
Car 0.0 0 0.7716031074523926 741.081298828125 165.59881591796875 797.6152954101562 190.16615295410156 3.6508667 1.5868963 1.5707349 10.651979 1.1186147 48.56023 0.9875390529632568 0.47657930850982666
Car 0.0 0 0.6933728456497192 806.5973510742188 163.5421142578125 861.6026611328125 186.0356903076172 3.6460063 1.57397 1.5828656 16.220234 0.9227352 52.44573 0.9933183193206787 0.3992610573768616
Car 0.0 0 -2.0729808807373047 771.891357421875 168.16668701171875 819.2160034179688 191.3204345703125 3.786314 1.5664743 1.5991596 12.994065 1.2497107 50.84586 -1.8227779865264893 0.231129989027977
