Pedestrian 0.0 0 1.8478279113769531 949.0245361328125 181.06356811523438 1074.5301513671875 374.0 0.62447983 1.6521043 0.69542545 3.096742 1.6504406 5.513111 2.3596131801605225 0.7688837647438049
Pedestrian 0.0 0 2.6180920600891113 574.3267211914062 141.22976684570312 700.1456298828125 346.6408386230469 0.91832274 1.7155317 0.6865303 0.2665292 1.3805944 6.5138555 2.6589865684509277 0.7423503994941711
Pedestrian 0.0 0 0.10319565236568451 344.16705322265625 187.44793701171875 441.7618103027344 374.0 0.7124142 1.5735 0.68224084 -1.7487211 1.6274068 5.940587 -0.1830865889787674 0.7089402675628662
Pedestrian 0.0 0 -1.2017651796340942 360.4769287109375 168.52061462402344 386.1844177246094 220.78103637695312 0.8434216 1.7945755 0.59353876 -7.988306 1.3499459 25.103369 -1.5098494291305542 0.4122481644153595
Pedestrian 0.0 0 0.8153554201126099 1209.40087890625 147.30319213867188 1238.0 204.90577697753906 0.4714416 1.8938006 0.63895524 20.69097 0.7706001 23.862743 1.5296835899353027 0.20926018059253693
Pedestrian 0.0 0 -1.7004468441009521 1202.148193359375 156.20089721679688 1238.0 226.09640502929688 0.47559434 1.7150121 0.73258066 15.550884 1.0954429 18.023066 -0.9885500073432922 0.17475181818008423
Pedestrian 0.0 0 1.384330153465271 492.3688049316406 151.78065490722656 511.7809753417969 200.3115234375 0.6007585 1.7424101 0.5985777 -3.6441443 0.6764442 26.168045 1.2459607124328613 0.14959648251533508
Pedestrian 0.0 0 0.614023745059967 1157.616455078125 138.80145263671875 1187.4462890625 190.34129333496094 0.6172549 1.8559985 0.6045695 20.842922 0.31943387 26.246592 1.2851685285568237 0.1486804336309433
Cyclist 0.0 0 3.105105400085449 597.0075073242188 161.0976104736328 645.32861328125 209.12689208984375 1.737852 1.7303046 0.74659497 0.687619 0.9963375 26.25838 3.131286144256592 0.5715227127075195
Car 0.0 0 -0.9568288326263428 978.48974609375 141.79299926757812 1231.6494140625 240.1671142578125 4.342941 1.6453317 1.7380747 9.461751 0.9825072 13.569024 -0.3479137718677521 0.8268679976463318
Car 0.0 0 -0.5269166231155396 688.4671020507812 146.2970733642578 842.1664428710938 201.43917846679688 4.3309684 1.5860084 1.7422816 5.004411 0.5746334 22.13879 -0.3046056926250458 0.18151690065860748
Car 0.0 0 1.829483985900879 95.87092590332031 142.51898193359375 174.1849822998047 184.6480712890625 3.5894673 1.4839842 1.6267258 -17.613943 0.11194938 27.258934 1.2558048963546753 0.15995272994041443
Car 0.0 0 -2.172624111175537 1151.7196044921875 166.29934692382812 1238.0 263.6860046386719 3.984499 1.5190026 1.7288164 12.324241 1.2832072 13.298288 -1.4252228736877441 0.12232542783021927
