Car 0.0 0 -1.8134427070617676 682.7054443359375 176.68472290039062 851.5593872070312 287.78424072265625 3.9232984 1.3828346 1.5617856 2.1437857 1.4528377 11.115667 -1.622920274734497 0.9626554250717163
Car 0.0 0 -1.7870378494262695 636.5233154296875 170.78857421875 709.7649536132812 220.09422302246094 3.9541996 1.4797611 1.5637301 1.9362643 1.4181315 23.716276 -1.705575704574585 0.9571272730827332
Car 0.0 0 0.5683619379997253 39.505828857421875 186.60057067871094 261.330322265625 262.04290771484375 3.5288932 1.4235494 1.5544688 -9.286841 1.7186579 14.6832905 0.0044040679931640625 0.9570697546005249
Car 0.0 0 -1.5079816579818726 480.63824462890625 172.78097534179688 535.6840209960938 220.10696411132812 3.940498 1.4934916 1.6265577 -3.4672003 1.4915452 24.793604 -1.6469231843948364 0.9357783198356628
Car 0.0 0 -1.6544501781463623 630.7974853515625 172.1613006591797 676.7232055664062 209.3284912109375 3.9783502 1.4315819 1.5505995 1.7031032 1.4052593 29.798042 -1.5973573923110962 0.8203189373016357
Car 0.0 0 3.8618764877319336 0.0 208.3570098876953 66.18328094482422 365.11395263671875 3.8460233 1.4094505 1.5111464 -8.541268 1.8442414 7.8717875 3.0357115268707275 0.6943049430847168
Car 0.0 0 -1.63728666305542 619.7345581054688 166.90890502929688 654.5194091796875 199.49136352539062 3.8752859 1.7292029 1.6756601 1.4321386 1.4140457 40.253044 -1.601723313331604 0.6523089408874512
Car 0.0 0 -1.1476770639419556 263.8295593261719 166.58033752441406 322.6241455078125 201.84494018554688 3.6592512 1.8484639 1.5972394 -17.372507 1.5199754 39.655777 -1.5605764389038086 0.6430743932723999
Car 0.0 0 -1.5838083028793335 493.0741271972656 172.24658203125 535.3428955078125 211.58804321289062 3.6384923 1.5149294 1.6207316 -4.010667 1.4918975 29.7001 -1.7180352210998535 0.6088230013847351
Car 0.0 0 -0.6423913836479187 0.0 198.72512817382812 161.65731811523438 375.0 3.9352357 1.5031502 1.6202697 -3.5690079 1.6636857 2.468035 -1.6081767082214355 0.5317202806472778
Car 0.0 0 -2.3318183422088623 0.0 183.0386962890625 62.75787353515625 260.87939453125 4.0607677 1.4736953 1.6175131 -13.891773 1.6963253 14.82159 -3.0848450660705566 0.46584993600845337
