Pedestrian 0.0 0 1.6892164945602417 225.14779663085938 175.9732208251953 260.0771484375 245.13954162597656 1.2603142 1.8249006 0.7132301 -10.120406 1.9140143 19.81362 1.2169818878173828 0.25415948033332825
Pedestrian 0.0 0 2.313762903213501 978.6636352539062 140.24119567871094 1099.78173828125 325.4223937988281 0.83371925 1.6732771 0.5927277 4.050716 1.3789494 6.9228153 2.8431735038757324 0.1037621721625328
Cyclist 0.0 0 -1.816494107246399 1024.4046630859375 168.8415985107422 1128.5220947265625 341.0603942871094 1.6999272 1.7965146 0.61056906 5.329763 1.7550168 8.426841 -1.2525378465652466 0.18576139211654663
Cyclist 0.0 0 1.6892164945602417 225.14779663085938 175.9732208251953 260.0771484375 245.13954162597656 1.2603142 1.8249006 0.7132301 -10.120406 1.9140143 19.81362 1.2169818878173828 0.16685815155506134
Cyclist 0.0 0 1.4216816425323486 742.2965698242188 179.37440490722656 767.6591796875 237.37200927734375 1.6192366 1.7054152 0.5261603 4.4044113 1.9140118 22.21961 1.6173667907714844 0.15773332118988037
Cyclist 0.0 0 2.817711353302002 0.0 172.92068481445312 57.64369201660156 233.18751525878906 1.5279548 1.7780049 0.6093348 -17.997671 1.7804799 22.094625 2.1341476440429688 0.13436123728752136
Cyclist 0.0 0 1.242250680923462 980.5886840820312 138.19175720214844 1105.4300537109375 337.9805603027344 1.5747645 1.710825 0.5417149 4.0762706 1.4143642 7.0012574 1.769493818283081 0.12299957126379013
Car 0.0 0 2.0574142932891846 141.41883850097656 190.08352661132812 322.5826721191406 271.2624816894531 4.2646194 1.4359914 1.690696 -8.070987 1.8652825 15.815558 1.5855451822280884 0.9522854089736938
Car 0.0 0 1.7834144830703735 426.53363037109375 180.2494354248047 475.94366455078125 210.81871032714844 4.240756 1.468354 1.6704625 -8.283087 1.8779889 37.80548 1.5677251815795898 0.9375762343406677
Car 0.0 0 2.9125940799713135 0.0 194.77076721191406 71.95783233642578 249.14456176757812 3.3694553 1.4094996 1.5823264 -18.748959 2.1335738 21.997974 2.206763982772827 0.1840830296278
Car 0.0 0 -1.4961316585540771 641.9685668945312 178.35952758789062 676.3327026367188 207.31004333496094 3.780175 1.4635732 1.5873669 2.6772735 1.7782906 39.212456 -1.4279613494873047 0.10948293656110764
Car 0.0 0 -1.5282994508743286 396.6158752441406 177.3069305419922 428.7177429199219 207.02915954589844 3.7723813 1.5597892 1.5801331 -11.062218 1.8224243 40.481075 -1.7950555086135864 0.10259820520877838
