Car 0.0 0 -1.3939427137374878 456.2237854003906 182.83653259277344 513.8201904296875 224.15711975097656 3.6196733 1.4636564 1.5406787 -4.623982 1.3805131 27.276146 -1.5618709325790405 0.9424750804901123
Car 0.0 0 -1.3310213088989258 354.6116943359375 187.14218139648438 475.0157470703125 267.1566467285156 4.1656275 1.5575911 1.653382 -4.217081 1.6077236 16.18568 -1.585898756980896 0.9194785952568054
Car 0.0 0 -1.5611821413040161 579.9003295898438 177.61231994628906 610.0980224609375 206.51881408691406 3.2608654 1.538687 1.6075305 -0.7228349 1.1350923 39.898003 -1.5792971849441528 0.897015392780304
Car 0.0 0 -1.1317675113677979 169.0067596435547 181.1853485107422 326.7958068847656 251.6893310546875 4.3391542 1.4830521 1.6866865 -8.469129 1.3994049 17.300333 -1.5870085954666138 0.8417052030563354
Car 0.0 0 -1.2116984128952026 294.02630615234375 175.7378387451172 362.9309997558594 212.6585235595703 4.006628 1.5659734 1.5953746 -12.564809 1.1651058 32.49722 -1.580636978149414 0.7939358353614807
Car 0.0 0 -1.3473527431488037 405.5203552246094 177.85269165039062 454.1632080078125 208.77182006835938 3.535814 1.4646509 1.6108471 -8.840573 1.116994 35.83116 -1.589250087738037 0.7759689092636108
Car 0.0 0 -1.2146265506744385 319.8203430175781 185.96299743652344 404.3790283203125 230.39100646972656 3.6753938 1.4266702 1.598195 -8.479281 1.4557319 25.002926 -1.5415863990783691 0.7368918657302856
Car 0.0 0 -1.3732020854949951 384.2879638671875 179.5234832763672 421.1886901855469 203.04652404785156 3.6160414 1.4234384 1.5612131 -12.91443 1.0801195 45.360485 -1.6505697965621948 0.6922188401222229
Car 0.0 0 1.509543776512146 516.8585815429688 177.4328155517578 544.8468017578125 201.66932678222656 3.8102174 1.50464 1.5679454 -5.046681 1.0225989 46.633766 1.4017438888549805 0.5817795395851135
Car 0.0 0 -1.4392213821411133 488.0929870605469 179.59861755371094 527.8831787109375 209.71044921875 3.5734725 1.4839361 1.5865552 -5.1464663 1.2082528 37.2134 -1.5766457319259644 0.5189319252967834
