Pedestrian 0.0 0 -0.10448719561100006 597.0088500976562 176.58004760742188 622.833251953125 221.8129119873047 0.83160555 1.5602813 0.7637785 -0.05312664 1.6939065 25.380085 -0.10658043622970581 0.5589436888694763
Pedestrian 0.0 0 -0.5424410104751587 1046.045654296875 115.86608123779297 1137.5845947265625 259.14825439453125 0.8072404 1.8159485 0.5920486 6.2411675 1.0940454 9.454305 0.04102969169616699 0.24836702644824982
Pedestrian 0.0 0 -0.6735419631004333 670.8843994140625 181.03382873535156 691.3319091796875 215.55970764160156 0.8068857 1.5715395 0.5027581 3.25996 1.9563017 33.47472 -0.5764623880386353 0.17805048823356628
Pedestrian 0.0 0 -1.3256299495697021 519.2391357421875 159.35589599609375 539.6237182617188 206.66355895996094 0.8230713 1.7516366 0.5816236 -3.0710545 1.2522073 27.15962 -1.4382259845733643 0.16288532316684723
Pedestrian 0.0 0 2.710865020751953 706.0940551757812 155.80503845214844 745.9547729492188 221.91683959960938 0.9726547 1.8574549 0.5842108 3.2747889 1.3788114 20.682014 2.86790132522583 0.15372231602668762
Cyclist 0.0 0 -0.833530843257904 0.0 194.94512939453125 70.16265869140625 375.0 1.6175199 1.8298938 0.6372691 -3.3746548 1.9552048 3.250197 -1.6377133131027222 0.15791912376880646
Car 0.0 0 1.9591217041015625 163.11703491210938 188.2930908203125 427.5169372558594 355.3111877441406 4.075121 1.6122811 1.6448269 -3.7747977 1.857157 9.382381 1.57660973072052 0.9418241381645203
Car 0.0 0 -1.5418199300765991 620.6829223632812 176.46414184570312 670.220703125 224.37391662597656 4.085067 1.5278214 1.6044676 1.2617666 1.6658943 25.422327 -1.492228388786316 0.9015193581581116
Car 0.0 0 2.4455418586730957 0.0 235.73561096191406 200.30892944335938 375.0 4.1058283 1.4886019 1.6756518 -3.7712243 1.9353498 3.0538158 1.5554141998291016 0.7373178601264954
Car 0.0 0 -1.7219324111938477 613.1929321289062 176.8277130126953 650.46044921875 204.18447875976562 4.0515094 1.5366989 1.6321579 1.2256762 1.7868931 43.251446 -1.6936016082763672 0.16728736460208893
Car 0.0 0 -0.47599130868911743 821.80712890625 179.4627685546875 1158.13232421875 300.7567443847656 3.5652785 1.4359146 1.5983944 4.7404456 1.5303214 9.44682 -0.01090211234986782 0.15542013943195343
