Pedestrian 0.0 0 0.021092001348733902 574.9757690429688 161.0853271484375 591.541015625 189.8960723876953 1.0819461 1.8899586 0.52415854 -1.7919319 1.1183026 47.600437 -0.016535509377717972 0.3435109853744507
Pedestrian 0.0 0 -2.7042322158813477 464.54901123046875 173.94180297851562 480.5664367675781 205.13404846191406 0.6492192 1.7407038 0.709353 -7.788423 1.8030888 40.716286 -2.8932342529296875 0.33067864179611206
Pedestrian 0.0 0 0.09059590101242065 1016.1446533203125 112.61032104492188 1051.7708740234375 202.7517547607422 0.6034115 1.8813212 0.6708171 9.06375 0.62434703 15.504566 0.6196043491363525 0.3032005727291107
Cyclist 0.0 0 0.03192833811044693 564.5216064453125 158.444580078125 587.05859375 187.18246459960938 1.4687908 1.8833895 0.5054034 -2.281222 0.93939954 47.548954 -0.01601118966937065 0.2265779674053192
Car 0.0 0 2.141775369644165 0.0 180.0169677734375 131.5436248779297 258.764892578125 4.1913505 1.6238506 1.6725416 -13.6817665 1.818814 17.435038 1.4764161109924316 0.9605056643486023
Car 0.0 0 -1.479134440422058 500.7734069824219 178.21922302246094 541.110107421875 211.4042205810547 3.531971 1.4681318 1.5869817 -4.2212076 1.7367688 34.286964 -1.6016321182250977 0.9517718553543091
Car 0.0 0 -1.5902289152145386 556.0040893554688 180.20611572265625 607.7203369140625 224.6940155029297 3.592109 1.3368613 1.6005318 -1.02686 1.6018957 24.130497 -1.6327576637268066 0.9259739518165588
Car 0.0 0 1.8924918174743652 252.0375213623047 180.9817352294922 312.90972900390625 216.52980041503906 3.5675716 1.5668898 1.6048704 -15.625663 1.9769083 34.507618 1.467297077178955 0.8762158155441284
Car 0.0 0 -1.9900161027908325 606.127685546875 174.60647583007812 650.0999145507812 198.72567749023438 3.7350972 1.54866 1.5739394 1.1479254 1.6721001 48.647236 -1.966423511505127 0.42191022634506226
Car 0.0 0 2.180657386779785 804.0186767578125 181.7840576171875 863.7120971679688 210.2987060546875 3.4058237 1.5085062 1.5616304 12.664234 2.0352907 40.87055 2.481137275695801 0.23449818789958954
