Pedestrian 0.0 0 3.293318510055542 321.194091796875 183.60507202148438 334.986328125 214.82632446289062 0.6446427 1.75355 0.63904846 -16.116955 2.373068 41.168537 2.9201722145080566 0.34465286135673523
Pedestrian 0.0 0 -1.2348473072052002 193.69740295410156 180.94314575195312 220.5279541015625 227.8656463623047 0.8668478 1.8583642 0.70370376 -16.355585 2.1919167 29.229782 -1.7449945211410522 0.3355422616004944
Cyclist 0.0 0 -1.918261170387268 635.7505493164062 178.6410675048828 660.0592651367188 220.52574157714844 1.7845415 1.6649815 0.41776463 1.5131234 1.9120777 29.846512 -1.8676077127456665 0.6349359750747681
Cyclist 0.0 0 2.5590250492095947 637.5166625976562 169.1025848388672 683.87646484375 214.27108764648438 1.7539368 1.6985596 0.5800129 1.9173422 1.5578461 27.814205 2.62785005569458 0.4956648349761963
Cyclist 0.0 0 -2.4257352352142334 652.6156005859375 167.84637451171875 699.1824340820312 218.26820373535156 1.82306 1.7797703 0.4748923 2.3414283 1.6033711 26.287312 -2.3368990421295166 0.4520869851112366
Car 0.0 0 -1.4428901672363281 460.1706237792969 177.7351837158203 538.8726806640625 244.23646545410156 3.7602026 1.650838 1.6928488 -3.019841 1.7999283 20.085133 -1.5921244621276855 0.9594507217407227
Car 0.0 0 2.057349443435669 77.11895751953125 192.83438110351562 258.98492431640625 275.4338073730469 4.3490057 1.504751 1.662644 -9.835211 2.0214748 16.429018 1.5179240703582764 0.9540407061576843
Car 0.0 0 1.9774447679519653 315.692626953125 189.57066345214844 384.3771057128906 224.0985870361328 3.9548202 1.5178393 1.7773085 -12.813468 2.3925762 35.70911 1.632926106452942 0.8200750350952148
Car 0.0 0 -1.6477851867675781 580.3502807617188 179.08889770507812 610.51904296875 204.15760803222656 3.7635798 1.5221632 1.661747 -1.0122231 1.9432801 46.73545 -1.6694403886795044 0.4632667303085327
Car 0.0 0 1.6386219263076782 514.67333984375 182.37750244140625 533.3609619140625 200.01856994628906 3.3335052 1.4450046 1.3902284 -7.463829 2.2945428 62.63462 1.5200166702270508 0.25520795583724976
Car 0.0 0 1.7140929698944092 178.12506103515625 187.63272094726562 206.45115661621094 206.35025024414062 4.2418036 1.5427195 1.6319364 -37.7963 2.92773 65.32755 1.1895828247070312 0.24248842895030975
