Pedestrian 0.0 0 0.436345636844635 665.819091796875 172.124755859375 686.8889770507812 205.7601318359375 0.98824704 1.7471029 0.49109346 3.4517553 1.7095816 37.936447 0.5270836353302002 0.5650776624679565
Pedestrian 0.0 0 1.1314036846160889 717.8460083007812 171.96583557128906 741.1895751953125 204.4888458251953 1.7735276 1.7658013 0.5781001 6.5955877 1.717937 40.104343 1.294405221939087 0.14072208106517792
Cyclist 0.0 0 1.1314036846160889 717.8460083007812 171.96583557128906 741.1895751953125 204.4888458251953 1.7735276 1.7658013 0.5781001 6.5955877 1.717937 40.104343 1.294405221939087 0.36071017384529114
Car 0.0 0 2.065849781036377 64.54346466064453 193.2133026123047 312.0762023925781 329.2703857421875 3.2680254 1.4501641 1.50392 -5.516058 1.7743208 9.826584 1.5543415546417236 0.977342963218689
Car 0.0 0 -1.8818930387496948 754.5350952148438 184.5665283203125 934.1511840820312 298.8497619628906 3.4846172 1.4028994 1.541081 3.296128 1.6099173 10.971508 -1.5900453329086304 0.960883617401123
Car 0.0 0 -2.1599626541137695 832.65234375 180.2965545654297 1242.0 375.0 3.9634886 1.4284648 1.611008 3.1287508 1.5052829 5.3816667 -1.6333526372909546 0.9512485265731812
Car 0.0 0 1.9343929290771484 248.38720703125 187.68441772460938 403.95684814453125 275.31793212890625 3.8647337 1.4515054 1.622835 -5.561818 1.7904546 14.536727 1.5689719915390015 0.9440175294876099
Car 0.0 0 0.8429427146911621 471.1243591308594 178.56015014648438 533.1696166992188 204.35000610351562 3.8639264 1.4793448 1.5692629 -6.6430264 1.8425205 44.037216 0.6932213306427002 0.718277633190155
Car 0.0 0 2.8292574882507324 677.2634887695312 173.0806427001953 730.8792114257812 190.50331115722656 4.1855044 1.4325756 1.5431284 7.8505993 1.452295 60.495335 2.958308219909668 0.4083173871040344
Car 0.0 0 1.799020767211914 259.62005615234375 178.76954650878906 321.42047119140625 217.66664123535156 4.15351 1.582644 1.6228651 -14.210795 1.8650926 32.213245 1.3835527896881104 0.4005655348300934
Car 0.0 0 -0.538888156414032 579.9669799804688 175.1767578125 631.171630859375 195.07260131835938 3.7716432 1.5278676 1.6417321 -0.36791208 1.7186775 57.478764 -0.5452889204025269 0.3855707347393036
