Pedestrian 0.0 0 -1.5259578227996826 997.1268920898438 72.80610656738281 1114.4727783203125 314.8534851074219 0.5183492 1.7445818 0.7486557 3.412707 1.0238341 5.621507 -0.9803483486175537 0.3498830199241638
Pedestrian 0.0 0 1.624977946281433 738.205078125 165.41688537597656 760.4061279296875 227.01821899414062 0.74530476 1.8621451 0.63436455 4.2537665 1.6376867 22.24664 1.8139069080352783 0.30128389596939087
Pedestrian 0.0 0 1.078992486000061 914.5103759765625 143.90701293945312 946.52978515625 199.6083526611328 0.7819731 1.8315957 0.69060904 10.671073 0.8801061 24.139112 1.49522864818573 0.17141258716583252
Pedestrian 0.0 0 -2.551833152770996 694.0311279296875 179.3072509765625 704.669677734375 200.61753845214844 0.5247728 1.6495831 0.7042434 6.9789057 2.1596794 56.55319 -2.4290497303009033 0.1560869663953781
Pedestrian 0.0 0 2.401144027709961 1110.76513671875 128.0424041748047 1197.7017822265625 276.69940185546875 0.565019 1.766837 0.65375674 6.662543 1.2345943 8.9262295 3.042337417602539 0.13137724995613098
Pedestrian 0.0 0 3.196990489959717 144.22467041015625 124.17320251464844 189.47784423828125 240.6358184814453 0.5960339 1.8223451 0.55310196 -7.211441 1.0609717 11.672808 2.6435866355895996 0.1040697917342186
Cyclist 0.0 0 -1.8754676580429077 707.2987060546875 162.69068908691406 729.730224609375 203.18629455566406 1.7521632 1.7997955 0.5081305 4.9064064 1.3484534 32.970455 -1.7277395725250244 0.1590808480978012
Car 0.0 0 1.7237584590911865 561.089111328125 182.66607666015625 602.485595703125 214.38449096679688 3.8438299 1.5234307 1.6063019 -1.4662529 2.0663178 37.891552 1.6850817203521729 0.9320620894432068
Car 0.0 0 1.5863896608352661 593.3792114257812 177.72979736328125 610.776611328125 193.7666015625 3.7506495 1.456347 1.5964123 -0.748025 1.9326059 68.543755 1.5754770040512085 0.3419674038887024
Car 0.0 0 1.7632184028625488 577.0632934570312 179.78016662597656 612.2653198242188 202.73477172851562 4.44336 1.5258864 1.7046368 -1.0774077 2.0449994 51.704266 1.7423834800720215 0.226118266582489
Car 0.0 0 -1.7013578414916992 702.1390991210938 163.48353576660156 747.57373046875 197.16958618164062 3.8177817 1.5088557 1.6341571 5.351927 1.0894942 34.24448 -1.5463261604309082 0.16376684606075287
Car 0.0 0 -0.28587278723716736 705.8051147460938 175.0087432861328 778.7451782226562 203.8824920654297 3.8946917 1.6485436 1.6947151 7.707067 1.7786574 42.398632 -0.10605981945991516 0.12741205096244812
Car 0.0 0 1.1960902214050293 883.7567749023438 143.61788940429688 967.3627319335938 193.77230834960938 3.456672 1.6675749 1.5617912 11.112982 0.69586664 25.740578 1.6036474704742432 0.10341590642929077
