Pedestrian 0.0 0 3.182420492172241 437.6690368652344 155.0069122314453 464.73583984375 204.09153747558594 1.0064545 1.8824449 0.54714817 -6.2048354 1.1983486 28.026875 2.964545965194702 0.2731865644454956
Cyclist 0.0 0 2.888789176940918 747.5919799804688 156.4626922607422 793.3522338867188 200.7457733154297 1.7148691 1.7813745 0.62864876 6.4810495 1.1223598 29.36716 3.1059978008270264 0.2844751477241516
Car 0.0 0 2.6616203784942627 874.6746215820312 173.17385864257812 1030.3955078125 226.44186401367188 3.667041 1.4377732 1.542445 9.529966 1.44752 20.329508 3.099977493286133 0.9501181244850159
Car 0.0 0 2.4332447052001953 1031.48583984375 162.15940856933594 1231.1826171875 221.17941284179688 4.5416713 1.5839497 1.7555455 14.624902 1.2972919 20.433609 3.054448366165161 0.8160462975502014
Car 0.0 0 1.300412654876709 193.1448211669922 191.4341278076172 271.53265380859375 233.80563354492188 4.1995435 1.432598 1.6545699 -14.922818 2.2164354 28.326826 0.8155488967895508 0.6365678310394287
Car 0.0 0 -1.7096439599990845 780.0370483398438 179.78456115722656 836.3209838867188 227.1815185546875 2.7069647 1.4651947 1.4451164 6.5341334 1.7113576 24.154676 -1.4454548358917236 0.47408586740493774
Car 0.0 0 3.720097303390503 0.0 185.80096435546875 211.64442443847656 265.78668212890625 4.570075 1.9716125 1.8275794 -13.38909 2.3323402 19.091867 3.1085007190704346 0.4501001238822937
Car 0.0 0 3.5055458545684814 247.8485107421875 186.56430053710938 351.6229248046875 221.17747497558594 4.076885 1.5150278 1.6155928 -14.243056 2.1628032 33.177395 3.100038766860962 0.4296219050884247
Car 0.0 0 -3.1636617183685303 591.2346801757812 178.2785186767578 663.9148559570312 208.07843017578125 3.6485925 1.4842969 1.5466417 0.84508044 1.7686126 36.992928 -3.1408212184906006 0.40101996064186096
Car 0.0 0 -1.4328532218933105 398.4423828125 163.11520385742188 446.80682373046875 204.20352172851562 3.6747806 1.7483745 1.626495 -8.447044 1.3343309 32.618694 -1.6862499713897705 0.3140813708305359
