Car 0.0 0 -1.9777765274047852 795.6723022460938 179.18258666992188 1141.285400390625 375.0 3.7832155 1.48722 1.6251204 3.1382053 1.5685565 7.3359785 -1.5735511779785156 0.9791176319122314
Car 0.0 0 -1.7373496294021606 685.9188842773438 185.610595703125 760.0363159179688 243.72137451171875 3.3286848 1.4831594 1.5631253 3.1296496 1.881448 20.827305 -1.5881989002227783 0.9589991569519043
Car 0.0 0 3.640745162963867 23.765411376953125 189.1631622314453 340.167236328125 293.6251220703125 3.938893 1.4590724 1.6186736 -6.514087 1.7323263 11.2076435 3.1142501831054688 0.9557759165763855
Car 0.0 0 -2.7289206981658936 215.666748046875 181.0778045654297 422.3827819824219 257.65985107421875 3.9012623 1.568053 1.5562208 -6.317321 1.7580115 15.791954 -3.1094565391540527 0.9118252396583557
Car 0.0 0 3.4064924716949463 336.7318420410156 175.37010192871094 480.2595520019531 234.41757202148438 3.6757665 1.6183568 1.5443329 -5.7295237 1.6933714 20.62306 3.135505199432373 0.8817012310028076
Car 0.0 0 -3.3564095497131348 742.002685546875 186.5211639404297 851.3986206054688 227.02029418945312 3.8532546 1.491911 1.6526684 7.154222 2.0409737 28.07258 -3.1068739891052246 0.8561599254608154
Car 0.0 0 0.1448313146829605 468.40594482421875 177.9393310546875 540.9590454101562 208.37667846679688 4.20431 1.8213042 1.7502381 -6.461226 2.140359 44.340424 0.00013113021850585938 0.8395084142684937
Car 0.0 0 0.4474043846130371 134.28359985351562 185.98263549804688 403.7232360839844 277.5249938964844 4.2514663 1.5650167 1.6039604 -6.2388697 1.8242131 13.396293 0.011558055877685547 0.7882257103919983
Car 0.0 0 3.45786452293396 277.0975341796875 189.481201171875 460.9627685546875 255.2842254638672 4.093493 1.5459237 1.6220194 -6.0168643 1.9841263 18.179659 3.1382453441619873 0.7708795666694641
Car 0.0 0 3.9486427307128906 0.0 189.74122619628906 127.69534301757812 375.0 4.169597 1.4578582 1.620838 -6.5348935 1.613402 5.726067 3.09737229347229 0.7403589487075806
Car 0.0 0 3.279283046722412 373.8739318847656 180.78407287597656 488.388427734375 225.8032684326172 3.7368212 1.5049087 1.6139052 -6.278568 1.79612 25.46468 3.0375447273254395 0.7206684350967407
