Pedestrian 0.0 0 3.2498581409454346 273.9706726074219 174.26171875 301.9432373046875 231.47268676757812 0.71275747 1.6918463 0.56792593 -9.571397 1.5089321 21.284159 2.8272571563720703 0.6808638572692871
Pedestrian 0.0 0 0.2113686203956604 549.440673828125 160.55711364746094 589.6835327148438 223.3359832763672 1.0875694 1.8072535 0.5474978 -1.0663868 1.2347153 20.70613 0.1599130630493164 0.6411229968070984
Pedestrian 0.0 0 -1.2936761379241943 395.967041015625 155.08404541015625 435.3798828125 232.24139404296875 0.9911596 1.9395225 0.7433386 -4.9163084 1.3022296 18.269108 -1.556553602218628 0.5957533717155457
Pedestrian 0.0 0 -2.657586097717285 245.26214599609375 176.45620727539062 287.583251953125 239.25294494628906 0.8708218 1.7100565 0.6167406 -9.401402 1.6015174 19.57305 -3.1053693294525146 0.5870345234870911
Pedestrian 0.0 0 0.023356467485427856 200.91717529296875 182.53184509277344 231.47921752929688 238.86842346191406 0.83012927 1.7334286 0.65523607 -12.268494 1.8003654 22.267317 -0.4802267253398895 0.5441001653671265
Pedestrian 0.0 0 -3.476231336593628 924.6519165039062 123.0816879272461 969.5318603515625 221.7762451171875 0.5888966 1.817773 0.6256057 6.4131165 0.7618714 13.361545 -3.0287373065948486 0.42810893058776855
Pedestrian 0.0 0 -0.5873734951019287 357.0566101074219 160.4384307861328 389.59320068359375 220.2312469482422 0.63493794 1.7272216 0.6941449 -6.876896 1.1492766 20.88341 -0.9054892063140869 0.41116079688072205
Pedestrian 0.0 0 -1.9751625061035156 1114.422119140625 144.14137268066406 1147.35791015625 190.02838134765625 1.5914595 1.7520976 0.44693804 20.650705 0.36532882 27.81806 -1.336576223373413 0.13509316742420197
Cyclist 0.0 0 -0.2367168664932251 1020.55517578125 134.21266174316406 1116.7142333984375 212.43222045898438 1.8012856 1.7831955 0.63257146 10.88287 0.72957796 16.712734 0.3404819965362549 0.8419879674911499
Cyclist 0.0 0 -0.5424551963806152 939.8303833007812 142.6402130126953 1007.248779296875 200.0304412841797 1.8175701 1.7579843 0.5898829 11.42944 0.5998163 22.005383 -0.06341388821601868 0.7315499186515808
Cyclist 0.0 0 -0.6337500810623169 760.6910400390625 158.71827697753906 801.3028564453125 199.46917724609375 1.7421547 1.7980727 0.6247625 7.9021025 0.83845556 31.812817 -0.39028382301330566 0.6115936636924744
Cyclist 0.0 0 -1.611899971961975 852.5657348632812 151.570068359375 867.6419677734375 196.40652465820312 1.7693939 1.7753997 0.5038031 10.400473 0.6313525 28.911737 -1.2665817737579346 0.5308539867401123
Cyclist 0.0 0 -0.4040181338787079 284.3887023925781 169.5628662109375 360.2344970703125 240.0749053955078 1.7459042 1.7298015 0.5169482 -7.268324 1.4630896 18.140263 -0.7851050496101379 0.4643591344356537
Cyclist 0.0 0 -1.9545300006866455 1115.2081298828125 145.28697204589844 1147.5142822265625 191.2327423095703 1.5542378 1.7534068 0.46797565 20.648148 0.41109627 27.78882 -1.3154995441436768 0.3662835955619812
Cyclist 0.0 0 -2.5446269512176514 1008.3753051757812 152.91891479492188 1057.9456787109375 197.96788024902344 1.6956581 1.720937 0.47576168 16.835268 0.6688067 27.87508 -2.001305103302002 0.3481036126613617
Cyclist 0.0 0 -2.959552526473999 550.7607421875 160.74844360351562 592.8073120117188 222.95486450195312 1.1550509 1.7919849 0.523794 -1.0008014 1.2245703 20.699602 -3.007863759994507 0.1596059948205948
Car 0.0 0 -1.3198676109313965 361.5284729003906 180.26681518554688 496.18878173828125 267.3269958496094 3.7630901 1.4568928 1.6282418 -3.284242 1.4546404 13.721335 -1.5548006296157837 0.9658905863761902
Car 0.0 0 -0.47130411863327026 1013.3008422851562 153.0099639892578 1125.2874755859375 189.76522827148438 3.5737207 1.4807174 1.5731856 19.244581 0.37475133 29.45281 0.10746026039123535 0.8512779474258423
Car 0.0 0 1.6754908561706543 475.72161865234375 169.9477996826172 499.77789306640625 190.4011688232422 3.5623415 1.5116515 1.4530045 -8.926829 0.73304015 54.071968 1.511875033378601 0.7544419169425964
