Pedestrian 0.0 0 2.6896445751190186 248.03485107421875 138.23866271972656 398.9974670410156 374.0 0.7494044 1.5600841 0.5627716 -1.8621702 1.3065467 4.6971745 2.312206745147705 0.7647547125816345
Pedestrian 0.0 0 -1.1096800565719604 285.4091491699219 165.83558654785156 314.12646484375 222.1256103515625 0.78625995 1.8104326 0.5786113 -9.892847 1.3077221 23.511415 -1.507960557937622 0.48903483152389526
Pedestrian 0.0 0 -2.6091408729553223 242.04840087890625 153.82025146484375 277.2377014160156 214.43923950195312 0.778671 1.8542576 0.624884 -10.639754 1.0086854 22.315626 -3.054044485092163 0.38739848136901855
Pedestrian 0.0 0 2.5989315509796143 0.0 206.80067443847656 125.7816390991211 374.0 0.6896209 1.5071788 0.52290666 -3.364234 1.6716872 4.213925 1.9251906871795654 0.27825286984443665
Pedestrian 0.0 0 -0.25778624415397644 630.2323608398438 156.73764038085938 660.9131469726562 206.91184997558594 0.96244115 1.7915558 0.7077818 1.575964 0.908427 26.088179 -0.1974504441022873 0.26008546352386475
Pedestrian 0.0 0 1.537158489227295 586.3009033203125 131.2444610595703 615.9161987304688 215.81546020507812 0.7078785 1.776567 0.6107435 -0.051346935 0.7220913 15.452294 1.533835530281067 0.2562063932418823
Pedestrian 0.0 0 -1.446880578994751 0.0 158.89393615722656 23.715503692626953 219.9773406982422 0.7131281 1.9190162 0.61399835 -18.992304 1.2099231 23.030403 -2.136479616165161 0.23444727063179016
Pedestrian 0.0 0 -1.5193902254104614 756.86572265625 155.22560119628906 771.0771484375 196.14569091796875 0.5151821 1.862772 0.6123055 7.4638166 0.66763794 33.028328 -1.2971410751342773 0.22498749196529388
Pedestrian 0.0 0 2.0553650856018066 271.14105224609375 161.93597412109375 299.86419677734375 219.24539184570312 0.8079982 1.7743783 0.5135797 -9.985865 1.1697608 22.65887 1.6402682065963745 0.2100045084953308
Cyclist 0.0 0 -0.448771595954895 632.2352905273438 155.29042053222656 678.68603515625 204.69918823242188 1.5353111 1.7344503 0.6459284 1.91741 0.8154477 25.79533 -0.3745763897895813 0.2716512382030487
Car 0.0 0 -0.121244877576828 368.3531188964844 196.76609802246094 652.7993774414062 326.4237976074219 3.490977 1.460654 1.5643 -1.2708039 1.6906915 9.565503 -0.2533242404460907 0.9037641882896423
Car 0.0 0 -1.5163853168487549 344.82977294921875 187.09820556640625 437.8138427734375 274.0948791503906 3.481828 1.5095822 1.6040982 -4.1870522 1.6390524 14.579064 -1.7960546016693115 0.14888164401054382
Car 0.0 0 -1.6604900360107422 0.0 186.13780212402344 72.84024047851562 374.0 3.9845004 1.5234028 1.6447467 -5.2280426 1.5673823 4.7391486 -2.494899272918701 0.13327395915985107
