Pedestrian 0.0 0 -0.48915958404541016 993.1006469726562 118.97935485839844 1061.737060546875 247.4028778076172 0.7062977 1.7375091 0.40733364 5.787812 0.9068348 9.780472 0.045188188552856445 0.5037116408348083
Pedestrian 0.0 0 -3.3973193168640137 813.317138671875 157.7193603515625 870.1787719726562 266.6167297363281 0.75043935 1.6743326 0.4790217 3.6714594 1.3257315 11.128769 -3.078655481338501 0.49732184410095215
Pedestrian 0.0 0 -0.0446685254573822 776.1365966796875 158.2200469970703 793.3807373046875 190.10086059570312 0.9370939 1.8139676 0.4852873 10.300713 0.54765856 40.557552 0.20405030250549316 0.3865918517112732
Pedestrian 0.0 0 -0.36892378330230713 509.37017822265625 163.713134765625 520.991455078125 186.18551635742188 0.8562054 1.9205449 0.5374591 -7.7136965 0.48709473 60.861004 -0.4949944317340851 0.36697351932525635
Pedestrian 0.0 0 0.5942771434783936 120.54729461669922 111.07431030273438 204.33248901367188 246.3162078857422 0.80351955 1.8208938 0.57372576 -6.1777363 0.88781905 9.814474 0.03248310089111328 0.30575695633888245
Pedestrian 0.0 0 -1.703263282775879 805.670654296875 155.8868408203125 849.990478515625 260.76409912109375 0.647718 1.7084783 0.6275005 3.6905096 1.3091762 11.884957 -1.4021838903427124 0.2765393853187561
Cyclist 0.0 0 -2.070425033569336 973.373291015625 142.31993103027344 1026.309814453125 211.33749389648438 1.7148209 1.7317439 0.44297197 10.3183155 0.7753487 18.594776 -1.5638246536254883 0.6294050216674805
Cyclist 0.0 0 -2.2012367248535156 874.5631713867188 159.7276153564453 905.983154296875 196.53318786621094 1.62224 1.7021879 0.5246245 13.50365 0.74295944 33.545383 -1.8185350894927979 0.22682860493659973
Car 0.0 0 1.6574350595474243 439.14544677734375 172.2233123779297 476.8375244140625 201.00650024414062 4.29117 1.5264637 1.7093394 -8.209533 1.0889347 39.722862 1.4536341428756714 0.8644358515739441
Car 0.0 0 -0.8158964514732361 0.0 205.0026397705078 297.038818359375 370.0 3.9019616 1.4470485 1.601236 -3.1733222 1.6333468 3.370173 -1.5712202787399292 0.8378368020057678
Car 0.0 0 1.493626594543457 675.1954345703125 173.21446228027344 699.0369262695312 193.8187713623047 3.9647605 1.5803018 1.5761906 6.5103703 1.0227718 56.234997 1.608884334564209 0.16249164938926697
