Car 0.0 0 1.8192774057388306 357.06805419921875 194.8827667236328 486.0571594238281 285.2864990234375 4.020721 1.4786688 1.5928217 -3.7345862 1.9920704 14.790385 1.5719462633132935 0.9629582762718201
Car 0.0 0 -1.9168894290924072 747.78759765625 182.62892150878906 1022.4990234375 360.556884765625 3.5875857 1.4633129 1.5801692 2.637765 1.5958928 7.9439106 -1.5962955951690674 0.962957501411438
Car 0.0 0 1.9084302186965942 175.88995361328125 199.49461364746094 423.8778381347656 362.51129150390625 3.9303415 1.4683287 1.5946054 -3.6430218 1.8801692 9.145381 1.5293508768081665 0.9522855281829834
Car 0.0 0 -1.7664247751235962 695.4314575195312 183.57537841796875 828.62841796875 275.8310241699219 4.204852 1.4417162 1.6533531 2.6777706 1.6794958 13.869063 -1.575696587562561 0.9498643279075623
Car 0.0 0 1.7165544033050537 465.6832275390625 186.20140075683594 525.6386108398438 235.29864501953125 3.6836662 1.5111883 1.5362306 -3.9394422 2.0094023 25.060976 1.560636043548584 0.9152282476425171
Car 0.0 0 -1.7567206621170044 673.5418090820312 178.97727966308594 764.8639526367188 241.49124145507812 4.447785 1.5193547 1.7009226 2.8774052 1.7106439 20.236012 -1.6154751777648926 0.8871106505393982
Car 0.0 0 -2.357652187347412 928.8763427734375 191.79083251953125 1242.0 375.0 3.611482 1.5165131 1.5536466 2.9976778 1.6496607 3.223128 -1.6084794998168945 0.8212934732437134
Car 0.0 0 -1.7163478136062622 662.3421630859375 179.12635803222656 722.8984985351562 224.72535705566406 3.7903304 1.4802349 1.6060927 2.840491 1.7222377 25.871834 -1.606994867324829 0.7040292024612427
Car 0.0 0 1.7060751914978027 429.0093994140625 188.60296630859375 499.2873229980469 249.0122833251953 3.417437 1.4675194 1.4768502 -4.044018 1.9468557 20.190174 1.508394718170166 0.6623179316520691
Car 0.0 0 -0.2314508557319641 849.2666625976562 154.8845977783203 940.1116333007812 192.47564697265625 3.5695615 1.6580625 1.628477 12.868098 0.8658276 32.88072 0.14158248901367188 0.6285800337791443
