Pedestrian 0.0 0 2.0376694202423096 212.00599670410156 105.1020736694336 284.5314025878906 251.85931396484375 0.7360224 1.7690781 0.5432487 -4.580923 0.9527236 9.063311 1.5696825981140137 0.39471715688705444
Pedestrian 0.0 0 0.7600582838058472 247.34347534179688 124.15829467773438 302.7986755371094 231.93539428710938 0.62874097 1.7970927 0.5948269 -5.8070927 0.98549026 12.409986 0.3223884105682373 0.36524492502212524
Pedestrian 0.0 0 -0.09547147154808044 410.6219787597656 155.153076171875 428.4150390625 204.70843505859375 0.5995168 1.8811706 0.6838406 -7.3885436 1.2095844 27.812355 -0.3551308810710907 0.2161955088376999
Pedestrian 0.0 0 3.066889762878418 444.5201721191406 164.32981872558594 467.0395202636719 209.2723388671875 0.8748491 1.8558897 0.66141725 -6.50712 1.5042437 30.233868 2.8548974990844727 0.1327189803123474
Pedestrian 0.0 0 1.7298294305801392 923.1135864257812 122.14338684082031 963.1236572265625 197.2790069580078 1.1594877 1.9164581 0.79025406 8.779725 0.6233581 19.102833 2.1606407165527344 0.13117487728595734
Pedestrian 0.0 0 0.7546223402023315 107.40077209472656 151.82406616210938 161.40696716308594 235.23887634277344 0.76421344 1.7224877 0.5784582 -10.093654 1.2885842 15.246415 0.16983342170715332 0.11778372526168823
Car 0.0 0 -0.1889832466840744 672.593505859375 179.8379669189453 791.6871948242188 219.37008666992188 4.34542 1.4786594 1.696372 4.667119 1.7607974 28.20669 -0.025007473304867744 0.9540296196937561
Car 0.0 0 -0.04714994132518768 644.5732421875 179.47349548339844 700.1424560546875 201.04693603515625 3.7937045 1.4649713 1.6288064 4.2948327 1.9360669 50.423126 0.03782081604003906 0.4737463593482971
Car 0.0 0 1.8757213354110718 624.3099365234375 178.29525756835938 659.8514404296875 199.09817504882812 3.683332 1.4573828 1.6073967 2.3920133 1.8770986 53.600536 1.920318365097046 0.1544182151556015
Car 0.0 0 -3.232840061187744 802.5543212890625 170.00901794433594 888.3234252929688 201.8333740234375 3.8624203 1.5071341 1.6149807 11.435035 1.3727595 35.37955 -2.9202277660369873 0.11633151769638062
