Car 0.0 0 -0.6842426061630249 942.934326171875 191.39682006835938 1242.0 319.1310119628906 3.9980235 1.4315324 1.593726 6.5838194 1.6944169 9.283097 -0.06735113263130188 0.9721864461898804
Car 0.0 0 -0.5725466012954712 875.1158447265625 183.12754821777344 1162.8690185546875 289.2090148925781 3.7731342 1.545885 1.6064659 6.4036994 1.7250473 11.623749 -0.06900104880332947 0.9519124031066895
Car 0.0 0 0.5227248668670654 62.8725700378418 178.8339080810547 378.0057373046875 294.1529541015625 3.9897504 1.6127981 1.5877708 -5.857604 1.711836 11.04096 0.034949541091918945 0.9359197020530701
Car 0.0 0 -0.2873736321926117 728.5925903320312 181.69761657714844 886.8451538085938 242.39988708496094 4.18135 1.6925528 1.7476689 5.704516 1.9655473 21.313662 -0.02585715241730213 0.922147810459137
Car 0.0 0 0.4980279803276062 152.33126831054688 193.84425354003906 409.7295837402344 284.97454833984375 4.0995927 1.5154014 1.5227073 -6.0198073 1.9299631 13.3252325 0.07371139526367188 0.9207337498664856
Car 0.0 0 3.4301304817199707 204.80282592773438 172.54461669921875 418.312744140625 252.18927001953125 4.0836635 1.654597 1.6036438 -6.515465 1.6485274 15.985718 3.0431063175201416 0.9144028425216675
Car 0.0 0 0.6242736577987671 0.0 188.99002075195312 284.7859191894531 333.17919921875 3.72124 1.5864713 1.4646859 -6.2366548 1.8017833 8.856824 0.010758638381958008 0.9024348855018616
Car 0.0 0 3.8365092277526855 0.0 183.4783172607422 218.66297912597656 375.0 4.271337 1.4551882 1.5639641 -6.065078 1.5623423 6.321136 3.0717809200286865 0.8940268158912659
Car 0.0 0 -1.6508569717407227 634.9473266601562 182.59034729003906 675.0125732421875 211.85853576660156 4.0132647 1.3150381 1.6552849 2.137781 1.8256172 35.78549 -1.5911891460418701 0.8761057257652283
Car 0.0 0 0.16137897968292236 391.7311096191406 181.385498046875 507.6971740722656 220.25823974609375 4.3810077 1.5032585 1.6988795 -6.4727297 1.861537 29.297028 -0.056062690913677216 0.8216019868850708
Car 0.0 0 0.34642940759658813 260.54364013671875 181.58416748046875 436.4510498046875 244.2002410888672 3.9582584 1.5211803 1.5326855 -6.6641474 1.7548015 18.508224 0.0008170604705810547 0.7148185968399048
