Pedestrian 0.0 0 -2.3397133350372314 435.4583740234375 172.19126892089844 456.24609375 210.33937072753906 0.7079733 1.8576602 0.70909125 -7.8738647 1.4544972 34.916054 -2.561511754989624 0.5386235117912292
Pedestrian 0.0 0 -1.9347044229507446 199.71426391601562 159.70733642578125 216.31884765625 191.1741180419922 0.70356673 2.0084338 0.73212373 -25.623169 0.6826372 45.630367 -2.4463624954223633 0.5288394689559937
Pedestrian 0.0 0 -3.2358286380767822 801.8359985351562 149.6919403076172 823.8078002929688 186.75010681152344 1.0323317 1.8744054 0.50787556 10.594814 0.31755722 36.10503 -2.95039701461792 0.4715700149536133
Pedestrian 0.0 0 -2.2323737144470215 1115.526123046875 113.72313690185547 1178.07470703125 204.77511596679688 0.8843215 1.7512128 0.55894405 10.699878 0.46851894 14.038802 -1.5811325311660767 0.302340567111969
Cyclist 0.0 0 -0.3742710053920746 562.98095703125 166.67697143554688 591.665283203125 195.33497619628906 1.7411418 1.7973781 0.5517431 -1.7595202 0.93176925 44.94225 -0.41340172290802 0.9070863127708435
Cyclist 0.0 0 -1.105385661125183 350.5462646484375 174.5203857421875 380.9181823730469 216.3693389892578 1.7712758 1.7209419 0.4783384 -10.150741 1.4765327 29.981026 -1.4318437576293945 0.8744794726371765
Cyclist 0.0 0 -0.2779899835586548 642.3828125 164.0546875 677.3564453125 197.43215942382812 1.8120956 1.796997 0.5729983 2.977042 0.9130091 38.5231 -0.20086386799812317 0.8383939862251282
Cyclist 0.0 0 2.0144710540771484 455.7709045410156 166.55938720703125 480.8022766113281 200.8239288330078 1.6022797 1.7186179 0.63824403 -7.0235486 1.0208229 36.314194 1.8234193325042725 0.6163420081138611
Cyclist 0.0 0 0.13522912561893463 700.4754028320312 158.6884765625 738.515869140625 195.26065063476562 1.794986 1.7799195 0.5759173 5.644594 0.71982056 34.942917 0.2953832149505615 0.5924718379974365
Cyclist 0.0 0 -0.4462415277957916 314.6446838378906 183.94276428222656 351.2059631347656 216.11068725585938 1.8450563 1.75454 0.5763749 -15.242134 1.9530617 39.61363 -0.8135499954223633 0.40719667077064514
Car 0.0 0 -1.4652113914489746 493.8845520019531 174.3351593017578 541.7390747070312 211.265625 3.7584465 1.4867898 1.6522722 -3.700427 1.240093 30.352232 -1.5865287780761719 0.9581145644187927
Car 0.0 0 2.3481266498565674 1096.737060546875 124.84611511230469 1224.0 195.5975341796875 3.972773 1.5303618 1.6219145 13.773144 0.32817864 16.277077 3.050391912460327 0.5189075469970703
Car 0.0 0 -2.3146116733551025 283.2919921875 184.442626953125 350.2626953125 211.856689453125 3.470394 1.4966842 1.6341349 -16.518944 1.7321509 40.499084 -2.7018964290618896 0.2695172131061554
