Pedestrian 0.0 0 1.3591156005859375 955.2942504882812 155.4259033203125 988.593017578125 222.08326721191406 1.0150441 1.8215629 0.63518447 10.116478 1.3456588 20.285389 1.8217287063598633 0.8581731915473938
Pedestrian 0.0 0 1.7881108522415161 657.4345092773438 166.8736114501953 676.1302490234375 209.40447998046875 0.88157266 1.7811561 0.61953014 2.3814874 1.5310609 30.726385 1.8654624223709106 0.39813661575317383
Pedestrian 0.0 0 -1.3192169666290283 547.2953491210938 179.01480102539062 566.201171875 216.60594177246094 0.8951702 1.6142002 0.62492526 -2.3707142 1.8889583 31.638777 -1.3940078020095825 0.3382745683193207
Pedestrian 0.0 0 -1.2501962184906006 224.4886016845703 166.06044006347656 262.8550109863281 231.336181640625 1.1655205 1.8987747 0.6947073 -11.004836 1.7015179 21.61393 -1.721140742301941 0.14807425439357758
Pedestrian 0.0 0 0.6392409205436707 785.0330200195312 121.10797119140625 834.67578125 188.77818298339844 1.2350279 1.8551565 0.6103344 5.6081204 0.43691418 20.45236 0.9068670272827148 0.14001408219337463
Cyclist 0.0 0 1.807885766029358 657.0555419921875 165.73184204101562 676.3030395507812 207.1578369140625 0.9014185 1.7396667 0.6268624 2.3849084 1.4409328 30.82346 1.8851051330566406 0.2498801350593567
Cyclist 0.0 0 -1.3192169666290283 547.2953491210938 179.01480102539062 566.201171875 216.60594177246094 0.8951702 1.6142002 0.62492526 -2.3707142 1.8889583 31.638777 -1.3940078020095825 0.1753048300743103
Cyclist 0.0 0 0.3377937078475952 780.8135375976562 124.31763458251953 832.2030029296875 192.05648803710938 1.2731243 1.8585066 0.60772467 5.5065045 0.52720404 20.404322 0.6013839244842529 0.13391417264938354
Car 0.0 0 1.8480626344680786 328.2089538574219 189.02157592773438 529.8773193359375 328.5400695800781 3.739289 1.4182295 1.6041692 -2.2276545 1.6783571 9.682247 1.6219218969345093 0.9611467123031616
Car 0.0 0 1.687588095664978 377.5790100097656 186.5782012939453 471.52740478515625 260.7545166015625 4.1751595 1.4272618 1.6337767 -4.2422876 1.7897737 16.861496 1.4411077499389648 0.11350783705711365
Car 0.0 0 1.7232414484024048 981.186279296875 164.5857391357422 1014.374267578125 186.3763885498047 3.8409855 1.6524423 1.7381881 30.509947 1.0257967 56.770283 2.216381311416626 0.10762464255094528
