Pedestrian 0.0 0 1.8642266988754272 611.6600952148438 162.17762756347656 637.7587280273438 215.42422485351562 1.070859 1.8554926 0.6514754 0.68366796 1.2185395 25.244469 1.8913019895553589 0.4500046670436859
Pedestrian 0.0 0 3.583066463470459 158.21255493164062 149.8225555419922 229.5693817138672 273.7596130371094 0.7108933 1.7113997 0.55495816 -5.8875375 1.2894554 10.065959 3.0538270473480225 0.2613111734390259
Pedestrian 0.0 0 0.23610711097717285 884.8336791992188 127.98274230957031 950.9209594726562 249.77426147460938 0.8204383 1.8141246 0.6259543 4.834408 1.0335245 11.024081 0.6493830680847168 0.23307055234909058
Pedestrian 0.0 0 1.381649374961853 762.2369995117188 140.959228515625 790.0370483398438 206.4003448486328 0.8035518 1.8680645 0.6453373 4.944114 0.7409156 20.594584 1.6172592639923096 0.21020379662513733
Pedestrian 0.0 0 -1.5482136011123657 530.8331909179688 168.14283752441406 541.9739990234375 197.76828002929688 0.9563715 1.746293 0.6413971 -4.0937567 1.0192621 42.173187 -1.644980549812317 0.16479133069515228
Pedestrian 0.0 0 -2.8266992568969727 538.185302734375 167.73316955566406 557.3682250976562 202.98379516601562 0.8842794 1.8413413 0.5436312 -3.0285919 1.175872 37.295116 -2.9077274799346924 0.1646849662065506
Pedestrian 0.0 0 1.5639864206314087 802.4285278320312 134.94796752929688 831.3804321289062 217.00674438476562 0.95674056 1.8371737 0.62412035 4.861736 0.81894404 16.371092 1.8526618480682373 0.15064381062984467
Pedestrian 0.0 0 0.6988018155097961 112.3089370727539 131.24627685546875 222.23072814941406 286.3685607910156 1.0206776 1.840561 0.5829583 -5.449247 1.2578362 8.744878 0.14154410362243652 0.14653533697128296
Pedestrian 0.0 0 0.33840566873550415 230.4688262939453 152.18093872070312 283.57989501953125 240.87644958496094 0.80237687 1.7109033 0.55887115 -6.902724 1.166272 13.959487 -0.12081833183765411 0.14419789612293243
Pedestrian 0.0 0 -1.3022289276123047 484.0674743652344 149.5062713623047 500.4818420410156 185.33226013183594 0.9326919 1.9683497 0.68015444 -6.277612 0.2668914 39.342636 -1.460457682609558 0.1325841248035431
Pedestrian 0.0 0 1.7197456359863281 734.8374633789062 151.19534301757812 755.2010498046875 200.52186584472656 0.6407983 1.813187 0.65906847 5.2052608 0.7374977 26.398043 1.9144316911697388 0.12320411950349808
Pedestrian 0.0 0 1.9424022436141968 363.01904296875 191.81204223632812 415.9107971191406 313.50335693359375 0.7271434 1.2612222 0.3171359 -2.4062176 1.393222 7.7663593 1.6419556140899658 0.11573474109172821
Pedestrian 0.0 0 1.6130396127700806 469.62615966796875 183.7350311279297 496.9386901855469 262.4957275390625 0.65717894 1.4789245 0.49543884 -2.3880386 1.5447103 13.659056 1.4399570226669312 0.11485505849123001
Pedestrian 0.0 0 1.5823591947555542 816.814697265625 126.82347106933594 848.2562866210938 215.6231231689453 1.006302 1.8457595 0.6260747 4.8764143 0.73168004 15.267685 1.8915127515792847 0.10432136803865433
Pedestrian 0.0 0 -2.810504913330078 494.252197265625 187.8453826904297 533.0049438476562 259.1800537109375 0.7647222 1.624251 0.539072 -2.167363 1.8009014 16.504444 -2.941077709197998 0.10256972908973694
Pedestrian 0.0 0 1.5297627449035645 790.3624267578125 139.8704376220703 820.7005004882812 216.41824340820312 0.97189057 1.8399343 0.68124473 4.92695 0.86494666 17.541363 1.8035837411880493 0.10071954131126404
Cyclist 0.0 0 2.4664547443389893 588.8417358398438 161.823974609375 634.464111328125 212.52215576171875 1.5936792 1.7490565 0.60480696 0.21679561 1.1062773 25.118116 2.475085496902466 0.44150397181510925
Cyclist 0.0 0 -2.0250089168548584 1088.129150390625 42.99909210205078 1224.0 306.36505126953125 1.7916234 1.8382852 0.520106 4.653808 0.8802477 5.860984 -1.3539175987243652 0.33906134963035583
Car 0.0 0 -1.7285739183425903 645.8711547851562 165.77320861816406 685.8755493164062 197.03436279296875 3.829729 1.6684517 1.6468544 3.3573203 0.88386965 39.701332 -1.6442102193832397 0.13734780251979828
Car 0.0 0 -1.6938974857330322 542.2249145507812 176.0391082763672 576.2246704101562 204.0126495361328 3.6123683 1.5879806 1.5788162 -2.7678905 1.3361329 42.054497 -1.7596194744110107 0.10091123729944229
