Pedestrian 0.0 0 -1.552227258682251 515.1640014648438 166.24464416503906 560.6735229492188 283.5049133300781 0.9314775 1.6243176 0.6295495 -0.9604616 1.414317 10.4354515 -1.6440070867538452 0.8826212286949158
Pedestrian 0.0 0 -2.1025619506835938 892.2495727539062 132.33714294433594 995.5505981445312 286.6303405761719 0.8859467 1.7130495 0.7471857 3.9525952 1.16857 8.448889 -1.6649847030639648 0.8216487169265747
Pedestrian 0.0 0 -1.3551020622253418 593.7453002929688 162.659912109375 622.3016967773438 222.78860473632812 0.88457376 1.746936 0.67790365 0.17449707 1.2007043 21.373873 -1.3469382524490356 0.7999844551086426
Pedestrian 0.0 0 -2.6305317878723145 451.035400390625 152.51654052734375 563.3062133789062 315.6206359863281 1.0733731 1.7281682 0.65778434 -1.1042055 1.4224346 8.111397 -2.7658302783966064 0.7607428431510925
Pedestrian 0.0 0 -0.1343088150024414 508.9588623046875 159.6027374267578 534.6380004882812 233.2478790283203 0.5169837 1.7399164 0.77485484 -1.9701248 1.2237799 17.407406 -0.24700665473937988 0.7360882759094238
Pedestrian 0.0 0 2.284978151321411 1130.62353515625 134.52520751953125 1238.0 307.2399597167969 0.8967272 1.7237782 0.5713514 6.138438 1.2563145 7.5250597 2.9692389965057373 0.6652026772499084
Pedestrian 0.0 0 -1.3226591348648071 566.8871459960938 163.06820678710938 592.2484741210938 220.9373779296875 0.7421045 1.6929829 0.5940832 -0.67598516 1.1548868 21.438751 -1.3541797399520874 0.6228893399238586
Pedestrian 0.0 0 -1.7344310283660889 630.3025512695312 159.66676330566406 651.0274047851562 206.5971221923828 0.72867006 1.820321 0.70347524 1.5202419 0.9744761 28.260674 -1.6806893348693848 0.5290005207061768
Pedestrian 0.0 0 1.029398798942566 370.04937744140625 165.44497680664062 418.97760009765625 246.51156616210938 0.8246838 1.8764434 0.8177417 -4.9907584 1.5060258 17.204805 0.7470681667327881 0.4973733723163605
Pedestrian 0.0 0 0.5133722424507141 615.8192749023438 168.280029296875 653.9927978515625 239.5708770751953 0.7177718 1.7286817 0.6618351 0.80223906 1.4093137 17.886557 0.5581936836242676 0.48291653394699097
Cyclist 0.0 0 2.2448525428771973 1125.17626953125 135.04710388183594 1238.0 311.9027404785156 0.98283577 1.7514797 0.5952899 6.1058154 1.2928048 7.506543 2.9277102947235107 0.12392906844615936
Cyclist 0.0 0 0.6278362274169922 366.04718017578125 165.7381591796875 418.8192443847656 247.66473388671875 0.9630924 1.9015634 0.73742324 -5.0271645 1.5369285 17.179596 0.34315991401672363 0.10379862785339355
Car 0.0 0 1.961221694946289 0.0 126.7619857788086 427.234130859375 374.0 4.5071354 1.6711149 1.7492775 -2.726335 1.4152352 5.674221 1.5133137702941895 0.8084607124328613
Car 0.0 0 1.7300300598144531 387.1162109375 155.0651397705078 471.60650634765625 219.00732421875 4.400486 1.6749814 1.7220112 -4.944327 0.98368335 21.070307 1.4995417594909668 0.4644329249858856
Car 0.0 0 1.9267919063568115 433.2954406738281 163.97052001953125 505.1424255371094 205.1821746826172 3.5178885 1.4470022 1.5333605 -4.9262037 0.8325773 27.085238 1.7468806505203247 0.4524332880973816
