Pedestrian 0.0 0 -2.8903849124908447 443.71337890625 171.72293090820312 460.8939514160156 211.83485412597656 0.5431437 1.6952718 0.7792986 -6.7884398 1.647827 30.890873 -3.1067020893096924 0.15378819406032562
Pedestrian 0.0 0 -0.1668405830860138 281.0092468261719 173.51202392578125 293.4165954589844 202.30201721191406 0.58412665 1.7542349 0.72953904 -19.91979 1.7955554 44.44887 -0.5881555080413818 0.12372098118066788
Pedestrian 0.0 0 0.3968013823032379 605.6795654296875 161.3818817138672 620.4949340820312 189.2600555419922 0.86995566 1.8916453 0.5479656 0.18244745 1.1135743 49.37837 0.400496244430542 0.11130324006080627
Pedestrian 0.0 0 0.8702950477600098 9.036432266235352 161.1749725341797 50.51139450073242 223.60769653320312 0.7149861 1.8445432 0.6695927 -17.500696 1.4998505 21.711548 0.19187307357788086 0.10695431381464005
Pedestrian 0.0 0 -2.030032157897949 772.5062866210938 153.27130126953125 788.371337890625 187.55645751953125 0.60453814 1.8883458 0.6580244 9.436726 0.8101351 40.106697 -1.7989449501037598 0.10033630579710007
Car 0.0 0 -1.4440014362335205 505.5155944824219 176.0242462158203 548.9694213867188 209.19398498535156 3.4489162 1.406277 1.5310053 -3.7338278 1.557738 32.653572 -1.5578535795211792 0.9614117741584778
Car 0.0 0 -1.5121370553970337 567.4688110351562 177.42840576171875 621.4467163085938 223.85275268554688 3.3727326 1.4365485 1.6283588 -0.5082592 1.6023569 24.37851 -1.5329827070236206 0.9281090497970581
Car 0.0 0 1.922382116317749 300.7789306640625 179.94805908203125 366.4239501953125 213.4834442138672 3.9281774 1.4372646 1.6098732 -12.871665 1.7886966 33.730705 1.5578370094299316 0.8896093964576721
Car 0.0 0 1.406106948852539 615.3582763671875 176.78099060058594 644.0968627929688 198.92723083496094 4.0327396 1.6597832 1.6212082 1.4940058 1.981482 56.930874 1.4323433637619019 0.13760672509670258
Car 0.0 0 -1.4159537553787231 544.3473510742188 178.0058135986328 588.0018920898438 211.4106903076172 3.838672 1.5058008 1.5480044 -2.1160073 1.7710885 35.118057 -1.4761351346969604 0.10764284431934357
