Pedestrian 0.0 0 1.6319776773452759 630.8447875976562 173.194091796875 642.450439453125 202.90274047851562 1.3782439 1.7085 0.597283 1.5306934 1.7290981 42.223076 1.6682143211364746 0.1710343211889267
Cyclist 0.0 0 1.6319776773452759 630.8447875976562 173.194091796875 642.450439453125 202.90274047851562 1.3782439 1.7085 0.597283 1.5306934 1.7290981 42.223076 1.6682143211364746 0.4878574311733246
Car 0.0 0 -1.2572568655014038 294.50921630859375 186.09703063964844 508.767333984375 329.90948486328125 3.7090793 1.451281 1.5901375 -2.5357878 1.661217 9.521743 -1.517531394958496 0.9775826930999756
Car 0.0 0 -2.8341681957244873 356.8162841796875 174.38916015625 494.245361328125 221.0975341796875 3.9788244 1.4342872 1.5627478 -5.890801 1.4857192 23.107563 -3.0837810039520264 0.9133260846138
Car 0.0 0 -1.6637029647827148 711.473876953125 184.76124572753906 792.7445678710938 256.4189147949219 3.3180246 1.4621793 1.5516534 3.2056074 1.7718644 17.017319 -1.4775115251541138 0.9131276607513428
Car 0.0 0 -1.6536848545074463 697.238037109375 186.33802795410156 761.7393798828125 243.55142211914062 3.5180702 1.5055578 1.6027435 3.4587114 1.9445459 21.6541 -1.4952973127365112 0.8909760117530823
Car 0.0 0 1.6008087396621704 542.1629028320312 173.13661193847656 588.078125 218.32884216308594 3.9768057 1.6957392 1.723708 -1.7922536 1.7082893 29.111103 1.5393203496932983 0.880055844783783
Car 0.0 0 2.548175811767578 0.0 184.4351043701172 252.30343627929688 375.0 3.9063551 1.5269182 1.6186333 -3.0289178 1.5955371 2.260551 1.6185232400894165 0.6452354788780212
Car 0.0 0 0.11839044094085693 496.33935546875 166.59730529785156 565.9049072265625 197.3397216796875 3.6965573 1.6825967 1.6641024 -4.406 1.3405129 40.33826 0.009595394134521484 0.5959264636039734
Car 0.0 0 1.5226792097091675 667.4638061523438 178.18836975097656 692.4618530273438 200.45144653320312 4.1876802 1.5688092 1.6551161 5.171886 1.9841167 53.993465 1.6181751489639282 0.5487210750579834
Car 0.0 0 -1.4854340553283691 573.913818359375 178.09652709960938 610.1809692382812 209.05941772460938 3.7347045 1.4847155 1.5557284 -0.91600484 1.7689332 37.1543 -1.5100830793380737 0.5422802567481995
Car 0.0 0 0.49557244777679443 0.0 0.0 1242.0 375.0 3.7696848 1.5471622 1.6098368 2.5026746 1.7269956 1.5250946 1.5190764665603638 0.4744868278503418
