Pedestrian 0.0 0 -2.665137767791748 417.03704833984375 171.7435760498047 432.3304443359375 197.72103881835938 0.94538796 1.8371842 0.46761134 -13.218732 1.7590106 51.35919 -2.917048454284668 0.42425596714019775
Pedestrian 0.0 0 -2.2004690170288086 907.0255737304688 167.08840942382812 936.1912841796875 214.71087646484375 0.80242175 1.7590119 0.65940857 11.660556 1.5464082 27.11271 -1.7943059206008911 0.17615991830825806
Pedestrian 0.0 0 -0.462999552488327 929.3323364257812 162.6913299560547 958.5017700195312 212.80018615722656 0.71596986 1.8071885 0.7322683 12.166423 1.4410274 26.396797 -0.031113915145397186 0.1328039914369583
Pedestrian 0.0 0 -0.2802705764770508 1114.0931396484375 134.68191528320312 1242.0 323.3229064941406 0.89229906 1.7745993 0.64882547 5.633183 1.4158616 7.2517686 0.38016390800476074 0.11857017129659653
Pedestrian 0.0 0 -1.1281932592391968 526.6846923828125 157.84490966796875 546.168701171875 193.17144775390625 1.0555403 1.8600584 0.6482854 -3.9666555 1.0701382 38.59427 -1.23061203956604 0.11854588240385056
Pedestrian 0.0 0 2.4149272441864014 1158.9886474609375 145.74400329589844 1242.0 255.82278442382812 1.2415223 1.825403 0.5721906 10.1175375 1.3762039 12.27126 3.104423999786377 0.11853253096342087
Pedestrian 0.0 0 -3.6040940284729004 1045.5010986328125 148.43177795410156 1133.93603515625 253.87620544433594 1.131979 1.7891979 0.61418664 8.312781 1.3751557 12.613175 -3.021379232406616 0.11357931047677994
Car 0.0 0 -0.36710235476493835 791.3910522460938 164.81765747070312 909.6018676757812 208.23072814941406 3.7607553 1.5208368 1.5346341 8.611859 1.239668 26.132061 -0.04875931143760681 0.8653666973114014
Car 0.0 0 -1.613369107246399 655.9656372070312 161.70521545410156 684.1326904296875 187.7421417236328 4.115883 1.6840694 1.7148978 3.9870472 0.96332335 48.756195 -1.5317754745483398 0.7644820213317871
Car 0.0 0 -2.692105770111084 248.71107482910156 170.21595764160156 363.7297668457031 218.30885314941406 3.402618 1.6469163 1.6036825 -10.764052 1.5569355 25.594084 -3.0902163982391357 0.3686698079109192
Car 0.0 0 -2.119088888168335 0.0 148.60450744628906 77.75749969482422 186.15867614746094 4.256154 1.5187516 1.6068108 -24.957802 0.5384209 30.64278 -2.8025944232940674 0.17027004063129425
Car 0.0 0 -2.478370428085327 379.32940673828125 169.21435546875 440.6680908203125 193.18870544433594 4.116654 1.6896279 1.7060207 -14.559787 1.4334769 52.42389 -2.749274730682373 0.1059083342552185
