Pedestrian 0.0 0 2.1783783435821533 991.3826293945312 148.7842559814453 1012.94482421875 193.19659423828125 0.58151287 1.9209582 0.60651666 17.137825 0.88023174 31.607397 2.675220489501953 0.1580127477645874
Pedestrian 0.0 0 2.232154607772827 215.42897033691406 180.29489135742188 237.75074768066406 208.69253540039062 1.3516066 1.8146396 0.5831389 -25.101526 2.3091106 47.195236 1.7433407306671143 0.14743846654891968
Cyclist 0.0 0 3.049741744995117 588.1791381835938 174.41758728027344 621.583984375 208.9460906982422 1.7386862 1.8276192 0.606375 -0.3151685 1.9124988 38.61243 3.041579484939575 0.3341791033744812
Cyclist 0.0 0 2.206092119216919 213.3510284423828 180.33291625976562 237.5627899169922 208.5806427001953 1.6223977 1.7916795 0.5363929 -25.094816 2.288469 47.0496 1.7161067724227905 0.2339198738336563
Cyclist 0.0 0 1.1837117671966553 729.0759887695312 181.5023193359375 752.7911376953125 219.19839477539062 1.4336271 1.5600426 0.49393517 5.566233 1.940486 30.955652 1.3616236448287964 0.1244691014289856
Cyclist 0.0 0 1.2993966341018677 746.0189208984375 160.0723419189453 770.60888671875 205.6724090576172 1.0946182 1.7103599 0.6505912 5.627978 1.2313058 27.629429 1.500342607498169 0.11124072968959808
Car 0.0 0 2.252359628677368 0.0 206.06593322753906 161.15386962890625 367.58233642578125 4.062552 1.4448147 1.5886358 -7.891584 1.9694271 9.340089 1.5508248805999756 0.7748284339904785
Car 0.0 0 -1.6500937938690186 586.0422973632812 176.76260375976562 621.5352783203125 205.95263671875 4.2060366 1.5250885 1.6505932 -0.43301964 1.7563006 40.444824 -1.6607998609542847 0.5386071801185608
Car 0.0 0 2.5238704681396484 108.1549301147461 172.88572692871094 211.9936981201172 210.1663055419922 4.318054 1.807339 1.7914469 -23.19085 1.8094407 37.318367 1.9678406715393066 0.24590136110782623
Car 0.0 0 1.6192233562469482 44.1666259765625 198.50692749023438 97.72620391845703 240.89483642578125 3.9929035 1.531569 1.6358913 -22.929071 2.6999934 30.73842 0.9783246517181396 0.1355707347393036
Car 0.0 0 1.792340636253357 432.0694885253906 175.5657196044922 487.5670471191406 211.10971069335938 3.9555938 1.4981633 1.6324389 -6.772264 1.6289316 32.705322 1.5881571769714355 0.12326866388320923
Car 0.0 0 1.7829891443252563 394.5045471191406 179.76077270507812 466.7802429199219 228.06939697265625 4.4210324 1.5924137 1.6913912 -6.5580583 1.8693287 26.654541 1.5417418479919434 0.11236023157835007
