Cyclist 0.0 0 2.159850597381592 0.0 164.7779083251953 231.09896850585938 375.0 1.6584501 1.7123959 0.57101923 -2.9402256 1.6756269 4.1509523 1.543558955192566 0.5607093572616577
Car 0.0 0 1.9394478797912598 117.33872985839844 195.18560791015625 352.10870361328125 326.01275634765625 4.364948 1.4743651 1.6842955 -5.4851427 1.8893306 11.144793 1.4820830821990967 0.9591714143753052
Car 0.0 0 -1.4285494089126587 402.7816467285156 188.82733154296875 458.77947998046875 232.540283203125 3.607466 1.4548457 1.5560442 -6.7403073 2.1000283 27.252344 -1.6710129976272583 0.9548614621162415
Car 0.0 0 -1.9390363693237305 701.3251953125 174.28536987304688 926.6844482421875 306.9289245605469 3.8184335 1.4100097 1.5484629 2.4088933 1.4335667 9.700979 -1.695644736289978 0.9542064070701599
Car 0.0 0 -1.73537015914917 610.8922729492188 181.11846923828125 682.3502807617188 239.35447692871094 3.3959243 1.5652243 1.5896424 0.9749186 1.8342892 21.676302 -1.6904242038726807 0.9397863149642944
Car 0.0 0 -1.0167429447174072 0.0 204.12379455566406 229.53024291992188 375.0 3.9660661 1.522274 1.6639605 -4.8912654 1.8732355 6.0138364 -1.699562430381775 0.9112809300422668
Car 0.0 0 -1.4444341659545898 428.01043701171875 184.70693969726562 470.74481201171875 218.18338012695312 3.9785175 1.5171396 1.604957 -8.037501 2.1460726 36.206627 -1.66288161277771 0.8079520463943481
Car 0.0 0 -1.646287441253662 584.484130859375 182.7352752685547 626.607177734375 219.10125732421875 3.601507 1.4689493 1.5901526 -0.28837392 1.9332832 32.015686 -1.655294418334961 0.7947337627410889
Car 0.0 0 -0.4148905277252197 735.785400390625 172.27719116210938 875.402587890625 225.56341552734375 3.702614 1.5043468 1.5083337 5.7095733 1.4884205 21.396732 -0.15412329137325287 0.5215649008750916
Car 0.0 0 -2.6211204528808594 953.29150390625 205.1948699951172 1242.0 375.0 3.872914 1.4883596 1.6087526 2.9999893 1.685718 2.3595414 -1.7167893648147583 0.47819578647613525
Car 0.0 0 1.694697380065918 454.4621887207031 181.12301635742188 486.0582580566406 207.55174255371094 4.335403 1.7181787 1.6497024 -9.763545 2.3228652 50.51175 1.503759503364563 0.43282198905944824
