Pedestrian 0.0 0 0.8976210951805115 0.0 179.24252319335938 38.8875617980957 249.05426025390625 0.7631962 1.7274445 0.6128146 -14.859518 1.6727723 18.151823 0.21162676811218262 0.6983631253242493
Pedestrian 0.0 0 -2.0164570808410645 129.94927978515625 167.36782836914062 267.5367126464844 374.0 0.63999075 1.5230219 0.6093321 -2.823549 1.435475 4.951949 -2.5346686840057373 0.677047610282898
Pedestrian 0.0 0 1.6522479057312012 235.80908203125 167.7449951171875 308.2492370605469 331.1226501464844 0.7262117 1.6380299 0.64787275 -3.5359108 1.5014889 7.6518574 1.2193787097930908 0.6643808484077454
Pedestrian 0.0 0 -1.221242904663086 0.0 151.610595703125 171.1182861328125 374.0 0.71312207 1.5651486 0.61531657 -2.9708521 1.4132481 4.1093054 -1.8472107648849487 0.5976930856704712
Pedestrian 0.0 0 -2.076078414916992 188.03433227539062 166.9658660888672 270.3019714355469 309.0115661621094 0.6544363 1.6606126 0.66630423 -4.6308517 1.4920453 8.853536 -2.5579965114593506 0.5320878624916077
Pedestrian 0.0 0 -2.071382999420166 0.0 163.32447814941406 112.50865936279297 374.0 0.81314147 1.6348665 0.5702587 -4.2293863 1.5123178 5.316833 -2.743356227874756 0.4905867278575897
Pedestrian 0.0 0 1.2661592960357666 663.173828125 159.57675170898438 691.1157836914062 223.9546661376953 0.81342334 1.7471156 0.5509371 2.0650544 1.1533114 19.945482 1.3693267107009888 0.48864078521728516
Pedestrian 0.0 0 -1.524458408355713 302.49066162109375 163.4648895263672 377.11712646484375 322.78009033203125 0.63432 1.6013938 0.7163307 -2.808348 1.4214766 7.6283197 -1.8772079944610596 0.4832896292209625
Pedestrian 0.0 0 1.295818567276001 109.05233764648438 151.18580627441406 138.64418029785156 209.68016052246094 0.71498245 1.8573495 0.6276549 -15.503471 0.8958959 23.277319 0.7082545757293701 0.4181521236896515
Pedestrian 0.0 0 -0.6477689743041992 491.7767028808594 168.07960510253906 508.8199157714844 197.661865234375 0.91845626 1.7840054 0.49306908 -6.163683 0.97542083 43.81707 -0.7875205278396606 0.40532130002975464
Pedestrian 0.0 0 0.1318097561597824 675.7431030273438 176.90647888183594 702.5840454101562 230.62741088867188 0.773272 1.6679131 0.5747241 2.7461922 1.5264052 22.674845 0.2523345947265625 0.37421905994415283
Pedestrian 0.0 0 0.06490758061408997 548.9235229492188 172.71058654785156 577.289794921875 221.68240356445312 0.99090564 1.7589808 0.6672102 -1.4100041 1.444332 26.13775 0.011014699935913086 0.3607712388038635
Pedestrian 0.0 0 -1.608605146408081 618.80712890625 186.02809143066406 664.4860229492188 269.3838806152344 0.8417401 1.4777048 0.8027445 0.68522054 1.5649031 13.204473 -1.5567586421966553 0.332339346408844
Pedestrian 0.0 0 -2.103776693344116 405.8169860839844 166.72776794433594 434.8658447265625 216.66571044921875 0.6912056 1.6861353 0.7189405 -6.263803 1.188434 24.750193 -2.3516530990600586 0.33005595207214355
Pedestrian 0.0 0 2.6458895206451416 689.5841064453125 145.39447021484375 728.5725708007812 213.3970947265625 0.8872041 1.8244196 0.58096015 2.9171612 0.8569187 19.693901 2.792945384979248 0.2889418601989746
Pedestrian 0.0 0 -2.267831802368164 964.903076171875 160.38967895507812 1014.75146484375 245.46656799316406 0.78381175 1.7456058 0.5502727 8.157594 1.3137038 15.175652 -1.7746014595031738 0.28229811787605286
Pedestrian 0.0 0 -1.5821889638900757 261.4765930175781 162.72955322265625 310.3505554199219 290.07080078125 0.5151725 1.6647402 0.5930772 -4.3279843 1.4206829 9.745868 -2.000112295150757 0.2500452399253845
Pedestrian 0.0 0 0.6316207051277161 94.11456298828125 158.943603515625 136.4339141845703 202.89752197265625 1.2548879 1.7231767 0.6412344 -19.301313 0.83988357 28.502333 0.03637242317199707 0.10849445313215256
Cyclist 0.0 0 1.4572103023529053 459.99700927734375 164.52488708496094 506.5999755859375 243.9925994873047 1.6577969 1.7117097 0.85943633 -2.7530599 1.3472977 16.385479 1.290746808052063 0.8165560960769653
Cyclist 0.0 0 -0.398573100566864 518.7783813476562 164.62245178222656 567.2681884765625 213.0170440673828 1.7480552 1.816528 0.6437651 -2.2640893 1.1840479 27.649937 -0.48027488589286804 0.5789246559143066
Cyclist 0.0 0 0.7386082410812378 92.91272735595703 159.3958282470703 133.67031860351562 202.79222106933594 1.2205323 1.6978188 0.64750516 -19.385748 0.8340387 28.507706 0.1414194107055664 0.28807181119918823
Cyclist 0.0 0 3.147611379623413 548.6609497070312 174.3738250732422 574.8271484375 222.39344787597656 0.93879616 1.7237729 0.64742464 -1.4640146 1.4690139 26.130392 3.0916426181793213 0.12711013853549957
Car 0.0 0 1.83571457862854 270.5408020019531 182.5130157470703 436.7194519042969 287.19708251953125 4.2062035 1.5006697 1.6379856 -4.099502 1.5225347 12.479028 1.5183100700378418 0.9240478277206421
