Pedestrian 0.0 0 -2.9610462188720703 987.6551513671875 150.8485565185547 1030.0291748046875 224.13577270507812 0.84729683 1.830965 0.629721 10.344876 1.0917656 18.17303 -2.443549156188965 0.6025267839431763
Pedestrian 0.0 0 -1.0707190036773682 115.06733703613281 150.91505432128906 139.29617309570312 192.4105224609375 0.851998 2.0121026 0.65966344 -23.484406 0.57897806 34.734818 -1.6652278900146484 0.5387346148490906
Pedestrian 0.0 0 2.5638256072998047 992.5745239257812 120.45652770996094 1065.840576171875 250.3206329345703 0.78686166 1.7542137 0.3807243 5.7973223 0.944813 9.752389 3.1001553535461426 0.4409049451351166
Pedestrian 0.0 0 3.33738374710083 119.12144470214844 109.42908477783203 207.49160766601562 249.0524139404297 0.95577234 1.8576096 0.54639035 -6.163421 0.9137235 9.827468 2.777230739593506 0.36146804690361023
Pedestrian 0.0 0 0.08253704011440277 776.2118530273438 157.86328125 793.9743041992188 189.71701049804688 0.9505683 1.8097731 0.48812675 10.323398 0.5250502 40.551662 0.3318159580230713 0.34393444657325745
Pedestrian 0.0 0 -0.6158430576324463 509.8285827636719 164.54441833496094 521.0537719726562 186.96246337890625 0.79960465 1.9149362 0.5298354 -7.689808 0.5532163 60.85614 -0.74153733253479 0.25326141715049744
Cyclist 0.0 0 1.0475983619689941 875.7159423828125 157.51417541503906 905.1460571289062 195.10394287109375 1.6551466 1.7383448 0.53717077 13.512632 0.67681664 33.54964 1.4304863214492798 0.20237207412719727
Cyclist 0.0 0 -2.3910398483276367 972.520263671875 143.37030029296875 1035.015869140625 216.0373077392578 1.4192977 1.8148577 0.55328333 10.32527 0.8891389 18.413744 -1.8799906969070435 0.1996089369058609
Car 0.0 0 -0.8260896801948547 0.0 205.1519775390625 297.2713928222656 370.0 3.947191 1.4432449 1.602969 -3.1654613 1.6316059 3.367003 -1.5806453227996826 0.8176701664924622
Car 0.0 0 1.592535138130188 449.0208740234375 175.44630432128906 473.7278137207031 197.52792358398438 3.8827205 1.4865793 1.6186857 -10.046465 1.1476703 49.648968 1.3928810358047485 0.558321475982666
Car 0.0 0 1.910281777381897 86.65038299560547 182.05787658691406 137.29798889160156 204.94557189941406 4.0994163 1.4947284 1.585513 -33.84838 1.6080427 48.65331 1.3024437427520752 0.35719430446624756
