Car 0.0 0 2.029057264328003 97.2823257446289 204.11944580078125 325.4063415527344 324.8258361816406 3.7961407 1.403512 1.5670292 -5.9953794 1.9769377 11.302065 1.5413336753845215 0.9682250618934631
Car 0.0 0 -3.5973896980285645 873.8491821289062 152.7560577392578 1077.2308349609375 212.76161193847656 4.2954626 1.4406084 1.6041466 9.025075 0.9584566 18.134777 -3.135610342025757 0.9607449173927307
Car 0.0 0 -1.7397747039794922 671.80810546875 175.0311279296875 743.21533203125 225.98556518554688 4.248138 1.5373822 1.6475018 3.109854 1.6169932 24.107317 -1.6114827394485474 0.9490498304367065
Car 0.0 0 1.763996958732605 435.8877258300781 188.32249450683594 494.04656982421875 227.8386688232422 4.046969 1.4232912 1.5895013 -5.91014 2.101698 29.598696 1.5669132471084595 0.9421231746673584
Car 0.0 0 1.8253211975097656 365.3902282714844 191.98028564453125 453.0169372558594 246.4185333251953 4.022377 1.4120929 1.6234573 -6.0902214 2.0534434 22.156525 1.5570734739303589 0.940361738204956
Car 0.0 0 1.9154127836227417 272.11041259765625 197.39984130859375 399.8827819824219 275.4001770019531 3.623201 1.4242264 1.5224903 -6.018525 2.035645 16.13884 1.5584653615951538 0.9392169713973999
Car 0.0 0 -0.4952354431152344 820.70947265625 160.41893005371094 965.2593383789062 207.65599060058594 4.0689554 1.4448403 1.5282716 8.956242 1.0648469 23.078856 -0.1250545233488083 0.7931126952171326
Car 0.0 0 -3.5417356491088867 866.1538696289062 148.80755615234375 1023.5665283203125 203.09225463867188 3.7879715 1.4912 1.5274459 9.44185 0.8310022 20.636137 -3.1126294136047363 0.792570948600769
Car 0.0 0 -1.6949576139450073 661.1825561523438 175.40194702148438 713.1796264648438 218.1513214111328 3.9509025 1.6155213 1.6204672 3.0428555 1.7270769 29.494337 -1.5921539068222046 0.7797415852546692
Car 0.0 0 2.3567967414855957 0.0 212.83523559570312 153.4801025390625 375.0 3.8078854 1.5675353 1.6050249 -5.9334383 2.0114033 6.086753 1.5841525793075562 0.7016554474830627
