Pedestrian 0.0 0 1.802169680595398 340.0838317871094 178.8871307373047 381.36376953125 258.5694580078125 1.0249827 1.9034082 0.75324327 -6.2060075 2.0577493 17.8645 1.4678189754486084 0.3408260941505432
Pedestrian 0.0 0 1.8260177373886108 289.6636657714844 180.26809692382812 336.1339416503906 267.4128723144531 0.94455147 1.7564272 0.6878283 -6.2702756 1.9177002 15.142582 1.4334306716918945 0.33766815066337585
Pedestrian 0.0 0 2.396063804626465 964.2369995117188 187.60018920898438 992.402587890625 237.82711791992188 0.65545934 1.7926921 0.64194053 13.420364 2.340408 26.381807 2.866645336151123 0.2446470558643341
Pedestrian 0.0 0 -2.745049476623535 544.41748046875 183.28179931640625 560.3004760742188 212.10328674316406 0.9049985 1.8468721 0.50314516 -3.7760441 2.53039 46.887802 -2.8254096508026123 0.19398482143878937
Pedestrian 0.0 0 0.7728548049926758 1068.373779296875 212.71231079101562 1129.2510986328125 326.98284912109375 0.51437587 1.6241168 0.55081415 7.2403316 2.236897 10.775523 1.3644882440567017 0.16588875651359558
Pedestrian 0.0 0 1.9277184009552002 758.5462036132812 165.954833984375 813.5458984375 260.01641845703125 1.1237644 1.871565 0.7719398 3.628 1.7346485 15.035513 2.164487838745117 0.1569734811782837
Pedestrian 0.0 0 -1.4589123725891113 209.3020782470703 199.3610382080078 275.3235168457031 345.25372314453125 0.7001779 1.6908327 0.6595119 -4.604049 2.0369692 8.965283 -1.9333347082138062 0.15465952455997467
Pedestrian 0.0 0 -2.4272003173828125 533.0297241210938 171.13546752929688 548.602783203125 202.28419494628906 0.82482415 1.8436452 0.463047 -4.1699333 1.7422857 43.13164 -2.5235800743103027 0.13658002018928528
Pedestrian 0.0 0 -3.619135856628418 1039.39013671875 200.72882080078125 1175.057861328125 375.0 0.6320955 1.6540749 0.66167504 3.7772307 1.8853719 5.610174 -3.026567220687866 0.12806813418865204
Pedestrian 0.0 0 -3.209850788116455 1029.53515625 185.11961364746094 1077.9476318359375 285.9493408203125 0.6657285 1.6571566 0.5986294 7.5470767 1.8750842 12.376926 -2.662278652191162 0.12456222623586655
Pedestrian 0.0 0 -1.4743802547454834 689.8197021484375 172.04116821289062 704.4346313476562 211.32138061523438 1.0142545 1.7806543 0.5754901 3.9817708 1.7441648 33.263012 -1.3552415370941162 0.11895878612995148
Pedestrian 0.0 0 3.1450724601745605 551.9788208007812 181.01055908203125 562.936279296875 207.84124755859375 0.76389056 1.8671943 0.58261096 -3.7216551 2.4445329 50.720394 3.0718278884887695 0.10651189833879471
Cyclist 0.0 0 1.834629774093628 289.41552734375 179.81951904296875 337.7178039550781 267.70330810546875 1.0558289 1.7672969 0.6899028 -6.262854 1.9195548 15.164554 1.442973017692566 0.13122212886810303
Car 0.0 0 1.7060463428497314 487.7596435546875 188.98680114746094 544.1886596679688 237.34432983398438 3.2914453 1.5839045 1.616897 -3.4179828 2.2111285 26.382912 1.5772110223770142 0.9346550703048706
Car 0.0 0 0.015448972582817078 668.0438842773438 158.61514282226562 730.088134765625 186.39524841308594 4.003529 1.7955471 1.7523249 5.8678455 0.8755865 47.775887 0.13765716552734375 0.21757450699806213
Car 0.0 0 0.9577260613441467 855.772216796875 196.43603515625 1192.721923828125 366.0976867675781 3.611005 1.4085399 1.5190772 4.3768997 1.7454063 8.40317 1.4379243850708008 0.12412888556718826
Car 0.0 0 1.641605019569397 545.54541015625 171.9032745361328 576.6722412109375 199.52252197265625 3.9506853 1.6288251 1.6428013 -3.007462 1.5731146 44.52754 1.5741658210754395 0.11312234401702881
Car 0.0 0 1.8030939102172852 657.4132690429688 174.13343811035156 686.7918701171875 194.11741638183594 3.7767642 1.6277176 1.6543897 5.2663016 1.7400328 61.082565 1.8890973329544067 0.11280298978090286
