Pedestrian 0.0 0 -1.5151311159133911 422.8072814941406 165.9312744140625 444.3954772949219 218.09835815429688 0.9614936 1.7844913 0.6843259 -5.880824 1.2530006 25.102474 -1.7452536821365356 0.769460916519165
Pedestrian 0.0 0 0.8116444945335388 267.55877685546875 162.0281219482422 384.29638671875 374.0 0.62584484 1.585262 0.5994256 -2.2278805 1.4430059 5.701282 0.43912172317504883 0.703825056552887
Pedestrian 0.0 0 0.5466783046722412 98.44511413574219 174.632080078125 233.41397094726562 374.0 0.7650831 1.6946242 0.6209085 -3.70158 1.640957 6.0670447 -0.0011436827480793 0.6920900940895081
Pedestrian 0.0 0 -1.5977436304092407 209.62783813476562 141.401611328125 314.33428955078125 374.0 0.634539 1.5665653 0.59728235 -2.3280845 1.3229843 4.8054147 -2.048891067504883 0.6471410393714905
Pedestrian 0.0 0 1.8273130655288696 40.61025619506836 176.98573303222656 75.54681396484375 246.5077362060547 0.6454233 1.8848267 0.6298029 -15.068242 1.7635977 19.890827 1.1789991855621338 0.6225019693374634
Pedestrian 0.0 0 -2.758354663848877 330.1817321777344 149.1931915283203 435.18408203125 307.24652099609375 1.0079089 1.780206 0.67073673 -2.6047578 1.4176757 8.465037 -3.056867837905884 0.5973100662231445
Pedestrian 0.0 0 1.3270233869552612 661.729248046875 163.47076416015625 689.474853515625 224.3047332763672 0.83324593 1.7791756 0.64045227 2.1807985 1.2530177 21.463995 1.4282785654067993 0.5827639698982239
Pedestrian 0.0 0 -1.6483075618743896 93.3893051147461 178.0724334716797 164.98126220703125 337.8071594238281 0.85303754 1.6733594 0.60150766 -5.345453 1.6388143 8.043806 -2.2348382472991943 0.5423249006271362
Pedestrian 0.0 0 0.6301974654197693 152.9796905517578 171.29855346679688 259.63116455078125 339.7557373046875 0.84905595 1.6969807 0.4999703 -4.179931 1.5955814 7.534094 0.12367486953735352 0.47395288944244385
Pedestrian 0.0 0 0.3255247473716736 257.32391357421875 163.4440460205078 325.1737976074219 292.44769287109375 0.67352957 1.694233 0.6667073 -4.2579427 1.4584292 9.792067 -0.08464749157428741 0.46838176250457764
Pedestrian 0.0 0 1.0723353624343872 505.7934875488281 167.0525360107422 520.4655151367188 197.70777893066406 1.0880356 1.8726213 0.43268493 -5.462426 0.9908208 44.44633 0.9500491619110107 0.31333962082862854
Pedestrian 0.0 0 0.8404636979103088 142.786376953125 152.33755493164062 167.79733276367188 208.18136596679688 0.46169874 1.8888586 0.5652792 -15.319319 0.90354633 24.630327 0.2840464115142822 0.30403733253479004
Pedestrian 0.0 0 -3.2295563220977783 745.3821411132812 173.86843872070312 773.0558471679688 235.23825073242188 0.7036715 1.6825317 0.5771901 4.361503 1.4744575 20.022137 -3.015072822570801 0.30161088705062866
Pedestrian 0.0 0 0.41515451669692993 170.7470245361328 170.09320068359375 192.17990112304688 198.5376739501953 1.0787572 1.8474913 0.5557851 -27.461002 1.1073065 46.991127 -0.11370567977428436 0.2818381190299988
Pedestrian 0.0 0 -2.4222941398620605 307.5914611816406 166.60781860351562 367.6534118652344 277.68896484375 0.6449857 1.6160731 0.55358464 -4.0132675 1.4007249 10.821647 -2.7774264812469482 0.27644526958465576
Pedestrian 0.0 0 -0.3076387047767639 525.0484619140625 167.8605194091797 574.1079711914062 214.66485595703125 1.8175317 1.7781701 0.55326676 -2.0294359 1.2610108 27.882261 -0.3802964985370636 0.1985616683959961
Cyclist 0.0 0 1.6018344163894653 481.80621337890625 165.12744140625 507.02105712890625 231.35987854003906 1.6602417 1.7159184 0.6286611 -2.9172776 1.2929195 19.468954 1.4530984163284302 0.8407005667686462
Cyclist 0.0 0 -0.3937670588493347 528.9708862304688 167.95013427734375 576.7495727539062 214.01571655273438 1.7843267 1.7504721 0.53843766 -1.9028867 1.2366092 27.932323 -0.4617868661880493 0.4527576267719269
Cyclist 0.0 0 -2.758354663848877 330.1817321777344 149.1931915283203 435.18408203125 307.24652099609375 1.0079089 1.780206 0.67073673 -2.6047578 1.4176757 8.465037 -3.056867837905884 0.19001774489879608
Car 0.0 0 1.8039897680282593 312.5425109863281 182.93130493164062 454.36810302734375 278.3908996582031 4.140555 1.5301877 1.6382134 -3.9847453 1.5628809 13.683526 1.5206189155578613 0.9018722772598267
Car 0.0 0 0.020261064171791077 560.31640625 173.52105712890625 660.5968017578125 211.5767822265625 4.024435 1.5236533 1.6645173 0.36679888 1.2051975 29.65513 0.03262925148010254 0.36244234442710876
