Pedestrian 0.0 0 -0.6464215517044067 1103.5562744140625 132.35121154785156 1177.6663818359375 240.53610229492188 0.85505974 1.736991 0.47964948 8.783763 0.9491631 11.772943 -0.005422722548246384 0.766078770160675
Pedestrian 0.0 0 3.255370855331421 347.8539123535156 164.38929748535156 392.1826477050781 254.60728454589844 0.78715366 1.7597576 0.5587352 -4.6552873 1.4272541 14.360845 2.941894054412842 0.5182232856750488
Pedestrian 0.0 0 -2.658848524093628 524.180419921875 170.01031494140625 549.5942993164062 212.67230224609375 0.7216012 1.6607225 0.78558284 -2.5720356 1.2144731 28.461288 -2.7489733695983887 0.5045078992843628
Pedestrian 0.0 0 -0.949597954750061 1073.1148681640625 134.6713104248047 1138.15673828125 237.52928161621094 0.8102946 1.7424222 0.5663236 8.775984 0.9504231 12.5681095 -0.3400314152240753 0.4973578155040741
Pedestrian 0.0 0 2.4244141578674316 332.0189514160156 173.55589294433594 382.5183410644531 263.7051086425781 0.8191437 1.8273475 0.5872156 -5.1503243 1.6675605 15.059748 2.094890594482422 0.4090113937854767
Pedestrian 0.0 0 1.3274528980255127 1069.3291015625 136.76461791992188 1108.5379638671875 212.8636932373047 0.7432863 1.8380111 0.64208966 12.039889 0.75871813 17.806643 1.9219894409179688 0.2673342525959015
Pedestrian 0.0 0 -0.7836043238639832 1033.58349609375 125.37953186035156 1100.200927734375 242.3278350830078 0.6766394 1.7495081 0.54268956 7.128449 0.9112713 11.079871 -0.21190451085567474 0.23649980127811432
Pedestrian 0.0 0 -2.646259069442749 430.5069274902344 182.76271057128906 484.2349548339844 271.9148864746094 0.8569522 1.7114441 0.60894257 -2.8841748 1.7384081 14.214795 -2.8464410305023193 0.21283048391342163
Pedestrian 0.0 0 -0.6196675896644592 698.118896484375 180.36495971679688 729.5811767578125 236.30953979492188 0.7106044 1.6838464 0.6474103 3.4232805 1.6508052 22.06696 -0.4657628536224365 0.18542027473449707
Pedestrian 0.0 0 -1.9257593154907227 1184.54345703125 138.30731201171875 1238.0 237.71560668945312 0.92850715 1.8387786 0.6539826 11.784896 1.041097 13.832928 -1.220137119293213 0.18370994925498962
Pedestrian 0.0 0 3.1829965114593506 0.0 109.13426971435547 87.46575927734375 288.76605224609375 0.8441677 1.7622281 0.6693022 -5.9839463 1.0536739 7.563191 2.513648509979248 0.17279143631458282
Cyclist 0.0 0 2.80720853805542 688.1671142578125 157.42630004882812 723.5031127929688 193.28921508789062 1.6674156 1.8177972 0.6722681 5.352378 0.5984348 36.895687 2.9512712955474854 0.4083158075809479
Car 0.0 0 -1.8496184349060059 733.0132446289062 145.98358154296875 909.30615234375 289.1293640136719 3.7496746 1.8402482 1.5601022 3.126075 1.38499 11.1104965 -1.5753469467163086 0.9415455460548401
Car 0.0 0 -0.9496144652366638 1018.4650268554688 188.8544464111328 1238.0 374.0 4.052561 1.466272 1.5635085 4.531587 1.5145257 3.671292 -0.05972112715244293 0.468587726354599
Car 0.0 0 -1.3735328912734985 524.4338989257812 174.29933166503906 566.8825073242188 204.0563201904297 3.4148712 1.4625392 1.5474409 -2.8386858 1.10952 37.091423 -1.449916124343872 0.17275166511535645
