Pedestrian 0.0 0 -1.3346166610717773 878.1867065429688 135.0826416015625 901.5974731445312 186.4254150390625 0.625637 1.9342215 0.71009314 10.680363 0.51163036 27.638758 -0.9658655524253845 0.2695617377758026
Pedestrian 0.0 0 1.0526745319366455 860.061767578125 128.99359130859375 900.5885009765625 197.01182556152344 0.91910785 1.860976 0.700307 7.528549 0.66131526 20.248554 1.4086426496505737 0.21005940437316895
Pedestrian 0.0 0 -2.124485492706299 1223.3074951171875 139.6168670654297 1242.0 183.275634765625 0.7188828 1.8646295 0.6429536 27.10379 0.445457 31.219923 -1.4095443487167358 0.18631717562675476
Cyclist 0.0 0 1.2356563806533813 751.7823486328125 146.93270874023438 816.1509399414062 250.58285522460938 1.8399963 1.7952338 0.58214396 3.1499798 1.3466315 13.439803 1.4658777713775635 0.955230712890625
Car 0.0 0 -1.623483419418335 584.1535034179688 175.95326232910156 611.6066284179688 200.15745544433594 3.6312823 1.5466965 1.6476583 -0.87753004 1.7632194 48.45307 -1.6415923833847046 0.8006391525268555
Car 0.0 0 2.1297659873962402 85.60482025146484 195.83718872070312 194.99586486816406 239.36749267578125 4.1600294 1.5120499 1.7932218 -19.000399 2.5145283 29.364464 1.5554643869400024 0.4823792576789856
Car 0.0 0 -1.3791767358779907 480.1734924316406 179.06857299804688 507.78607177734375 197.177734375 4.1145773 1.5168452 1.6645625 -10.264833 2.085943 63.94713 -1.538339614868164 0.42836669087409973
Car 0.0 0 1.6774693727493286 441.79132080078125 178.45846557617188 482.3401184082031 210.16323852539062 3.8490837 1.4856696 1.6098318 -7.4665747 1.7850701 36.50476 1.475715160369873 0.34038278460502625
Car 0.0 0 1.9013687372207642 238.19261169433594 187.846923828125 377.4501037597656 264.7900695800781 4.410618 1.4909967 1.677384 -6.9973946 1.8936136 17.106028 1.5130763053894043 0.32672715187072754
Car 0.0 0 2.0183284282684326 216.6766815185547 179.50868225097656 288.3089294433594 212.39154052734375 4.4466314 1.6589291 1.7642447 -19.515127 2.044536 39.535236 1.5598031282424927 0.18745313584804535
Car 0.0 0 1.7218647003173828 402.7640075683594 177.66793823242188 458.8744812011719 217.2161102294922 4.1446085 1.4562448 1.5976552 -7.216416 1.6658384 29.222193 1.479758858680725 0.17597003281116486
