Pedestrian 0.0 0 2.678675889968872 812.05810546875 99.5287857055664 927.74609375 282.0727233886719 0.9768557 1.7796819 0.51153624 2.6677854 0.9818877 7.309876 3.0286121368408203 0.2546122074127197
Pedestrian 0.0 0 -1.4425995349884033 172.26425170898438 164.58102416992188 191.96847534179688 206.92945861816406 0.48776922 1.8543582 0.6980604 -18.5802 1.114463 31.812582 -1.97121000289917 0.18392324447631836
Car 0.0 0 -1.5813202857971191 544.1039428710938 169.91317749023438 573.184814453125 196.11297607421875 3.748692 1.4661314 1.627058 -2.5300195 0.8185434 42.12218 -1.6413120031356812 0.9323617815971375
Car 0.0 0 -0.3997390866279602 350.1697082519531 171.32521057128906 489.36798095703125 224.0323944091797 4.3098836 1.660094 1.6731476 -6.181871 1.3407288 24.587797 -0.6460540294647217 0.5587417483329773
Car 0.0 0 2.1006276607513428 327.4462585449219 178.21038818359375 391.0540466308594 208.01637268066406 3.6406007 1.496697 1.5650519 -12.748589 1.3323869 38.010303 1.7770198583602905 0.5471554398536682
Car 0.0 0 -1.4333502054214478 581.0306396484375 169.31277465820312 603.6748657226562 186.8293914794922 3.6101964 1.5463178 1.5803784 -0.76367307 0.47087497 65.299934 -1.4450445175170898 0.44167083501815796
Car 0.0 0 -1.3841079473495483 601.3587036132812 167.29824829101562 628.2675170898438 187.00706481933594 3.648603 1.5699956 1.567671 1.158761 0.43920738 59.16582 -1.3645254373550415 0.26093316078186035
Car 0.0 0 0.021092236042022705 6.229458808898926 156.1451416015625 122.64189147949219 196.83119201660156 3.8562267 1.6177808 1.6860198 -22.603466 0.6106113 30.36532 -0.6188051104545593 0.24645507335662842
Car 0.0 0 2.937514305114746 81.9571304321289 171.51821899414062 174.0432891845703 198.1572723388672 4.2570896 1.4801394 1.6232144 -27.614704 0.9263354 41.989468 2.355774402618408 0.2245158702135086
Car 0.0 0 -1.4692318439483643 4.2603254318237305 169.0798797607422 64.09223937988281 208.6700439453125 3.789472 1.6734581 1.7445618 -25.536648 1.149439 32.42826 -2.1362926959991455 0.2146737277507782
Car 0.0 0 1.693304181098938 380.2569885253906 182.64974975585938 425.8481750488281 218.6417236328125 4.158821 1.4677159 1.4349817 -8.669658 1.5226551 31.588375 1.4254426956176758 0.19514717161655426
