Pedestrian 0.0 0 -1.5785311460494995 825.2511596679688 167.6229248046875 842.0820922851562 211.31411743164062 0.7661853 1.7532539 0.6471009 9.071061 1.5436977 29.411253 -1.2793662548065186 0.3246616721153259
Cyclist 0.0 0 -1.5785311460494995 825.2511596679688 167.6229248046875 842.0820922851562 211.31411743164062 0.7661853 1.7532539 0.6471009 9.071061 1.5436977 29.411253 -1.2793662548065186 0.11226387321949005
Car 0.0 0 -1.3233896493911743 451.6471252441406 176.15884399414062 597.7327270507812 279.7191162109375 3.6974642 1.4682493 1.5858324 -1.33181 1.5338104 12.291918 -1.4313170909881592 0.979168713092804
Car 0.0 0 2.161360740661621 0.0 176.92857360839844 470.0513000488281 375.0 3.5604396 1.4838482 1.5592006 -2.482421 1.5255276 5.43199 1.7327007055282593 0.9117611050605774
Car 0.0 0 1.708890438079834 619.884033203125 166.9716339111328 669.1747436523438 205.3777618408203 3.9057112 1.5786551 1.6429405 1.5382996 1.3372225 31.726837 1.757338285446167 0.906981348991394
Car 0.0 0 -1.7094471454620361 770.8731689453125 178.1183624267578 843.3504028320312 242.17025756835938 2.4746044 1.5445796 1.4930371 5.0583367 1.6927171 18.932833 -1.4483723640441895 0.8961173892021179
Car 0.0 0 -1.9747910499572754 886.1345825195312 204.606689453125 1242.0 375.0 3.3833735 1.4376706 1.5246071 2.7860022 1.7098069 4.38033 -1.4083025455474854 0.8754056692123413
Car 0.0 0 -1.613020658493042 765.18359375 181.63363647460938 819.4022827148438 232.74417114257812 3.4194846 1.5058453 1.5678685 5.87839 1.8171071 23.716589 -1.3700573444366455 0.8712266683578491
Car 0.0 0 0.29185062646865845 463.8064270019531 165.9454345703125 575.8089599609375 206.61404418945312 3.7491372 1.4136406 1.5168606 -3.2775784 1.1738569 26.137554 0.16710448265075684 0.778214693069458
Car 0.0 0 -1.4520723819732666 739.4158325195312 173.538330078125 766.6534423828125 194.44784545898438 3.9647007 1.5436165 1.5998037 11.014736 1.5986713 55.535927 -1.2562780380249023 0.3943605124950409
