Car 0.0 0 -1.8357315063476562 728.560791015625 192.4447784423828 943.4545288085938 336.6756286621094 4.092361 1.4272606 1.6357638 2.6939058 1.7479283 9.744344 -1.5660098791122437 0.9808938503265381
Car 0.0 0 -1.2672127485275269 240.77685546875 198.98764038085938 470.9343566894531 350.3960266113281 4.273423 1.4452844 1.6465176 -3.153691 1.8772006 9.768603 -1.5794893503189087 0.9503356218338013
Car 0.0 0 -1.7600741386413574 664.1259765625 191.5878448486328 748.6936645507812 252.23191833496094 3.8020754 1.4373641 1.6390755 2.5509202 2.0142534 20.25292 -1.634780764579773 0.9499577879905701
Car 0.0 0 -1.4690250158309937 485.0271911621094 194.23779296875 547.4710083007812 247.70408630371094 3.8258271 1.4149696 1.5530448 -2.8954391 2.141585 22.570517 -1.5966123342514038 0.9496460556983948
Car 0.0 0 -1.788264274597168 693.0224609375 192.7910919189453 814.1239013671875 276.9412841796875 3.985196 1.4114449 1.6093222 2.7849584 1.884243 15.075815 -1.6055934429168701 0.949428915977478
Car 0.0 0 -1.6019726991653442 636.5671997070312 186.3442840576172 664.9080200195312 213.47317504882812 3.7986064 1.4833689 1.5710392 2.372309 2.3287005 43.27402 -1.5472068786621094 0.9052484631538391
Car 0.0 0 -1.7189463376998901 658.9859619140625 175.96722412109375 722.71484375 229.02716064453125 3.8384492 1.6649003 1.6092837 2.6532838 1.780768 24.81747 -1.6124389171600342 0.8960770964622498
Car 0.0 0 2.0626742839813232 0.0 209.33128356933594 366.52410888671875 375.0 3.6299717 1.4556011 1.5282131 -2.8037825 1.7735868 4.4135213 1.4967231750488281 0.8898694515228271
Car 0.0 0 1.6086276769638062 526.906494140625 185.38426208496094 566.554443359375 222.61453247070312 4.1980815 1.5452336 1.6777468 -2.920248 2.1648908 33.521072 1.5217303037643433 0.8697356581687927
Car 0.0 0 1.6954950094223022 559.5139770507812 184.2727508544922 585.8374633789062 204.5160675048828 4.219457 1.558715 1.6819252 -3.0981796 2.5455117 60.163666 1.6440446376800537 0.6284906268119812
