Pedestrian 0.0 0 -1.7229230403900146 771.9370727539062 152.6388702392578 800.7938842773438 224.60267639160156 0.8450037 1.7831714 0.58793116 4.421518 1.2826242 18.32189 -1.486126184463501 0.7596384286880493
Pedestrian 0.0 0 2.7247202396392822 786.8983154296875 121.65811920166016 853.6780395507812 250.5926513671875 0.76513654 1.6590006 0.3596334 2.7133024 1.0006211 9.512373 3.0025806427001953 0.1894654780626297
Pedestrian 0.0 0 -1.2442607879638672 394.9341735839844 159.73275756835938 420.0832824707031 207.94647216796875 1.0399727 1.8336931 0.64064753 -7.8856554 1.3350157 27.975077 -1.5190132856369019 0.17513860762119293
Cyclist 0.0 0 1.895621418952942 296.3293151855469 173.1365203857422 395.22332763671875 332.50762939453125 1.7872895 1.7234458 0.58061975 -3.1811566 1.7275654 8.703963 1.5452197790145874 0.8676305413246155
Cyclist 0.0 0 -1.2442607879638672 394.9341735839844 159.73275756835938 420.0832824707031 207.94647216796875 1.0399727 1.8336931 0.64064753 -7.8856554 1.3350157 27.975077 -1.5190132856369019 0.15118876099586487
Car 0.0 0 1.8022366762161255 460.5664367675781 181.12637329101562 527.1998901367188 223.7972869873047 4.117945 1.5077019 1.6889079 -4.5257607 1.8582603 28.427212 1.6443564891815186 0.9547348618507385
Car 0.0 0 2.0028300285339355 58.983436584472656 190.32870483398438 346.8227844238281 344.176025390625 4.2971234 1.508645 1.650833 -5.1245413 1.7983932 9.758068 1.5192581415176392 0.9391120672225952
Car 0.0 0 -1.5304585695266724 669.38134765625 173.58880615234375 712.3317260742188 212.17474365234375 3.5906255 1.509155 1.643651 3.391052 1.5421948 30.189201 -1.4186007976531982 0.8169138431549072
Car 0.0 0 -1.5427765846252441 717.8406372070312 170.08717346191406 751.0728149414062 202.36239624023438 4.2093782 1.689857 1.700051 6.9093547 1.5453496 40.006527 -1.3717578649520874 0.25221964716911316
Car 0.0 0 -1.4117870330810547 637.5263671875 173.24237060546875 659.0924682617188 189.44815063476562 3.6285973 1.4940044 1.4916896 3.6453247 1.532294 68.53876 -1.358650803565979 0.21834024786949158
