Pedestrian 0.0 0 1.8763443231582642 389.43682861328125 152.0008087158203 416.2029113769531 203.05322265625 0.95728666 1.8829592 0.71268106 -7.8159075 1.114192 27.09694 1.5955241918563843 0.26572081446647644
Pedestrian 0.0 0 -2.072497606277466 790.129150390625 153.9669189453125 823.8216552734375 215.93234252929688 0.90270996 1.833015 0.6260143 5.9116197 1.2746698 21.853575 -1.8083100318908691 0.1751074194908142
Pedestrian 0.0 0 -1.1498467922210693 395.2904968261719 180.38955688476562 434.03448486328125 258.6169738769531 0.5934704 1.6722742 0.6345003 -4.3297462 1.8415494 15.829371 -1.4168422222137451 0.17293551564216614
Car 0.0 0 1.265671968460083 761.0187377929688 184.96163940429688 1020.4668579101562 345.46026611328125 3.8987494 1.4368728 1.6995658 2.9867606 1.6167196 8.723848 1.5955309867858887 0.9581059217453003
Car 0.0 0 -1.6359410285949707 706.4232788085938 166.18650817871094 757.0101318359375 214.35678100585938 3.6817472 1.6569 1.5949472 4.3983808 1.4279175 26.725832 -1.472828984260559 0.9539147615432739
Car 0.0 0 -2.899402379989624 394.460205078125 176.120361328125 532.21240234375 223.18441772460938 4.1548314 1.4740548 1.6010411 -4.776643 1.5853151 23.607388 -3.099043846130371 0.9193044304847717
Car 0.0 0 1.6997753381729126 549.1527709960938 167.35308837890625 607.9080200195312 217.45172119140625 4.2365427 1.7621106 1.7083628 -1.1622552 1.5689858 27.560144 1.6576287746429443 0.9105448126792908
Car 0.0 0 1.6555333137512207 589.6260986328125 174.12376403808594 627.4461669921875 206.33868408203125 3.7609801 1.5117837 1.5730598 -0.06342753 1.5788231 35.94968 1.6537690162658691 0.6522507071495056
Car 0.0 0 1.762030005455017 612.2877807617188 167.29722595214844 648.9697265625 194.51870727539062 4.086903 1.7031802 1.6591786 1.3680176 1.3558639 47.317337 1.7909334897994995 0.34396207332611084
Car 0.0 0 -1.449773907661438 602.2905883789062 172.65762329101562 636.4323120117188 199.0834197998047 3.5975535 1.4710027 1.5684097 0.55112594 1.4604294 42.04944 -1.436668038368225 0.18059179186820984
