Pedestrian 0.0 0 -3.0582075119018555 991.2423706054688 149.91224670410156 1024.3577880859375 224.4116973876953 0.69374466 1.8710653 0.6038133 10.334345 1.1044431 18.19769 -2.5417304039001465 0.4784749746322632
Pedestrian 0.0 0 -0.5243748426437378 992.6478881835938 121.19418334960938 1064.126708984375 247.8152618408203 0.7750113 1.715786 0.35081136 5.7878695 0.9138299 9.755623 0.011092901229858398 0.4511553645133972
Pedestrian 0.0 0 -1.6032085418701172 1020.802490234375 142.8606719970703 1039.30615234375 185.01548767089844 0.6706349 1.9534835 0.722728 19.955738 0.21070454 33.229004 -1.0623834133148193 0.2680552303791046
Pedestrian 0.0 0 0.027577176690101624 769.0490112304688 157.9088592529297 798.0303344726562 189.5872039794922 1.5986056 1.7962867 0.4807542 10.229597 0.5166657 40.53574 0.27477574348449707 0.24229466915130615
Pedestrian 0.0 0 -0.9156897664070129 788.099609375 162.7690887451172 806.67041015625 196.1443328857422 0.7614764 1.7628458 0.6238457 10.2802925 0.82772875 37.819386 -0.650276780128479 0.21485421061515808
Pedestrian 0.0 0 3.551637887954712 119.63465881347656 124.16741180419922 207.47010803222656 262.0594177246094 0.89469826 1.854167 0.54661906 -6.1731906 1.0983611 9.839568 2.991325855255127 0.2113114893436432
Pedestrian 0.0 0 -0.38386887311935425 508.8480224609375 164.7997283935547 521.52099609375 186.6403045654297 0.96409976 1.866911 0.5043231 -7.7163954 0.5260635 60.888252 -0.5099273324012756 0.16207145154476166
Pedestrian 0.0 0 -2.3748626708984375 272.19610595703125 181.54251098632812 325.68310546875 266.71575927734375 0.8065347 1.6918333 0.61205876 -6.3050275 1.7154374 14.477231 -2.785604476928711 0.1385968178510666
Pedestrian 0.0 0 -1.282846450805664 986.1859130859375 146.35169982910156 1006.50830078125 187.364013671875 0.5572698 1.9309534 0.719864 18.658169 0.32462284 33.73647 -0.7776596546173096 0.1297484040260315
Cyclist 0.0 0 1.103988528251648 876.521240234375 158.19285583496094 907.2467041015625 195.58779907226562 1.9102758 1.7211133 0.5446466 13.562117 0.6958766 33.511448 1.4885408878326416 0.39439529180526733
Cyclist 0.0 0 0.010915488004684448 773.08935546875 157.9962921142578 797.0881958007812 190.0147705078125 1.3252549 1.8173337 0.50347733 10.318816 0.5414336 40.540073 0.26015663146972656 0.22474712133407593
Car 0.0 0 0.6534756422042847 563.9043579101562 169.1696319580078 668.70361328125 210.86346435546875 3.7897348 1.4789118 1.5965334 0.36379215 1.0785408 26.874012 0.6670117378234863 0.8694564700126648
Car 0.0 0 -0.8167699575424194 0.0 202.4254608154297 297.44134521484375 370.0 3.9784887 1.4601865 1.6070505 -3.1915298 1.628667 3.3818204 -1.5732274055480957 0.8493327498435974
Car 0.0 0 1.8643584251403809 86.8175277709961 182.6227569580078 134.78146362304688 207.02952575683594 4.087372 1.5879626 1.5869068 -33.87233 1.7416446 48.565933 1.2553457021713257 0.14765727519989014
Car 0.0 0 0.5857740640640259 0.0 193.4285888671875 56.06707000732422 252.37229919433594 3.867234 1.4849908 1.573799 -17.68856 1.8602239 19.354872 -0.154671773314476 0.13997578620910645
