Pedestrian 0.0 0 -2.704854726791382 666.5279541015625 172.53085327148438 688.1309814453125 206.6150360107422 0.8925964 1.721896 0.69461167 3.4142582 1.7059295 36.9736 -2.6127727031707764 0.43042516708374023
Car 0.0 0 -1.9155704975128174 757.632568359375 181.35206604003906 967.0227661132812 309.2569274902344 3.5049903 1.4161534 1.5721298 3.194887 1.5552994 10.001865 -1.6063854694366455 0.9723329544067383
Car 0.0 0 2.0953898429870605 0.0 193.08518981933594 284.5543212890625 348.7779846191406 3.285309 1.4631051 1.5705025 -5.5418835 1.7592729 8.87925 1.537410020828247 0.9702305793762207
Car 0.0 0 1.9269847869873047 216.04991149902344 188.01473999023438 386.6916809082031 287.89300537109375 3.9992373 1.5113112 1.6211538 -5.6124597 1.8392197 13.55851 1.5345160961151123 0.956962525844574
Car 0.0 0 -2.2488038539886475 856.2276611328125 186.6510772705078 1242.0 375.0 4.108034 1.4928625 1.6422652 3.1563764 1.6211202 4.576681 -1.645047903060913 0.9170240759849548
Car 0.0 0 0.9445460438728333 469.7725524902344 179.50245666503906 530.6353149414062 206.0726318359375 3.9284236 1.459488 1.5305084 -6.543122 1.8696357 42.535114 0.7919137477874756 0.8531267642974854
Car 0.0 0 1.7730703353881836 241.63389587402344 177.43502807617188 306.87078857421875 217.76361083984375 4.504892 1.582929 1.6865253 -14.473678 1.7968332 31.246061 1.339280366897583 0.7130705118179321
Car 0.0 0 2.806497573852539 674.76953125 174.71517944335938 731.5045776367188 192.29798889160156 4.3523226 1.4183663 1.6651093 7.672884 1.5760657 59.732185 2.9342527389526367 0.6017600893974304
Car 0.0 0 2.7058470249176025 572.9129028320312 176.65281677246094 625.294189453125 196.93943786621094 3.7623603 1.5278771 1.6326798 -0.8751798 1.8337811 56.47687 2.690351963043213 0.4104594886302948
Car 0.0 0 2.1564548015594482 175.11476135253906 178.94189453125 298.37384033203125 244.5410919189453 3.241243 1.5461031 1.3036922 -9.746446 1.720985 18.998701 1.6824567317962646 0.3581847846508026
