Pedestrian 0.0 0 2.5318620204925537 814.4580078125 100.79157257080078 927.5292358398438 284.4219665527344 0.94630665 1.7766722 0.5318117 2.689963 0.9971684 7.3252144 2.8837943077087402 0.2302403748035431
Pedestrian 0.0 0 -1.443179726600647 131.91799926757812 167.87115478515625 151.92315673828125 207.08062744140625 0.60267484 1.81226 0.71916044 -21.516186 1.1832609 33.624905 -2.012413740158081 0.17362071573734283
Pedestrian 0.0 0 -1.3745793104171753 765.4719848632812 161.98373413085938 777.4044189453125 187.6062774658203 0.93621415 1.863337 0.68474746 12.517002 0.44466597 52.80469 -1.1418317556381226 0.16301637887954712
Pedestrian 0.0 0 -0.21912536025047302 928.4871826171875 128.9862823486328 1048.567626953125 330.0014343261719 0.8934795 1.760069 0.4617522 3.4941287 1.3016467 6.627275 0.26607179641723633 0.15532462298870087
Pedestrian 0.0 0 -1.7823418378829956 668.9736938476562 176.04298400878906 688.8161010742188 217.1197052001953 0.6712313 1.702929 0.7015542 3.2312534 1.4776795 30.148064 -1.675570011138916 0.14399783313274384
Car 0.0 0 -0.967340350151062 463.0652160644531 174.6316680908203 544.0039672851562 213.6720733642578 3.4717252 1.4803442 1.558338 -3.9212377 1.2209356 29.135937 -1.1011207103729248 0.9496604204177856
Car 0.0 0 2.1090493202209473 326.3654479980469 179.77728271484375 395.92529296875 208.35765075683594 4.261116 1.4332973 1.5485445 -12.713652 1.3477812 38.26912 1.7883038520812988 0.6381002068519592
Car 0.0 0 -1.3448745012283325 573.4927368164062 169.8762664794922 607.8341674804688 193.22412109375 3.6890018 1.5210998 1.5453743 -0.6807842 0.7645139 48.762264 -1.3588348627090454 0.5541740655899048
Car 0.0 0 -0.21752607822418213 0.0 165.94032287597656 118.8292465209961 204.25694274902344 4.179318 1.59029 1.645763 -24.160675 0.94548565 31.93545 -0.8652042150497437 0.20117639005184174
Car 0.0 0 2.8841490745544434 43.90386962890625 176.33717346191406 142.82191467285156 209.50860595703125 3.6214135 1.5197314 1.6314768 -24.578506 1.2841299 34.818645 2.2694737911224365 0.18601177632808685
Car 0.0 0 2.963712215423584 91.27543640136719 178.8643035888672 180.8529815673828 205.83154296875 4.1816654 1.5038823 1.6514729 -27.21528 1.357707 42.08797 2.3897109031677246 0.15131120383739471
Car 0.0 0 -1.4276790618896484 0.0 160.48988342285156 41.30375289916992 190.0888214111328 3.8240392 1.5656278 1.6371676 -32.560795 0.4551471 40.054512 -2.110243797302246 0.12236035615205765
