Pedestrian 0.0 0 -0.45088011026382446 741.5018310546875 169.77890014648438 771.5745239257812 228.9545135498047 0.6845036 1.7017032 0.55845094 4.3957915 1.3949683 20.680477 -0.24143965542316437 0.4249969720840454
Pedestrian 0.0 0 -2.651823043823242 250.06651306152344 173.9781494140625 270.70806884765625 204.5735626220703 0.9588572 1.7943836 0.53164715 -20.351645 1.413258 41.7456 -3.105433702468872 0.3536820709705353
Pedestrian 0.0 0 -0.6286670565605164 0.0 148.95162963867188 24.822982788085938 199.6649932861328 0.7693652 1.8597212 0.61332417 -22.304142 0.70432174 26.369944 -1.3307275772094727 0.3038519620895386
Pedestrian 0.0 0 2.0168941020965576 225.62083435058594 158.22044372558594 249.7984161376953 208.7293701171875 0.6442953 1.8852072 0.59179604 -13.901326 1.0551531 26.717016 1.5371251106262207 0.14944611489772797
Pedestrian 0.0 0 -0.003733992576599121 264.25177001953125 170.05543518066406 283.64825439453125 200.1630859375 1.0608658 1.8076746 0.529323 -20.09759 1.1819422 42.912548 -0.4417329430580139 0.14208611845970154
Pedestrian 0.0 0 -1.1634933948516846 91.98725891113281 154.3558807373047 115.3065185546875 197.3235321044922 0.5656975 1.8359761 0.65218145 -21.681875 0.72033453 30.551311 -1.780691385269165 0.13554517924785614
Pedestrian 0.0 0 -1.3895008563995361 697.32275390625 150.36622619628906 711.697021484375 187.7113494873047 0.6772141 1.9166763 0.62789893 5.15583 0.37153137 36.70349 -1.2499415874481201 0.13186338543891907
Pedestrian 0.0 0 0.9782198667526245 800.1113891601562 150.34580993652344 859.3724975585938 255.9979705810547 0.6922983 1.720639 0.68237865 3.7417066 1.2312039 11.938946 1.2819275856018066 0.12551330029964447
Pedestrian 0.0 0 1.31001615524292 818.55908203125 139.30406188964844 868.3845825195312 240.31625366210938 0.8218902 1.7860948 0.67080283 4.303017 1.0593127 12.927531 1.6313377618789673 0.11979211866855621
Cyclist 0.0 0 -1.934999704360962 883.8536376953125 151.2289276123047 912.7944946289062 201.22471618652344 1.5708534 1.7247597 0.4160715 10.403296 0.71649545 25.177763 -1.5431714057922363 0.26852262020111084
Cyclist 0.0 0 -0.7902530431747437 423.4549560546875 168.3789825439453 445.630615234375 195.95350646972656 1.5685518 1.8372433 0.5042783 -11.540245 1.0309607 47.906025 -1.0266425609588623 0.22460868954658508
Car 0.0 0 -1.449225902557373 549.8888549804688 164.71633911132812 574.83251953125 182.9375 3.9649146 1.464411 1.605357 -3.4991734 0.19712771 58.848125 -1.5086170434951782 0.7120382189750671
Car 0.0 0 -1.582624077796936 572.9807739257812 166.82171630859375 590.3607788085938 184.1645965576172 3.438296 1.5561659 1.5569457 -2.147573 0.3299894 65.19038 -1.6155552864074707 0.348939448595047
Car 0.0 0 -1.2925448417663574 854.5111694335938 150.6331024169922 896.759033203125 180.35723876953125 4.4834695 2.149371 1.8236748 20.520603 -0.010034621 53.485546 -0.9261980056762695 0.12725047767162323
Car 0.0 0 -2.5528812408447266 190.9359130859375 171.11825561523438 275.8473815917969 199.89842224121094 4.3126073 1.6928965 1.7129732 -22.392948 1.1424189 42.66332 -3.03623104095459 0.11917638033628464
Car 0.0 0 3.7646193504333496 33.30184555053711 157.742431640625 127.92863464355469 188.35946655273438 3.6642025 1.5437818 1.626687 -27.020294 0.3977203 36.48574 3.1271800994873047 0.11524592339992523
