Pedestrian 0.0 0 -1.8371751308441162 679.9611206054688 162.29803466796875 698.3402099609375 197.30979919433594 1.0243136 1.869549 0.74511266 4.2467175 1.306243 39.09019 -1.728960633277893 0.3160155117511749
Pedestrian 0.0 0 -2.7401037216186523 700.1655883789062 161.63238525390625 715.650390625 195.98428344726562 0.64021546 1.9079531 0.6993075 5.467303 1.2850463 40.536533 -2.60603928565979 0.26343709230422974
Cyclist 0.0 0 1.7204294204711914 542.1119995117188 175.1844024658203 560.441162109375 210.52294921875 1.9334635 1.7150432 0.6362005 -2.9665926 1.8352896 36.130882 1.6385064125061035 0.7791365385055542
Car 0.0 0 -1.7646539211273193 675.0870361328125 174.2223663330078 781.5036010742188 254.66140747070312 3.5693216 1.5643306 1.6216084 2.4295373 1.5983102 15.908482 -1.613105297088623 0.9726623892784119
Car 0.0 0 1.816527247428894 367.5666198730469 184.84469604492188 464.6596374511719 250.89329528808594 3.7841861 1.5331674 1.631787 -5.1175203 1.8865736 19.33938 1.5578398704528809 0.9476253390312195
Car 0.0 0 -0.9250366687774658 0.0 190.886474609375 252.9680938720703 375.0 4.133839 1.6134915 1.6843967 -4.5469255 1.8032104 5.4693975 -1.6185970306396484 0.8963481783866882
Car 0.0 0 1.7416855096817017 472.5682678222656 180.4072265625 521.1941528320312 214.21685791015625 4.2331104 1.5054606 1.6474066 -5.4874506 1.8966945 35.206814 1.5870662927627563 0.734341025352478
Car 0.0 0 -1.5195256471633911 630.0975341796875 177.61085510253906 654.4051513671875 199.64939880371094 3.8897624 1.6271365 1.6948222 2.5159438 2.0110362 56.15733 -1.4747538566589355 0.7215902805328369
Car 0.0 0 1.7985633611679077 519.1002807617188 184.6555938720703 551.8043823242188 208.4247283935547 3.7865849 1.6341498 1.6020308 -5.5194387 2.5427296 53.546642 1.6958489418029785 0.35866913199424744
Car 0.0 0 -0.2592538297176361 814.7384033203125 178.3909149169922 1014.2504272460938 247.4261474609375 3.943163 1.4691049 1.5505615 6.790226 1.6042813 16.541172 0.13027524948120117 0.2854683995246887
