Pedestrian 0.0 0 -2.9246327877044678 415.04217529296875 143.82408142089844 523.9068603515625 297.99066162109375 1.1961747 1.801208 0.6090202 -1.67157 1.3743874 8.574875 -3.117156505584717 0.653303325176239
Pedestrian 0.0 0 -1.7388936281204224 838.0780029296875 174.51931762695312 870.2462158203125 243.3629608154297 0.8548494 1.6886959 0.62750196 6.230733 1.5435911 17.812506 -1.402401089668274 0.15097492933273315
Pedestrian 0.0 0 -0.5211977958679199 821.4017944335938 191.87442016601562 867.4332885742188 280.1703796386719 0.5812929 1.6835135 0.7171764 4.6870847 1.916856 13.990112 -0.1979224681854248 0.14511653780937195
Pedestrian 0.0 0 -0.6013001799583435 973.052734375 151.6256561279297 1027.4910888671875 256.3214416503906 0.5443915 1.6733475 0.58447176 6.439109 1.2135048 11.612493 -0.09500984847545624 0.13938312232494354
Pedestrian 0.0 0 3.2569804191589355 261.28338623046875 165.9484100341797 297.3349609375 257.1496887207031 0.568634 1.7128488 0.60422754 -6.3230968 1.4411919 13.650029 2.8231794834136963 0.11808096617460251
Pedestrian 0.0 0 -0.5536879897117615 755.7658081054688 134.0642852783203 819.164306640625 237.69259643554688 0.8249861 1.7486714 0.7095099 3.1443236 0.96674246 12.388378 -0.305124431848526 0.11016964167356491
Pedestrian 0.0 0 1.4918931722640991 472.81396484375 174.00762939453125 506.2319641113281 257.10369873046875 0.6676067 1.7081614 0.6435493 -2.4862707 1.5763253 14.931085 1.3268907070159912 0.10220324248075485
Pedestrian 0.0 0 2.900247573852539 638.4963989257812 166.476318359375 696.425048828125 270.19805908203125 0.9440517 1.8516656 0.5915328 1.0948714 1.6029538 12.9834585 2.9843766689300537 0.1018894761800766
Cyclist 0.0 0 -1.668161392211914 869.3781127929688 138.1376953125 901.8161010742188 252.71481323242188 1.7117386 1.7745808 0.32934958 4.6255045 1.1201274 11.814231 -1.2949869632720947 0.10381568223237991
Car 0.0 0 -2.756499767303467 287.9796447753906 201.6103515625 454.8355407714844 260.2728576660156 4.0016494 1.4631505 1.6194605 -6.3185225 2.0678833 19.252945 -3.0736093521118164 0.16063851118087769
Car 0.0 0 -1.5435792207717896 777.8241577148438 184.20718383789062 861.4476928710938 258.46124267578125 3.5341024 1.4179146 1.577871 4.733965 1.5115018 15.614213 -1.2492047548294067 0.14038656651973724
