Pedestrian 0.0 0 1.1534565687179565 860.02783203125 164.70458984375 887.5661010742188 211.43333435058594 0.9672694 1.8639319 0.7179898 10.657094 1.5392238 29.285225 1.5024664402008057 0.7134472131729126
Pedestrian 0.0 0 -0.7155300378799438 0.0 179.295166015625 64.84196472167969 310.0408630371094 0.9669959 1.7743824 0.54482836 -8.559347 1.8719274 10.362474 -1.4059215784072876 0.1712060272693634
Pedestrian 0.0 0 -1.5974384546279907 350.99078369140625 165.08460998535156 364.9027404785156 209.64010620117188 0.45798117 1.8631293 0.54214567 -10.690667 1.5386034 30.479511 -1.9347805976867676 0.1597548872232437
Pedestrian 0.0 0 -1.3250497579574585 251.15122985839844 174.6223907470703 281.27490234375 239.55836486816406 0.8175688 1.840404 0.60998714 -10.012754 1.8932042 20.933392 -1.771199345588684 0.13544121384620667
Pedestrian 0.0 0 -1.7132598161697388 653.4786376953125 180.50950622558594 673.5296020507812 223.7388153076172 0.65272295 1.7312568 0.7274678 2.131912 2.0469716 29.36888 -1.6407960653305054 0.10478099435567856
Car 0.0 0 1.858208179473877 343.3942565917969 189.6746063232422 532.026123046875 313.3415222167969 3.8699324 1.4020857 1.6409924 -2.3655493 1.6984229 10.706022 1.6407470703125 0.9760600924491882
Car 0.0 0 1.7741495370864868 559.2315063476562 181.46957397460938 617.3887939453125 224.5652313232422 3.477451 1.4895742 1.5467045 -0.8068127 1.8406326 27.52137 1.7448420524597168 0.9192839860916138
Car 0.0 0 1.7460614442825317 545.074462890625 180.85830688476562 586.7520141601562 211.2113037109375 4.010611 1.5145874 1.584727 -2.375276 1.9727507 39.182682 1.6855149269104004 0.22435599565505981
Car 0.0 0 -1.6397874355316162 638.1934814453125 177.85098266601562 670.6561279296875 205.48170471191406 3.335693 1.426165 1.5405921 2.3603554 1.711838 39.52035 -1.5801331996917725 0.12293896079063416
Car 0.0 0 1.756328821182251 386.5975036621094 186.27517700195312 487.2615051269531 256.662109375 4.294496 1.4743283 1.6775573 -4.244806 1.8524786 18.125357 1.5262831449508667 0.10979839414358139
