Pedestrian 0.0 0 -0.010796351358294487 599.0433349609375 156.58799743652344 615.1851806640625 196.4110107421875 0.7471781 1.8454621 0.7005132 -0.17821437 1.0920277 33.79069 -0.016070369631052017 0.27200499176979065
Pedestrian 0.0 0 1.7618581056594849 534.6572265625 157.2814178466797 550.1643676757812 194.78855895996094 0.8728227 1.8716749 0.62723124 -3.449583 1.0949324 36.467957 1.6675465106964111 0.2643541395664215
Pedestrian 0.0 0 -0.8416025042533875 0.0 150.93946838378906 24.71054458618164 196.97763061523438 0.7639038 1.9281825 0.6837412 -25.528154 1.0107106 30.610264 -1.5367186069488525 0.25264772772789
Cyclist 0.0 0 -0.2168935239315033 801.5778198242188 154.7234344482422 861.9495849609375 209.73936462402344 1.7921473 1.7625155 0.5896102 7.1558123 1.1820343 23.477333 0.07895803451538086 0.6469448804855347
Cyclist 0.0 0 -3.366130828857422 858.1689453125 177.14178466796875 947.4500732421875 250.2591094970703 1.8769163 1.6833789 0.58119684 6.8618407 1.7879143 17.094023 -2.984402894973755 0.3177681863307953
Car 0.0 0 2.4963786602020264 1005.1749267578125 174.08285522460938 1225.8974609375 250.11135864257812 3.4036512 1.426353 1.4732951 9.914293 1.452555 14.365941 3.1004462242126465 0.9540672898292542
Car 0.0 0 2.3611059188842773 0.0 179.99476623535156 80.79373931884766 315.5287170410156 4.3318634 1.8824427 1.7064685 -11.6780615 2.027731 12.445933 1.6075271368026733 0.6858843564987183
Car 0.0 0 1.407665491104126 118.85356903076172 186.43997192382812 203.31643676757812 236.51400756835938 4.0430307 1.3739101 1.6349286 -14.393961 1.8454987 22.967192 0.8478314876556396 0.5921276807785034
Car 0.0 0 0.6331612467765808 191.11927795410156 179.31259155273438 308.93878173828125 219.94088745117188 3.870294 1.4934019 1.6480178 -13.984463 1.7548158 28.021757 0.17026805877685547 0.5091915726661682
Car 0.0 0 1.4301446676254272 21.999610900878906 186.42979431152344 106.19477081298828 240.4836883544922 4.1746306 1.4576036 1.5080696 -17.098433 1.9183738 22.464052 0.779547929763794 0.48903241753578186
Car 0.0 0 0.2706785500049591 162.2350616455078 148.06112670898438 281.05023193359375 186.52093505859375 4.3366156 1.6313509 1.6722056 -17.102388 0.58006895 31.89481 -0.22151747345924377 0.26187992095947266
