Pedestrian 0.0 0 1.2638994455337524 1020.9508666992188 142.50685119628906 1048.9757080078125 196.94461059570312 0.72464985 1.9135022 0.674573 15.137346 0.84714967 25.787678 1.7947046756744385 0.22286251187324524
Pedestrian 0.0 0 1.3641928434371948 1036.349853515625 137.4416961669922 1066.8739013671875 201.5022430419922 0.7409026 1.9816303 0.68312204 13.88854 0.88655436 22.780426 1.9116922616958618 0.20693014562129974
Pedestrian 0.0 0 -1.8044342994689941 966.8483276367188 140.05162048339844 989.2160034179688 187.396484375 0.6165811 1.9368994 0.7010474 15.203653 0.5952976 29.897596 -1.3339905738830566 0.20088309049606323
Pedestrian 0.0 0 1.2889138460159302 1124.6881103515625 156.68209838867188 1158.3419189453125 225.8391876220703 0.61179096 1.8272525 0.5820965 14.271898 1.4003204 19.4489 1.9219759702682495 0.11899895966053009
Cyclist 0.0 0 -1.6024858951568604 940.7086791992188 158.2155303955078 953.8479614257812 197.62252807617188 1.7167853 1.6958791 0.46959335 14.878463 1.0662708 31.930151 -1.1664316654205322 0.16026298701763153
Car 0.0 0 1.7383185625076294 592.38623046875 173.15199279785156 623.1521606445312 195.32984924316406 4.4119754 1.6877284 1.7325462 -0.15861744 1.7127041 57.286564 1.7355496883392334 0.7277895212173462
Car 0.0 0 1.8115829229354858 279.7190246582031 185.40505981445312 335.39080810546875 220.51849365234375 4.1535807 1.5078735 1.521468 -14.502233 2.1496596 34.70241 1.4157390594482422 0.7092406153678894
Car 0.0 0 1.6912834644317627 407.1512451171875 180.1399688720703 432.4227600097656 201.0107421875 3.8510706 1.5929918 1.5308739 -15.407946 2.2042835 58.48658 1.4336920976638794 0.2268005609512329
Car 0.0 0 1.9714322090148926 301.57733154296875 165.69529724121094 352.3699645996094 195.6080322265625 3.915312 1.8810209 1.7120863 -18.537437 1.431214 47.3506 1.5982807874679565 0.19939574599266052
Car 0.0 0 1.4993319511413574 490.2873229980469 181.6112518310547 512.7791137695312 202.05641174316406 3.9647586 1.54502 1.5162976 -8.834698 2.2799807 58.42304 1.3492496013641357 0.13530905544757843
