Car 0.0 0 -1.0649441480636597 71.63817596435547 194.8107452392578 353.9022521972656 338.54071044921875 3.392453 1.3696203 1.5230279 -4.557314 1.5110688 8.792105 -1.5431572198867798 0.969031572341919
Car 0.0 0 -1.5386888980865479 577.6549682617188 177.01419067382812 661.5225219726562 247.74923706054688 3.5658336 1.4567723 1.7328023 0.2809473 1.2889953 16.624115 -1.5217905044555664 0.949462890625
Car 0.0 0 -1.1432424783706665 214.89588928222656 179.99386596679688 309.4339599609375 221.1826629638672 3.9372818 1.3665574 1.5646876 -12.328303 1.1944396 25.828587 -1.588575839996338 0.9344366788864136
Car 0.0 0 -1.3388097286224365 357.4479675292969 180.8880615234375 474.1346435546875 254.0155792236328 4.377298 1.529437 1.7194111 -4.471524 1.4400569 17.237736 -1.592618703842163 0.9227347373962402
Car 0.0 0 -1.058316946029663 58.565635681152344 189.2538299560547 257.4952697753906 278.44024658203125 3.6756864 1.4476757 1.593223 -8.363571 1.5362566 13.69867 -1.6064496040344238 0.8402786254882812
Car 0.0 0 2.004084587097168 226.0545654296875 175.98892211914062 270.73907470703125 195.33375549316406 4.4648614 1.5838262 1.6790631 -30.491789 0.82953066 61.107628 1.541249394416809 0.8106347322463989
Car 0.0 0 -1.2417396306991577 339.8402404785156 183.82579040527344 417.4397277832031 225.80636596679688 3.78037 1.4123999 1.5410062 -8.254691 1.3667688 26.08862 -1.5481823682785034 0.7845441699028015
Car 0.0 0 2.179527521133423 158.17637634277344 177.475341796875 220.05075073242188 202.40194702148438 3.6136334 1.4948447 1.5596558 -26.141836 1.0317881 44.970608 1.652964472770691 0.5679630041122437
Car 0.0 0 1.689588189125061 668.0582885742188 180.10479736328125 695.5436401367188 198.56629943847656 4.166061 1.4993795 1.825969 6.26623 1.0854208 60.612076 1.7926048040390015 0.5252600312232971
Car 0.0 0 -0.7881333231925964 0.0 192.87557983398438 65.45674133300781 286.3636169433594 4.443443 1.4351369 1.5754498 -12.848265 1.6055571 13.641158 -1.5436079502105713 0.4772167205810547
