Pedestrian 0.0 0 -0.46616238355636597 667.72705078125 167.1749267578125 689.5247192382812 204.46449279785156 0.9126731 1.7806444 0.51842916 3.276073 1.5098162 34.85948 -0.37245821952819824 0.4619027376174927
Car 0.0 0 -1.96841299533844 778.5713500976562 179.92738342285156 1055.552734375 342.8106384277344 3.5046434 1.4199433 1.564379 3.1140413 1.518358 8.2207985 -1.6063146591186523 0.9687908887863159
Car 0.0 0 2.013979434967041 130.4635772705078 187.1427459716797 351.74560546875 301.1054382324219 3.9183285 1.4628011 1.6337143 -5.7450547 1.7343397 11.721812 1.558269739151001 0.9426876902580261
Car 0.0 0 2.2172837257385254 0.0 195.44509887695312 211.45541381835938 375.0 3.5638134 1.4495232 1.5222521 -5.60025 1.7242779 6.9563475 1.5394673347473145 0.9369305372238159
Car 0.0 0 1.0307610034942627 466.22515869140625 176.16636657714844 527.8983154296875 204.6533660888672 3.8633056 1.4724094 1.5907342 -6.298708 1.6643853 39.746143 0.8735945224761963 0.8892912864685059
Car 0.0 0 -2.4586448669433594 931.1011962890625 191.7199249267578 1242.0 375.0 3.7669284 1.5151998 1.5847312 3.039021 1.6446432 2.9849958 -1.6642787456512451 0.7661463022232056
Car 0.0 0 1.8792495727539062 199.58238220214844 177.53668212890625 281.3509826660156 220.36764526367188 4.23238 1.5655059 1.7250258 -14.813088 1.7690983 29.085087 1.4081882238388062 0.5848649740219116
Car 0.0 0 -1.1795560121536255 559.298095703125 173.17430114746094 599.053955078125 194.40841674804688 4.0087204 1.54672 1.6095625 -2.3223348 1.5723538 54.778793 -1.2219253778457642 0.4109780490398407
Car 0.0 0 -2.3510892391204834 352.7444763183594 178.9172821044922 415.55755615234375 203.3762664794922 3.7095563 1.4466739 1.589328 -14.132588 1.8385724 45.02154 -2.6552555561065674 0.4038901627063751
Car 0.0 0 2.891523838043213 663.9086303710938 168.3004913330078 725.85595703125 187.1739501953125 4.666311 1.4877454 1.7249931 6.780487 1.1291631 58.04019 3.0078206062316895 0.3731409013271332
