Pedestrian 0.0 0 -1.76540207862854 778.2317504882812 163.8453369140625 787.8645629882812 190.48509216308594 0.8163106 1.9413073 0.539503 12.680605 1.2851808 52.996235 -1.5305439233779907 0.12980566918849945
Pedestrian 0.0 0 -0.17255723476409912 838.2659912109375 159.0611114501953 853.3163452148438 190.92787170410156 0.7304074 1.7745109 0.4785346 13.18631 1.006807 40.46501 0.14246082305908203 0.11654384434223175
Pedestrian 0.0 0 2.0694100856781006 1060.2105712890625 136.23330688476562 1095.333984375 194.95281982421875 0.7804222 1.8752261 0.66953516 15.201906 0.7060909 23.520355 2.6432008743286133 0.10432838648557663
Cyclist 0.0 0 2.105308771133423 1007.2681274414062 170.74554443359375 1047.1895751953125 217.20152282714844 1.4357007 1.6196383 0.5854526 14.856073 1.5464873 25.76034 2.628422260284424 0.11686962097883224
Car 0.0 0 2.098071813583374 66.05548858642578 187.78814697265625 205.6741943359375 241.7395477294922 4.120264 1.3882179 1.6721392 -14.185966 1.8837692 21.823631 1.5216771364212036 0.9330339431762695
Car 0.0 0 1.8639497756958008 349.8811950683594 179.59153747558594 392.591064453125 205.3758087158203 3.803386 1.5274074 1.5333723 -15.086848 1.9721321 45.66452 1.5448554754257202 0.7547747492790222
Car 0.0 0 -1.7847319841384888 582.3141479492188 171.71670532226562 612.0245971679688 190.3693084716797 3.8488822 1.4380935 1.588386 -1.0851814 1.3507665 57.68271 -1.8035427331924438 0.3547045588493347
Car 0.0 0 2.1113548278808594 246.77134704589844 164.86996459960938 315.1177062988281 199.7269287109375 3.9715762 1.863909 1.701763 -18.485569 1.4373356 40.64963 1.6845548152923584 0.16029833257198334
Car 0.0 0 -2.527716875076294 873.5493774414062 141.0440673828125 959.4065551757812 179.8068084716797 4.560884 2.2096794 1.7991256 18.37489 0.39670458 43.539715 -2.1283679008483887 0.1323024481534958
Car 0.0 0 -3.620745897293091 974.8530883789062 187.35194396972656 1056.598388671875 212.17616271972656 4.0718694 1.4842062 1.8638518 25.383251 2.4147687 45.29607 -3.109964370727539 0.1153656542301178
Car 0.0 0 1.6198982000350952 981.0073852539062 168.27732849121094 1034.7437744140625 210.3777618408203 4.0209274 1.4791576 1.59744 15.15865 1.3187187 27.478022 2.124018430709839 0.11474854499101639
