Pedestrian 0.0 0 1.2315880060195923 563.6190795898438 137.7516326904297 602.457763671875 215.10855102539062 0.85181 1.784707 0.6770196 -0.5689269 0.8000638 16.827377 1.197791337966919 0.6986936330795288
Pedestrian 0.0 0 1.2953598499298096 442.2250061035156 149.7525634765625 477.8732604980469 219.86355590820312 1.03768 1.7033445 0.61631536 -3.6904733 0.95793563 17.775278 1.0906498432159424 0.6959237456321716
Pedestrian 0.0 0 1.3990061283111572 412.51318359375 139.1750946044922 448.7115783691406 212.56777954101562 0.97296363 1.741191 0.7041331 -4.327729 0.7623894 17.356565 1.154646396636963 0.6581272482872009
Pedestrian 0.0 0 1.7141506671905518 433.88543701171875 138.30868530273438 463.1029968261719 202.46463012695312 0.9692084 1.8448992 0.71199006 -4.6363134 0.63319564 20.837372 1.4952170848846436 0.5766304135322571
Pedestrian 0.0 0 1.018464207649231 699.4458618164062 135.76979064941406 781.9544677734375 289.5699768066406 0.893686 1.7878644 0.6223071 1.612172 1.2695773 8.743301 1.2008055448532104 0.5709270238876343
Pedestrian 0.0 0 1.0934590101242065 489.37158203125 141.6959991455078 529.3994750976562 218.14126586914062 0.82460225 1.8289326 0.6739356 -2.4012148 0.9021591 17.442127 0.9566514492034912 0.5090453028678894
Pedestrian 0.0 0 0.7709743976593018 268.75384521484375 140.35086059570312 328.1259765625 245.09591674804688 0.67497176 1.6621165 0.58967626 -5.074406 1.0266769 11.6092205 0.3588986396789551 0.49728134274482727
Pedestrian 0.0 0 1.2916783094406128 528.99365234375 142.06375122070312 568.145751953125 219.9969940185547 0.8582382 1.7638893 0.70048225 -1.3658006 0.895559 16.523176 1.2092061042785645 0.4354493319988251
Pedestrian 0.0 0 0.9007952213287354 234.639404296875 139.22608947753906 292.319580078125 241.71197509765625 0.64732 1.689684 0.61890006 -5.8722034 1.0108526 12.071252 0.44803667068481445 0.3906539976596832
Pedestrian 0.0 0 1.07486093044281 628.9420776367188 126.071044921875 718.3702392578125 279.56195068359375 0.9412729 1.7185934 0.70030385 0.75614923 1.1108541 8.482451 1.1637686491012573 0.37640997767448425
Pedestrian 0.0 0 -1.5109823942184448 357.1693420410156 149.3140411376953 373.7258605957031 188.8338623046875 0.8997606 1.9124337 0.71959966 -11.780689 0.40473074 34.739285 -1.837929368019104 0.367327481508255
Pedestrian 0.0 0 2.8082823753356934 694.4295654296875 138.87850952148438 759.9905395507812 270.6294250488281 0.7272387 1.7568908 0.6278465 1.6344041 1.2035426 9.793771 2.9736404418945312 0.27689599990844727
Pedestrian 0.0 0 1.7965465784072876 107.52674102783203 139.7803955078125 167.6304473876953 256.210205078125 0.74228007 1.8552527 0.6853399 -7.7828946 1.2080605 11.729584 1.2107207775115967 0.2479293942451477
Pedestrian 0.0 0 3.090129852294922 571.65234375 155.49705505371094 604.676513671875 221.6102752685547 0.92102784 1.8724363 0.54359096 -0.52365804 1.1658838 20.326344 3.064373016357422 0.22935180366039276
Cyclist 0.0 0 1.385413408279419 468.5977478027344 147.56517028808594 506.24200439453125 219.00430297851562 1.2376136 1.7654905 0.7353199 -3.072395 0.95316184 18.176214 1.2179625034332275 0.14490091800689697
Cyclist 0.0 0 1.085350751876831 629.0606079101562 125.52342987060547 719.5549926757812 280.7444763183594 0.97913677 1.7347361 0.7001411 0.76238406 1.1220093 8.483627 1.1749753952026367 0.1351805329322815
Cyclist 0.0 0 -1.5230268239974976 356.8732604980469 152.443359375 373.14532470703125 190.9381561279297 0.93115157 1.8629912 0.7155661 -11.808992 0.50660455 34.759567 -1.8505264520645142 0.11656097322702408
Car 0.0 0 2.871649742126465 347.6457824707031 177.59046936035156 427.0773620605469 206.70797729492188 3.7988074 1.49651 1.5863837 -11.697288 1.3483938 38.025063 2.573216438293457 0.2586028277873993
