Pedestrian 0.0 0 -1.8465235233306885 824.372802734375 168.8993377685547 849.0258178710938 210.87448120117188 0.98073035 1.6641084 0.7066643 9.093929 1.5076832 29.10246 -1.5436571836471558 0.6069798469543457
Pedestrian 0.0 0 -0.19543933868408203 707.1090087890625 175.2357635498047 722.826171875 205.92526245117188 0.7796647 1.7209178 0.58937776 5.9010267 1.8570709 40.82091 -0.05187493935227394 0.364979088306427
Cyclist 0.0 0 -1.7944881916046143 825.248779296875 169.2599639892578 848.7681884765625 212.76849365234375 0.967579 1.7252676 0.70666146 9.111876 1.5831096 29.119131 -1.4912233352661133 0.1440025418996811
Car 0.0 0 1.970641851425171 242.97201538085938 185.5665740966797 322.14678955078125 226.01226806640625 3.9015632 1.5437032 1.683483 -13.887013 2.1205368 30.745998 1.5464009046554565 0.9354094862937927
Car 0.0 0 2.0720772743225098 204.49285888671875 186.4436492919922 287.7159423828125 221.01507568359375 4.3626094 1.4174601 1.5423492 -16.824133 2.0908597 33.524414 1.6069529056549072 0.8217474222183228
Car 0.0 0 2.338191270828247 0.0 195.6722412109375 57.55543518066406 287.0992431640625 3.9544456 1.5122814 1.6332028 -13.831898 2.0475907 14.919969 1.59061861038208 0.7085626125335693
Car 0.0 0 1.9222811460494995 398.0097961425781 181.45790100097656 439.3447570800781 204.4235076904297 4.0351095 1.5780199 1.6603817 -14.0857 2.2379508 53.22441 1.663564920425415 0.6585104465484619
Car 0.0 0 -0.8662749528884888 865.017822265625 181.0396270751953 995.0217895507812 233.05966186523438 3.9209042 1.4987973 1.6129795 10.106618 1.7764621 22.862041 -0.45003533363342285 0.6250893473625183
Car 0.0 0 2.259392023086548 0.0 173.32850646972656 93.35488891601562 215.22030639648438 3.6967483 1.4158925 1.472011 -20.946547 1.4347614 26.286238 1.58656644821167 0.59975665807724
Car 0.0 0 2.1934683322906494 60.02557373046875 182.8284454345703 155.26040649414062 220.56478881835938 3.3709846 1.4652414 1.6607335 -21.244238 1.9122641 30.60983 1.5867581367492676 0.3288382291793823
