Pedestrian 0.0 0 0.7771811485290527 221.9692840576172 191.41525268554688 272.9003601074219 285.84033203125 0.5708426 1.6087224 0.5697426 -6.2804 1.7898868 12.670769 0.31701111793518066 0.6971246004104614
Pedestrian 0.0 0 -1.343935251235962 740.6875 164.0164031982422 810.8628540039062 293.17681884765625 0.90793747 1.6798012 0.75975543 2.3733628 1.4537482 9.915398 -1.1089942455291748 0.5940213799476624
Pedestrian 0.0 0 -3.1693646907806396 755.659423828125 136.50897216796875 791.4407348632812 258.6332092285156 0.49486858 1.7573006 0.81816185 2.5293012 1.1112181 10.784333 -2.9389936923980713 0.39142441749572754
Pedestrian 0.0 0 -1.3192540407180786 351.9264221191406 186.0851287841797 390.529052734375 268.7834167480469 0.5304167 1.595575 0.61421156 -4.5739655 1.6891012 14.171568 -1.631455421447754 0.3833070695400238
Pedestrian 0.0 0 -1.2817442417144775 851.0807495117188 165.70631408691406 893.1401977539062 255.81793212890625 0.5202157 1.6509637 0.6210547 5.0684304 1.3628682 13.552946 -0.9238746166229248 0.3045385181903839
Pedestrian 0.0 0 1.1467421054840088 743.8515625 148.57948303222656 764.018310546875 195.57986450195312 0.5685708 1.9584354 0.65487456 6.409665 0.58766824 30.277037 1.3553624153137207 0.17398086190223694
Pedestrian 0.0 0 -3.357611894607544 1058.4935302734375 132.3937530517578 1145.9071044921875 249.4227752685547 1.0566908 1.7935542 0.5040796 7.90731 1.0422679 11.439893 -2.7528131008148193 0.16884784400463104
Pedestrian 0.0 0 2.653353691101074 865.9381713867188 137.3162841796875 913.349609375 236.83279418945312 0.5435013 1.7201763 0.63972855 5.0706315 0.95772445 12.761821 3.031554698944092 0.1542075127363205
Pedestrian 0.0 0 -1.0376501083374023 340.3774108886719 144.89523315429688 370.64202880859375 201.53158569335938 0.67549276 1.9019594 0.73761266 -8.415968 0.6737796 24.525524 -1.368210792541504 0.13906405866146088
Pedestrian 0.0 0 0.7285327911376953 19.700626373291016 223.05857849121094 132.689697265625 374.0 0.73055154 1.6681739 0.63295794 -5.5888577 2.1298552 7.6044664 0.09473729133605957 0.12218357622623444
Pedestrian 0.0 0 -0.38552793860435486 952.584228515625 163.8636932373047 1026.90771484375 299.7106018066406 0.69206065 1.726628 0.57695794 5.0474415 1.503803 9.450657 0.10501337051391602 0.11963842809200287
Pedestrian 0.0 0 3.7434816360473633 0.0 113.16494750976562 104.94396209716797 315.5630187988281 1.0459325 1.7584687 0.6230537 -5.3465714 1.1661458 6.590561 3.061920404434204 0.11893682926893234
Cyclist 0.0 0 3.3614420890808105 267.6753845214844 172.0626220703125 441.70831298828125 325.8215637207031 1.7399223 1.6207002 0.57676685 -2.7342036 1.5225862 7.9522524 3.0302765369415283 0.1993626356124878
Cyclist 0.0 0 -3.350433349609375 1053.8486328125 137.60824584960938 1143.692626953125 248.88720703125 1.0923649 1.7062703 0.5209848 7.8658977 1.0345687 11.461458 -2.748967409133911 0.11490022391080856
Car 0.0 0 0.7032651901245117 1009.5592651367188 226.7071533203125 1238.0 374.0 3.8919196 1.4252979 1.5445964 3.112809 1.7022188 2.394674 1.6183243989944458 0.1904248297214508
Car 0.0 0 1.5118821859359741 361.45648193359375 162.74139404296875 409.30609130859375 203.74435424804688 3.5503736 1.5179102 1.6028732 -8.647009 0.8245135 28.532623 1.217623233795166 0.138810932636261
