Pedestrian 0.0 0 -1.7915302515029907 0.0 138.6617431640625 69.61778259277344 294.8334045410156 0.6594536 1.8313662 0.6757536 -7.2567873 1.4307643 8.927927 -2.47403883934021 0.4085516929626465
Pedestrian 0.0 0 2.7559900283813477 794.4022827148438 149.38320922851562 830.92529296875 202.53334045410156 1.0941643 1.8250662 0.55741197 7.0043035 1.0194854 25.112293 3.027996301651001 0.307429701089859
Pedestrian 0.0 0 -0.8366336226463318 114.72749328613281 177.52391052246094 173.10585021972656 279.46392822265625 0.64307517 1.7212752 0.5718984 -8.166711 1.8053935 12.576342 -1.4125665426254272 0.2019611895084381
Pedestrian 0.0 0 -1.5901702642440796 460.09735107421875 160.75401306152344 474.08966064453125 199.07809448242188 0.69191515 1.8257253 0.6472381 -6.9298167 1.2496505 34.77796 -1.7868530750274658 0.20144681632518768
Pedestrian 0.0 0 1.2228045463562012 793.0602416992188 163.16458129882812 811.064453125 200.15223693847656 0.79449576 1.738994 0.5916311 9.098751 1.2837987 34.34269 1.4817942380905151 0.17286993563175201
Pedestrian 0.0 0 1.2720129489898682 1024.2554931640625 146.45794677734375 1056.654052734375 196.45651245117188 1.3662302 1.7200413 0.607597 15.1863985 0.812327 25.554857 1.8082060813903809 0.16261620819568634
Pedestrian 0.0 0 -2.130495071411133 1065.4813232421875 131.19680786132812 1102.01171875 188.35032653808594 0.9010107 1.8828456 0.6440841 15.850222 0.5108638 24.224098 -1.5510914325714111 0.15530501306056976
Pedestrian 0.0 0 -1.7390942573547363 359.962646484375 164.76669311523438 375.4306335449219 201.017333984375 0.603424 1.8712764 0.67343575 -12.688581 1.4541634 37.668564 -2.06400465965271 0.14717182517051697
Cyclist 0.0 0 1.2994639873504639 1025.087890625 145.7185821533203 1056.4473876953125 196.03871154785156 1.3648 1.7317573 0.60793155 15.205231 0.79825497 25.567047 1.8359919786453247 0.3060954511165619
Car 0.0 0 2.2320175170898438 462.9988098144531 180.0379180908203 668.3709716796875 279.8982238769531 4.1488686 1.5265671 1.6076317 -0.70420426 1.6828781 13.499638 2.1799001693725586 0.9576108455657959
Car 0.0 0 1.1753114461898804 750.9625854492188 185.64561462402344 1167.697021484375 375.0 3.8276649 1.481864 1.6336501 2.388589 1.6260417 6.1749907 1.5444014072418213 0.953928530216217
Car 0.0 0 0.573138952255249 0.0 0.0 1242.0 375.0 3.8464363 1.5106212 1.6170905 2.5024562 1.7312149 1.3115199 1.6611995697021484 0.47008487582206726
Car 0.0 0 -2.679572820663452 305.17608642578125 174.01219177246094 378.6526184082031 202.2626190185547 3.5505607 1.5562569 1.6127167 -15.169931 1.6237262 40.816402 -3.035414457321167 0.32952919602394104
Car 0.0 0 1.6590478420257568 245.60545349121094 180.2449493408203 284.17633056640625 210.77914428710938 3.8340092 1.5868921 1.6265461 -19.391865 2.0243013 40.583797 1.2132987976074219 0.17405541241168976
Car 0.0 0 1.6680872440338135 514.5498046875 183.01632690429688 594.1517333984375 248.59066772460938 4.2949915 1.4868419 1.6905193 -1.4115518 1.7881253 19.196259 1.59468674659729 0.16098640859127045
