Car 0.0 0 -0.4520379304885864 764.6174926757812 183.5802001953125 1041.2611083984375 290.5878601074219 3.6925554 1.5132527 1.6393673 4.431565 1.6968529 11.359028 -0.08006389439105988 0.9746416211128235
Car 0.0 0 3.6662464141845703 0.26206162571907043 183.4959259033203 304.2802734375 277.929931640625 4.2030277 1.49822 1.6660355 -7.82514 1.6970098 12.549545 3.1086978912353516 0.9618059396743774
Car 0.0 0 -1.824761152267456 451.0154113769531 177.9871368408203 489.9355773925781 205.10134887695312 3.873583 1.7759078 1.7342108 -9.770235 2.14837 50.180614 -2.017056703567505 0.9069491028785706
Car 0.0 0 3.4092907905578613 159.60452270507812 173.94232177734375 339.81005859375 245.35321044921875 3.596135 1.6106247 1.6214342 -8.618686 1.6390134 17.443398 2.950378656387329 0.8749940991401672
Car 0.0 0 -0.34285658597946167 721.7890625 184.2557373046875 943.8253173828125 270.9114990234375 3.7299504 1.5196884 1.6031159 4.099618 1.7522142 13.788761 -0.05386407673358917 0.8164284229278564
Car 0.0 0 3.463791847229004 96.47045135498047 172.37066650390625 308.3441467285156 253.9824676513672 3.5006049 1.5598135 1.5068047 -8.28625 1.5509337 14.852881 2.9549124240875244 0.7444313168525696
Car 0.0 0 0.8926939368247986 0.0 198.85487365722656 122.98822784423828 369.83648681640625 4.164128 1.4703692 1.5777547 -7.6535754 1.7761456 7.4873304 0.09631633758544922 0.6403647065162659
Car 0.0 0 -1.368933081626892 1071.7099609375 187.97821044921875 1141.4613037109375 226.07904052734375 4.25977 1.4394228 1.6463789 21.317963 2.1323826 30.969633 -0.7660684585571289 0.638933002948761
Car 0.0 0 0.2984854280948639 220.1457977294922 169.62063598632812 374.44683837890625 231.6649932861328 3.6349795 1.6397517 1.5573095 -8.628724 1.5546563 20.036852 -0.10815492272377014 0.6247756481170654
Car 0.0 0 0.8341413140296936 996.118408203125 182.74864196777344 1062.8837890625 207.5662384033203 3.72644 1.4871074 1.6710705 27.116798 2.1569824 46.822613 1.3590805530548096 0.6100214719772339
