Car 0.0 0 -1.7647087574005127 691.45556640625 181.27857971191406 811.1414794921875 270.0057373046875 3.9957924 1.5305736 1.623167 2.6901946 1.7276384 14.835091 -1.5853182077407837 0.9719584584236145
Car 0.0 0 -1.9469943046569824 800.5806274414062 190.93618774414062 1108.50830078125 375.0 3.4208302 1.4786608 1.5459679 3.0715737 1.7057253 7.317136 -1.5495549440383911 0.9598035216331482
Car 0.0 0 1.727050542831421 415.1083984375 185.09364318847656 492.7718505859375 241.45843505859375 3.8685448 1.4669261 1.6854476 -4.615117 1.8674674 21.611357 1.516660213470459 0.9563450217247009
Car 0.0 0 0.5433534979820251 120.33881378173828 191.8304443359375 308.4032287597656 257.8644104003906 3.637751 1.4322268 1.4613243 -9.243901 1.8989377 16.920504 0.043344974517822266 0.9472799301147461
Car 0.0 0 -1.7239359617233276 672.1886596679688 179.416259765625 749.4134521484375 237.0615234375 3.9137459 1.5081087 1.6527958 2.8251107 1.7201419 21.297476 -1.5920559167861938 0.9371801018714905
Car 0.0 0 1.720044493675232 487.53082275390625 179.46029663085938 537.3651733398438 217.5626678466797 4.193969 1.5754766 1.6297579 -4.385683 1.8943231 32.672905 1.5866121053695679 0.8626971244812012
Car 0.0 0 -2.352372169494629 945.0730590820312 186.6719512939453 1242.0 375.0 3.7194967 1.5151784 1.589479 2.934297 1.6068735 2.8991573 -1.5609502792358398 0.8386950492858887
Car 0.0 0 -1.7123686075210571 654.7935791015625 181.84634399414062 705.856689453125 222.7093048095703 3.6525402 1.5357432 1.5854628 2.7995315 1.9306866 29.79633 -1.6186879873275757 0.7802093625068665
Car 0.0 0 1.6906825304031372 460.6531677246094 175.86595153808594 515.6094970703125 224.33840942382812 3.795431 1.6713446 1.5875745 -4.5387597 1.7926916 27.048706 1.524431824684143 0.6850519776344299
Car 0.0 0 2.4238734245300293 0.0 217.68287658691406 138.07310485839844 375.0 3.9393349 1.543516 1.6395819 -4.268559 1.8763428 3.3373144 1.51664400100708 0.6747916340827942
