Pedestrian 0.0 0 -1.190155029296875 1065.19580078125 176.61964416503906 1175.3681640625 365.31353759765625 0.79195285 1.6974021 0.62431884 4.8829455 1.7367241 6.9850783 -0.5800643563270569 0.5161816477775574
Pedestrian 0.0 0 -1.809584140777588 859.9611206054688 171.36668395996094 883.5831298828125 221.16073608398438 0.68571967 1.7786473 0.66003364 9.43701 1.7258776 26.146952 -1.4632126092910767 0.4247622787952423
Pedestrian 0.0 0 -1.827580213546753 848.6348876953125 186.63754272460938 907.5911254882812 300.9023132324219 0.9695544 1.6515255 0.6162324 4.0370364 1.8729969 11.060707 -1.4776151180267334 0.40781620144844055
Pedestrian 0.0 0 1.8908171653747559 518.882568359375 191.6813507080078 540.0465698242188 234.70150756835938 0.8347918 1.9027343 0.73230916 -3.698214 2.7721143 32.817635 1.7786006927490234 0.3900449573993683
Pedestrian 0.0 0 -0.29206982254981995 867.8546142578125 163.89215087890625 962.374755859375 309.03326416015625 0.9912866 1.7800088 0.5374265 3.8010936 1.6704586 9.163566 0.10113406181335449 0.3488849401473999
Pedestrian 0.0 0 1.1122612953186035 1157.419677734375 178.57278442382812 1242.0 365.8011474609375 0.757446 1.6413645 0.568938 5.6119027 1.6989484 6.7833414 1.8034322261810303 0.23046378791332245
Pedestrian 0.0 0 1.5227148532867432 1172.066162109375 138.06393432617188 1235.17041015625 272.9067687988281 0.5702779 1.7346365 0.6255326 7.9058695 1.2874503 9.694383 2.2068419456481934 0.21522200107574463
Pedestrian 0.0 0 2.85823917388916 506.8586120605469 198.3850860595703 533.6871337890625 249.6942901611328 0.7449852 1.6225978 0.55650777 -2.9850373 2.4731073 23.620066 2.7325284481048584 0.20755164325237274
Pedestrian 0.0 0 2.7655038833618164 862.5867309570312 166.7473602294922 925.00634765625 293.356689453125 0.61348003 1.7358681 0.6827311 3.9578156 1.6525012 10.233363 3.1345412731170654 0.16027460992336273
Cyclist 0.0 0 1.9394495487213135 504.63104248046875 199.9105682373047 535.3684692382812 251.6069793701172 1.5746615 1.5765109 0.46762243 -2.9843805 2.4957113 23.68024 1.8140822649002075 0.5183340311050415
Cyclist 0.0 0 1.243187665939331 851.95751953125 171.74374389648438 930.529541015625 302.9344177246094 1.5292517 1.757736 0.58786666 3.974524 1.7432181 10.439409 1.6069663763046265 0.2039927989244461
Cyclist 0.0 0 -0.29206982254981995 867.8546142578125 163.89215087890625 962.374755859375 309.03326416015625 0.9912866 1.7800088 0.5374265 3.8010936 1.6704586 9.163566 0.10113406181335449 0.10258953273296356
Car 0.0 0 1.7299519777297974 590.5775146484375 198.95362854003906 629.594970703125 231.6560821533203 3.3839493 1.6500566 1.7089227 0.011658886 3.2022655 41.092793 1.7302356958389282 0.56699538230896
Car 0.0 0 1.6588358879089355 538.081298828125 205.5379638671875 578.187255859375 240.65553283691406 3.8834887 1.5258521 1.7142975 -2.6395538 3.2884142 36.94424 1.587510108947754 0.41715505719184875
Car 0.0 0 -1.577430248260498 702.7305908203125 192.5830841064453 724.6930541992188 213.60009765625 3.7807326 1.5707501 1.7407478 8.534148 3.2566473 59.650665 -1.4353257417678833 0.1601870208978653
Car 0.0 0 1.5876166820526123 706.7224731445312 174.5260009765625 765.089111328125 230.74114990234375 4.078186 1.5628659 1.6208805 3.8782003 1.6199923 22.340202 1.7595010995864868 0.15917271375656128
