Pedestrian 0.0 0 2.0306553840637207 763.282470703125 165.4806671142578 790.4837036132812 218.86814880371094 0.5380544 1.6952306 0.6904304 5.352015 1.4614607 23.33526 2.2561092376708984 0.747454822063446
Pedestrian 0.0 0 1.0035192966461182 999.4783325195312 161.47543334960938 1046.644775390625 234.69476318359375 0.9048402 1.7414349 0.6073631 10.028191 1.4711673 17.625208 1.5208090543746948 0.24766284227371216
Pedestrian 0.0 0 -1.2562681436538696 263.7636413574219 183.4027862548828 285.0544128417969 222.1812286376953 0.8421439 1.7068094 0.64048636 -15.132192 2.1884573 32.46068 -1.692487359046936 0.17827805876731873
Cyclist 0.0 0 2.1842525005340576 173.54791259765625 174.53005981445312 223.02206420898438 224.57852172851562 1.9417506 1.7464184 0.54560477 -14.982317 1.8100263 26.233746 1.665347695350647 0.3836968243122101
Cyclist 0.0 0 -0.6028034090995789 1018.6730346679688 166.05979919433594 1060.9124755859375 202.68972778320312 1.7117828 1.794184 0.68348944 21.242493 1.4617522 35.73702 -0.06650330126285553 0.3128376007080078
Car 0.0 0 1.921223759651184 347.8594055175781 185.0780029296875 415.60601806640625 221.51885986328125 4.360768 1.5707223 1.7201681 -10.94936 2.1983075 34.802864 1.6164169311523438 0.9524250030517578
Car 0.0 0 -1.4473482370376587 599.4157104492188 179.4229736328125 633.8397827148438 205.36570739746094 4.4014344 1.5366529 1.6753949 0.44204494 1.9784175 46.189034 -1.4377782344818115 0.7658107280731201
Car 0.0 0 1.1488451957702637 1002.8006591796875 164.11135864257812 1062.551513671875 195.65643310546875 3.0060174 1.5316459 1.5111996 21.342339 1.1075124 36.6054 1.676699161529541 0.2585056722164154
Car 0.0 0 1.7860453128814697 428.10858154296875 175.0530242919922 484.50323486328125 213.92410278320312 3.984653 1.597689 1.6218776 -6.753537 1.7012967 31.87764 1.577274203300476 0.20484085381031036
Car 0.0 0 1.5704419612884521 209.96453857421875 181.361572265625 230.35308837890625 199.458740234375 3.8881102 1.550253 1.5952834 -35.60174 2.3518293 65.86011 1.0748705863952637 0.15415924787521362
Car 0.0 0 1.7742398977279663 460.374755859375 173.5044403076172 506.2181091308594 206.41220092773438 4.028247 1.6850232 1.6650696 -6.8327184 1.7224344 39.062172 1.6010727882385254 0.14623965322971344
