Pedestrian 0.0 0 -1.310467004776001 751.5913696289062 165.14083862304688 784.3451538085938 234.34898376464844 0.7391748 1.7206032 0.6473518 4.2219863 1.31508 18.33417 -1.0841330289840698 0.7361952066421509
Pedestrian 0.0 0 1.7273129224777222 182.12738037109375 161.71029663085938 273.5736999511719 337.2811584472656 0.88330024 1.684638 0.7122936 -3.876486 1.4961243 7.4221644 1.2459965944290161 0.7134336829185486
Pedestrian 0.0 0 -3.307055950164795 788.67236328125 165.22178649902344 831.5146484375 252.7318878173828 0.7321463 1.7044935 0.581721 4.111458 1.3886833 14.319543 -3.0274550914764404 0.6742188334465027
Pedestrian 0.0 0 3.1596646308898926 407.5101318359375 172.58216857910156 434.46539306640625 233.7209014892578 0.74545026 1.7353112 0.5958765 -5.2389665 1.483338 20.760817 2.9124765396118164 0.5290219783782959
Pedestrian 0.0 0 -0.44773411750793457 809.54248046875 165.6491241455078 844.5306396484375 235.8345489501953 0.5912113 1.6081172 0.5675758 5.229605 1.2461456 16.779848 -0.14561478793621063 0.5174785852432251
Pedestrian 0.0 0 1.4642654657363892 683.289306640625 170.7773895263672 714.5654907226562 238.1689910888672 0.8358553 1.7129283 0.7184922 2.4941344 1.4415653 18.682878 1.5969791412353516 0.4880139231681824
Pedestrian 0.0 0 -1.8551210165023804 627.8726806640625 164.16107177734375 710.0342407226562 332.275634765625 0.92183715 1.6268266 0.6078754 0.63022494 1.4604112 7.4607615 -1.7708491086959839 0.36487990617752075
Pedestrian 0.0 0 -3.0103342533111572 544.1286010742188 177.6212615966797 559.8466186523438 206.45054626464844 0.9181641 1.7929455 0.55193835 -3.087743 1.5524502 44.976154 -3.0788795948028564 0.32878345251083374
Pedestrian 0.0 0 -0.20116585493087769 609.7088623046875 174.6331329345703 620.656005859375 199.68150329589844 0.68296236 1.8249639 0.6684568 1.024046 1.325261 52.724007 -0.1817455291748047 0.3128829598426819
Pedestrian 0.0 0 -1.6721524000167847 406.74688720703125 178.48272705078125 422.4055480957031 218.77723693847656 0.739127 1.7073863 0.5786836 -8.051531 1.5805088 30.88245 -1.9271904230117798 0.30547091364860535
Pedestrian 0.0 0 2.565312147140503 852.2809448242188 129.8192901611328 911.9132690429688 257.39208984375 0.65216386 1.9188309 0.57723373 4.305627 1.1428037 11.151595 2.9337782859802246 0.24928826093673706
Pedestrian 0.0 0 1.8294703960418701 0.0 108.51607513427734 198.60948181152344 374.0 1.5327119 1.6665009 0.52854675 -2.1763117 1.4431535 3.0201268 1.2050504684448242 0.14983516931533813
Cyclist 0.0 0 1.9464470148086548 331.22601318359375 161.93026733398438 430.681396484375 326.17431640625 1.7251495 1.7817004 0.5547039 -2.6515195 1.5707674 8.671552 1.649703025817871 0.9547247886657715
Cyclist 0.0 0 1.8365200757980347 0.0 110.15218353271484 199.4063262939453 374.0 1.573167 1.6726555 0.5241677 -2.1755977 1.4566557 3.0152156 1.2114837169647217 0.4798828661441803
Cyclist 0.0 0 -2.32132625579834 0.0 120.26261138916016 109.5956802368164 249.5479278564453 1.8824888 1.8200169 0.49321717 -8.269803 0.9592638 10.496929 -2.988602876663208 0.3553369343280792
Cyclist 0.0 0 -1.9889018535614014 825.5120239257812 139.90293884277344 888.6359252929688 257.3381652832031 1.6441594 1.823652 0.34467006 4.1887226 1.1789911 11.985834 -1.6526968479156494 0.26732560992240906
Cyclist 0.0 0 -3.255587100982666 657.7593994140625 154.13729858398438 771.2865600585938 322.7331237792969 1.1087054 1.6931355 0.6155505 1.1124383 1.4197106 7.536965 -3.1090474128723145 0.13907504081726074
Car 0.0 0 1.7145144939422607 501.97149658203125 169.8145751953125 548.4390869140625 208.75238037109375 4.8388577 1.9974672 1.8528289 -4.0965085 1.3988811 39.301632 1.610656976699829 0.9310619831085205
Car 0.0 0 -1.9231703281402588 261.7288818359375 176.2668914794922 303.8887023925781 199.97805786132812 3.5911524 1.6406622 1.6242774 -22.87543 1.2792102 51.5561 -2.3407726287841797 0.452706903219223
Car 0.0 0 1.5565749406814575 529.9795532226562 177.80943298339844 550.2139282226562 198.2417755126953 3.9435604 1.6090246 1.583464 -5.0055285 1.318924 58.6061 1.4713720083236694 0.2742120921611786
