Pedestrian 0.0 0 0.5961799621582031 446.0614318847656 173.3974151611328 464.75787353515625 204.3889923095703 0.96009 1.8409989 0.5404263 -8.981879 1.4204507 42.427593 0.3875610828399658 0.44938918948173523
Pedestrian 0.0 0 -1.7661490440368652 939.8255004882812 130.28880310058594 968.4488525390625 192.3354034423828 1.0633444 1.8459663 0.5868966 10.634071 0.35368174 21.620144 -1.309035062789917 0.44852763414382935
Pedestrian 0.0 0 3.166287899017334 562.3519897460938 167.98541259765625 574.9526977539062 198.1167449951172 0.76642215 1.8565918 0.64977324 -2.2572818 1.0868379 43.89603 3.1149098873138428 0.43210411071777344
Pedestrian 0.0 0 -2.709306240081787 452.1180725097656 174.51129150390625 470.4990234375 202.20384216308594 0.96322286 1.6834651 0.55005467 -8.814143 1.3207625 43.355705 -2.9098713397979736 0.30576276779174805
Pedestrian 0.0 0 -2.867900848388672 1053.202880859375 124.72313690185547 1110.1273193359375 208.00904846191406 0.98400307 1.8687212 0.549932 11.020796 0.6188441 16.4122 -2.276559352874756 0.23639918863773346
Pedestrian 0.0 0 -1.9329155683517456 967.4200439453125 135.1204833984375 989.7734985351562 177.4539337158203 0.6565629 1.9063312 0.7145351 17.022726 -0.13912906 32.257484 -1.447343349456787 0.20902039110660553
Cyclist 0.0 0 -1.2036365270614624 381.69244384765625 179.37030029296875 404.3229064941406 214.58522033691406 1.7840159 1.692847 0.4625683 -10.463966 1.6399828 34.891148 -1.4950045347213745 0.8307098746299744
Cyclist 0.0 0 -0.23647157847881317 592.1846313476562 167.25071716308594 622.64453125 196.14637756347656 1.8873503 1.8532149 0.59953916 0.15412587 1.0048125 45.851074 -0.23311014473438263 0.8136417865753174
Cyclist 0.0 0 -3.2021255493164062 648.1046752929688 165.5831756591797 678.2526245117188 194.6270294189453 1.794042 1.752222 0.5574935 3.5234299 0.8536487 42.949272 -3.120271921157837 0.8094613552093506
Cyclist 0.0 0 -0.14512985944747925 84.01473236083984 152.17709350585938 127.7575912475586 190.21519470214844 1.7539253 1.8915546 0.57748574 -25.395594 0.4845478 35.96851 -0.7599051594734192 0.2915880084037781
Cyclist 0.0 0 -1.7413907051086426 940.243896484375 131.5806427001953 968.3241577148438 193.6854248046875 1.1659983 1.8447824 0.57793784 10.6468 0.39322805 21.638376 -1.2841367721557617 0.10600317269563675
Car 0.0 0 -1.4938467741012573 516.6231689453125 176.8325653076172 550.9478149414062 205.08226013183594 3.5029726 1.4425405 1.5665332 -3.7829661 1.2566901 37.8685 -1.5934138298034668 0.9069291949272156
Car 0.0 0 2.5869808197021484 936.9239501953125 140.20277404785156 1087.05712890625 184.2299346923828 4.1819196 1.4279951 1.5646647 13.588618 0.122524366 23.783863 3.106058359146118 0.8591927289962769
Car 0.0 0 -0.43027833104133606 880.5231323242188 154.2264862060547 946.6222534179688 174.62608337402344 4.337548 1.5242152 1.6823269 23.635756 -0.4565329 54.215664 -0.019162820652127266 0.191244974732399
