Pedestrian 0.0 0 1.8571763038635254 900.1011352539062 149.54441833496094 969.8887939453125 287.7607116699219 0.7888958 1.7040422 0.6299211 4.3048005 1.3114069 9.357884 2.288330316543579 0.6754986047744751
Pedestrian 0.0 0 1.4027284383773804 764.0013427734375 155.34591674804688 796.0281372070312 225.6971893310547 0.6813296 1.6933469 0.65686256 4.3466687 1.0650171 17.651451 1.644174575805664 0.4985555410385132
Pedestrian 0.0 0 3.141185760498047 379.90460205078125 148.97967529296875 421.906982421875 219.2193145751953 1.0838586 1.8667545 0.56383425 -5.47414 1.0036291 19.506569 2.8675923347473145 0.460567444562912
Pedestrian 0.0 0 -0.6199471354484558 717.5388793945312 158.47024536132812 736.4784545898438 195.6143341064453 0.6896321 1.8424132 0.64561933 6.2965035 0.70098007 36.068237 -0.44711679220199585 0.42406028509140015
Pedestrian 0.0 0 -0.8215134739875793 733.1917724609375 155.41014099121094 753.150390625 191.86968994140625 0.79280394 1.8833041 0.66244614 7.414624 0.5365019 37.60349 -0.6268317103385925 0.40195098519325256
Pedestrian 0.0 0 -2.885251998901367 585.6083984375 160.9224853515625 602.8279418945312 193.65969848632812 0.8574163 1.8050948 0.508169 -0.40134054 0.6712896 39.95656 -2.895296096801758 0.3916562497615814
Pedestrian 0.0 0 -2.2064626216888428 1034.9898681640625 146.43516540527344 1113.0325927734375 281.0572204589844 0.594356 1.6782788 0.60552335 6.036765 1.242477 9.266887 -1.629080057144165 0.29019829630851746
Pedestrian 0.0 0 1.271563172340393 472.98773193359375 137.60780334472656 515.7237548828125 218.43882751464844 0.93912464 1.8559008 0.7596231 -2.5887787 0.8493341 17.078516 1.1211273670196533 0.22610408067703247
Pedestrian 0.0 0 2.917163372039795 567.640869140625 157.7271728515625 588.271240234375 192.2431640625 1.0521933 1.8702252 0.45532277 -1.2875808 0.58293945 39.2739 2.884390354156494 0.2114536613225937
Cyclist 0.0 0 1.8576220273971558 216.82044982910156 141.66981506347656 373.5544128417969 374.0 1.6680357 1.7106824 0.53184193 -2.0610993 1.4862806 4.928122 1.4614976644515991 0.7065815329551697
Cyclist 0.0 0 0.0024531781673431396 379.5296630859375 150.28245544433594 425.9710693359375 219.5471649169922 1.1997461 1.8404893 0.5268826 -5.4199853 1.0121477 19.498085 -0.2686769962310791 0.1071600541472435
Car 0.0 0 1.6635328531265259 603.7867431640625 164.3166961669922 644.3631591796875 195.05520629882812 4.304128 1.4690605 1.6735191 1.2034338 0.64873886 36.568146 1.6964303255081177 0.8025871515274048
Car 0.0 0 2.1086552143096924 893.070556640625 164.6301727294922 1059.4697265625 245.19384765625 3.1643615 1.438504 1.5372982 7.44933 1.1385565 14.308658 2.5886600017547607 0.41291606426239014
Car 0.0 0 0.9045643210411072 1115.791015625 204.8152313232422 1238.0 374.0 3.9208524 1.4505154 1.5663474 5.3820996 1.6778201 4.89521 1.737302303314209 0.2565610706806183
