Pedestrian 0.0 0 0.5447684526443481 918.4736328125 197.76083374023438 949.214599609375 246.28282165527344 0.8317066 1.8234454 0.745645 12.628648 2.8176892 28.235468 0.9653429985046387 0.16026048362255096
Pedestrian 0.0 0 0.36092907190322876 1071.3907470703125 214.639892578125 1148.2353515625 285.4290771484375 1.6142852 1.763045 0.63324285 13.649019 2.9595025 19.807226 0.9642972946166992 0.11508040130138397
Pedestrian 0.0 0 -3.1872942447662354 706.5071411132812 177.94041442871094 730.7313232421875 230.15158081054688 0.7424072 1.6498716 0.5869542 3.4404333 1.81606 23.191647 -3.04002046585083 0.10844200104475021
Cyclist 0.0 0 -0.07942646741867065 1073.5010986328125 213.97439575195312 1152.08203125 283.40509033203125 1.7191085 1.7536094 0.6136607 13.67439 2.9190567 19.743925 0.5263071060180664 0.2282015085220337
Cyclist 0.0 0 -1.8776661157608032 704.4107666015625 177.49314880371094 733.1463012695312 231.7261962890625 1.2856787 1.6827176 0.54681104 3.4373932 1.8364832 23.17894 -1.7304409742355347 0.12048640847206116
Cyclist 0.0 0 1.8576736450195312 391.1344299316406 186.9669189453125 405.9879150390625 213.72157287597656 1.4016479 1.7829136 0.60791296 -14.534834 2.7656505 49.52114 1.5721837282180786 0.11673802882432938
Car 0.0 0 1.756070613861084 454.6146240234375 175.86508178710938 495.01800537109375 205.3209991455078 4.808466 1.865393 1.8193731 -9.066531 2.078562 48.58765 1.571590781211853 0.2276461124420166
Car 0.0 0 2.8796608448028564 34.73506546020508 176.94349670410156 128.5686492919922 209.1393585205078 3.7350886 1.6117321 1.7217894 -28.2578 1.8422973 38.61929 2.247973918914795 0.14961157739162445
Car 0.0 0 2.7141053676605225 31.780738830566406 161.78057861328125 153.95278930664062 197.88914489746094 4.2200274 1.5362954 1.6761465 -23.532778 1.0655172 32.942753 2.093810796737671 0.11251670122146606
Car 0.0 0 0.5725648999214172 163.65155029296875 178.44578552246094 279.1997375488281 216.6954803466797 3.866999 1.4875326 1.629382 -15.7719965 1.722488 29.304255 0.07881450653076172 0.10177812725305557
