Pedestrian 0.0 0 -1.7562569379806519 843.4736328125 158.1806182861328 881.3160400390625 238.41912841796875 1.4892312 1.8528152 0.59335446 6.031376 1.5143453 17.438671 -1.4232732057571411 0.41086554527282715
Pedestrian 0.0 0 -1.3987913131713867 764.3551025390625 157.12991333007812 777.6179809570312 186.6051483154297 0.8032287 1.9330918 0.73208815 10.643539 0.9022076 47.829075 -1.1798263788223267 0.1692630797624588
Pedestrian 0.0 0 -0.36955249309539795 931.6260375976562 141.94085693359375 995.407470703125 219.5543212890625 1.260292 1.8176385 0.5280781 8.370323 1.094038 17.210474 0.08311605453491211 0.1646343320608139
Pedestrian 0.0 0 -1.3285956382751465 1002.886962890625 142.27769470214844 1040.261962890625 222.438720703125 0.7261992 1.8433318 0.6128028 9.686801 1.1405768 17.06359 -0.8122736811637878 0.15706004202365875
Pedestrian 0.0 0 -1.778611421585083 924.3229370117188 167.11676025390625 942.44921875 203.3851776123047 0.8360414 1.7914382 0.6686952 16.144238 1.5084116 36.115948 -1.3582457304000854 0.11626192927360535
Pedestrian 0.0 0 -1.9837045669555664 822.809326171875 157.21705627441406 838.1466064453125 187.0034942626953 0.73543316 1.8280811 0.66884923 13.618888 0.8687542 44.684402 -1.6878687143325806 0.11131680011749268
Cyclist 0.0 0 -1.757382869720459 843.8287353515625 158.1328582763672 881.8128662109375 238.51881408691406 1.4886715 1.8542699 0.5941357 6.035343 1.515054 17.420832 -1.4238793849945068 0.5532557964324951
Cyclist 0.0 0 1.1618707180023193 918.2342529296875 175.97679138183594 946.0089111328125 217.71971130371094 1.5232276 1.5976605 0.42833954 12.663573 1.7246432 28.491081 1.58012056350708 0.14908385276794434
Cyclist 0.0 0 -0.36955249309539795 931.6260375976562 141.94085693359375 995.407470703125 219.5543212890625 1.260292 1.8176385 0.5280781 8.370323 1.094038 17.210474 0.08311605453491211 0.1291578859090805
Car 0.0 0 1.69913649559021 389.78399658203125 169.07638549804688 433.7616882324219 204.0356903076172 3.9666362 1.5824002 1.5463313 -9.517142 1.4117675 34.72835 1.4316580295562744 0.2931722402572632
Car 0.0 0 2.0647780895233154 430.1449890136719 179.4982147216797 467.17510986328125 196.66754150390625 4.1623588 1.520295 1.6183493 -15.140463 2.165753 67.83015 1.8451666831970215 0.22287456691265106
Car 0.0 0 2.5939066410064697 881.5684814453125 162.61231994628906 969.1365966796875 193.13209533691406 3.8458009 1.517328 1.5797563 16.06623 1.0085082 36.914818 3.0044054985046387 0.20548130571842194
