Pedestrian 0.0 0 -3.0089433193206787 659.0523681640625 164.9152069091797 671.3320922851562 192.9810028076172 0.7683855 1.9096231 0.59155506 3.7556946 1.369818 49.46024 -2.933155059814453 0.2159130871295929
Pedestrian 0.0 0 0.9947046041488647 1057.2869873046875 147.0216522216797 1201.9600830078125 375.0 0.6547874 1.6508929 0.5915641 3.696487 1.4750881 5.255822 1.6076505184173584 0.20810621976852417
Pedestrian 0.0 0 0.3586534559726715 518.7503051757812 175.57901000976562 535.5506591796875 208.7964630126953 0.79707426 1.8553116 0.55888546 -4.709467 2.0108728 40.725227 0.24352478981018066 0.16809824109077454
Pedestrian 0.0 0 2.1006863117218018 1154.2821044921875 85.63753509521484 1242.0 249.6314239501953 0.8088009 1.8440723 0.6168363 6.9884567 0.86370164 8.540562 2.786466598510742 0.16287778317928314
Pedestrian 0.0 0 -0.028752446174621582 649.404052734375 174.1008758544922 671.2267456054688 212.83743286132812 1.0127033 1.8147439 0.56589836 2.3360813 1.874596 34.12237 0.03960275650024414 0.1611599177122116
Pedestrian 0.0 0 0.829757571220398 1112.3056640625 185.52078247070312 1242.0 375.0 0.6761754 1.621245 0.5817425 3.3193178 1.6995243 4.081431 1.5125396251678467 0.1296047419309616
Pedestrian 0.0 0 1.9905979633331299 818.7192993164062 175.6368408203125 875.9739379882812 293.7157287597656 0.53379375 1.7547235 0.6847359 3.6200974 1.799811 11.167338 2.304077386856079 0.12729360163211823
Pedestrian 0.0 0 2.64528751373291 903.7588500976562 143.28640747070312 1001.3990478515625 314.1956481933594 0.76341116 1.7908119 0.6120967 3.6714714 1.4813564 7.8862324 3.081001043319702 0.12623681128025055
Pedestrian 0.0 0 0.9038177728652954 982.91259765625 177.65232849121094 1115.25927734375 375.0 0.81896937 1.729469 0.5905407 3.6923585 1.7741137 6.2123003 1.4400817155838013 0.12485077977180481
Pedestrian 0.0 0 2.1416993141174316 509.06304931640625 173.24290466308594 528.9087524414062 210.41920471191406 0.7367908 1.8728042 0.72230744 -4.6826878 1.8932843 36.843735 2.0152812004089355 0.1092003658413887
Cyclist 0.0 0 2.427549123764038 418.2667236328125 136.82398986816406 472.70709228515625 196.5094757080078 1.7607341 1.8377241 0.5643814 -5.290602 0.7287129 23.090672 2.2023138999938965 0.10285598039627075
Car 0.0 0 1.7762539386749268 384.64697265625 175.45779418945312 488.8911437988281 253.21786499023438 3.6702156 1.5729525 1.5999373 -3.8950427 1.6398157 16.571766 1.545403242111206 0.96568763256073
Car 0.0 0 1.342215657234192 618.678466796875 186.73419189453125 648.27783203125 206.38894653320312 4.091723 1.5203445 1.611331 1.9254745 2.7364242 61.030434 1.373754620552063 0.22784946858882904
Car 0.0 0 1.514134168624878 670.9327392578125 151.3614044189453 706.41796875 183.8677520751953 3.916439 1.6559275 1.6648552 4.140338 0.5614166 38.75082 1.6205755472183228 0.1438891440629959
Car 0.0 0 -1.5157361030578613 538.9517822265625 162.19940185546875 569.85302734375 193.78013610839844 4.182458 1.9375306 1.7542076 -3.5599124 1.2842107 46.374454 -1.5923503637313843 0.11803067475557327
