Pedestrian 0.0 0 1.302492618560791 998.8328247070312 172.48028564453125 1032.6859130859375 238.9834747314453 0.7293944 1.8384383 0.6622077 11.40311 1.8284649 20.377096 1.8126795291900635 0.3991287052631378
Pedestrian 0.0 0 1.440218210220337 749.7521362304688 178.9311981201172 771.1878662109375 231.49429321289062 0.58024114 1.719108 0.6259141 4.9515305 1.9240913 23.979954 1.6438426971435547 0.3448648750782013
Pedestrian 0.0 0 1.0975710153579712 1011.5223999023438 199.279296875 1132.30859375 375.0 0.6221899 1.6677155 0.6281762 3.7554944 1.9000896 5.995376 1.6571753025054932 0.2782246172428131
Pedestrian 0.0 0 1.6984611749649048 913.8301391601562 157.99993896484375 964.7996826171875 252.21774291992188 1.7750407 1.8595647 0.7600201 6.904383 1.5667497 15.192814 2.1250100135803223 0.2142360508441925
Pedestrian 0.0 0 0.044879764318466187 718.2582397460938 197.47747802734375 738.6564331054688 240.052490234375 0.83002555 1.7658186 0.7770515 5.0410576 2.8375783 30.927004 0.20645737648010254 0.20790882408618927
Pedestrian 0.0 0 1.777121663093567 472.96240234375 201.6715087890625 495.27947998046875 250.58309936523438 0.8447839 1.8494713 0.70329374 -4.960824 2.9945266 28.224836 1.603137731552124 0.1882760226726532
Pedestrian 0.0 0 1.177016258239746 959.3489990234375 211.22991943359375 1055.798095703125 375.0 0.6710357 1.6557239 0.59346265 3.7289598 2.0430837 6.909847 1.671885371208191 0.1398845762014389
Pedestrian 0.0 0 0.8963837623596191 879.9037475585938 156.36277770996094 987.1963500976562 367.5030212402344 0.5948183 1.7380979 0.61891794 2.7568328 1.6027008 6.304376 1.3086168766021729 0.12480878084897995
Cyclist 0.0 0 1.7106835842132568 911.4051513671875 154.58642578125 961.9774780273438 247.52760314941406 1.8706615 1.8248876 0.71685743 6.829646 1.4665639 15.1467285 2.1342849731445312 0.48840659856796265
Cyclist 0.0 0 -0.9055436253547668 437.4911804199219 208.43467712402344 487.039794921875 276.6409606933594 1.6301968 1.6460059 0.35402584 -3.929379 2.6263673 19.0621 -1.1088318824768066 0.21767660975456238
Cyclist 0.0 0 1.5191776752471924 794.6566772460938 204.3447723388672 828.6314697265625 295.2514343261719 1.7645541 1.7654451 0.6079351 4.2823977 2.4863122 15.579045 1.7874341011047363 0.17274290323257446
Car 0.0 0 1.643747091293335 557.5767211914062 203.1665496826172 598.0318603515625 239.7096710205078 3.867194 1.6131688 1.7994387 -1.6374065 3.2527404 37.05718 1.5995898246765137 0.8707247972488403
Car 0.0 0 1.6114234924316406 498.41961669921875 207.56524658203125 540.2069702148438 249.44711303710938 3.4268441 1.5939102 1.7128747 -4.03427 3.2283602 32.185604 1.4867298603057861 0.3405889570713043
Car 0.0 0 0.19499611854553223 662.1399536132812 179.58346557617188 715.2015380859375 200.27635192871094 3.9973679 1.5998044 1.6817675 6.317207 2.1550252 58.09042 0.3033182621002197 0.20469588041305542
Car 0.0 0 -2.9717044830322266 1025.1131591796875 199.30738830566406 1227.591064453125 275.0609130859375 3.8585818 1.5285221 1.6558348 12.630051 2.2555103 17.867182 -2.356372356414795 0.18144631385803223
Car 0.0 0 1.6021597385406494 581.3173217773438 187.60910034179688 605.2826538085938 210.3535919189453 4.268743 1.6009674 1.7186915 -1.2798749 2.7843308 55.705784 1.5791881084442139 0.16490089893341064
Car 0.0 0 -0.5584716200828552 831.3040161132812 199.24317932128906 926.3665161132812 231.14012145996094 4.2409196 1.4619017 1.6980864 13.503105 2.8401134 36.411026 -0.20334243774414062 0.1552727073431015
Car 0.0 0 0.5793682336807251 995.2193603515625 0.0 1242.0 375.0 4.2439733 1.7357193 1.6455973 3.3458385 1.1322564 2.5120018 1.5061619281768799 0.1491125524044037
