Pedestrian 0.0 0 2.2211766242980957 916.7626342773438 153.9751739501953 994.654296875 292.75836181640625 0.55284315 1.782231 0.7697745 4.598762 1.54015 9.732093 2.6626124382019043 0.3072375953197479
Pedestrian 0.0 0 -1.5921597480773926 447.0254211425781 168.84786987304688 468.3144226074219 223.95652770996094 0.8563339 1.8849351 0.70670253 -5.3648086 1.7482673 25.174484 -1.8021239042282104 0.2632412612438202
Pedestrian 0.0 0 1.3491451740264893 1207.8599853515625 163.43417358398438 1242.0 251.7248992919922 1.4736787 1.6581527 0.49437734 12.320024 1.4816003 14.314762 2.05979061126709 0.10929257422685623
Cyclist 0.0 0 1.3491451740264893 1207.8599853515625 163.43417358398438 1242.0 251.7248992919922 1.4736787 1.6581527 0.49437734 12.320024 1.4816003 14.314762 2.05979061126709 0.4766126871109009
Car 0.0 0 -1.3612595796585083 449.10986328125 183.37843322753906 539.9117431640625 247.5932159423828 3.6888266 1.4402801 1.5803777 -2.9260678 1.7406768 18.682917 -1.5166147947311401 0.9607949256896973
Car 0.0 0 1.8357539176940918 289.23358154296875 169.76260375976562 485.795166015625 309.6272888183594 4.1714025 1.6994034 1.7293953 -3.1176474 1.6621999 10.862241 1.5562503337860107 0.9318658709526062
Car 0.0 0 1.4648551940917969 632.4849243164062 176.11402893066406 675.1959838867188 207.81356811523438 3.967407 1.4571352 1.6811928 2.0677638 1.6274937 35.60174 1.522870421409607 0.9209799766540527
Car 0.0 0 -2.205094337463379 845.135498046875 191.4345245361328 1242.0 375.0 3.7677598 1.509227 1.588152 2.419065 1.6426511 3.279778 -1.5695961713790894 0.8468432426452637
Car 0.0 0 1.7903004884719849 553.3416137695312 170.17901611328125 588.1768798828125 193.169677734375 4.345051 1.6555041 1.7106532 -2.928235 1.4632419 54.237297 1.7363635301589966 0.6681150197982788
Car 0.0 0 0.21283188462257385 483.40191650390625 160.2049102783203 544.9404296875 181.0773162841797 4.3103147 1.5329083 1.6712446 -7.1703367 0.6042928 53.99515 0.08080840110778809 0.3370462656021118
Car 0.0 0 1.0804176330566406 968.69580078125 154.52218627929688 1084.5115966796875 208.14930725097656 3.6304657 1.5234593 1.5607227 12.70129 1.0030401 22.330444 1.5975708961486816 0.29942983388900757
Car 0.0 0 1.6866260766983032 574.2462768554688 171.3085479736328 598.2681884765625 192.04205322265625 4.142089 1.7481437 1.6291567 -2.060166 1.6181972 62.965187 1.6539186239242554 0.2607164680957794
Car 0.0 0 -1.6229510307312012 633.3262939453125 165.8195037841797 659.5836181640625 190.61245727539062 4.3759875 1.785629 1.7346405 2.6696827 1.2793518 54.154095 -1.573693037033081 0.25473758578300476
Car 0.0 0 1.665786862373352 522.55810546875 174.13424682617188 549.3967895507812 195.78961181640625 3.4981546 1.4741279 1.5671952 -5.2361884 1.5682293 51.076008 1.5636261701583862 0.2339789867401123
