Pedestrian 0.0 0 2.9788315296173096 577.8202514648438 166.32135009765625 601.6344604492188 220.99624633789062 0.69549674 1.7628396 0.56384325 -0.712179 1.5525703 23.604586 2.94866943359375 0.3594488203525543
Pedestrian 0.0 0 0.5726242661476135 928.1697387695312 148.8035125732422 949.9943237304688 189.0415802001953 0.7027599 1.7572865 0.532513 14.529598 0.7073054 31.94798 0.9994537830352783 0.354259192943573
Pedestrian 0.0 0 1.9141842126846313 689.6357421875 149.5638885498047 706.4188232421875 191.18844604492188 0.6294785 1.9196756 0.601724 4.072913 0.8459209 33.689796 2.0344948768615723 0.2688519358634949
Pedestrian 0.0 0 -2.5038154125213623 240.67233276367188 162.83621215820312 263.977783203125 204.0472412109375 0.6750003 1.802171 0.64166474 -15.863396 1.364448 31.925447 -2.964970827102661 0.26840445399284363
Pedestrian 0.0 0 2.6497254371643066 603.109375 169.62322998046875 633.3274536132812 229.25978088378906 0.7587199 1.802892 0.554758 0.20553078 1.7055793 22.232054 2.6589698791503906 0.26073572039604187
Pedestrian 0.0 0 0.3505696654319763 62.78199005126953 154.8353271484375 94.13130187988281 193.49331665039062 1.0232223 1.7719911 0.6170425 -24.718594 0.9464154 33.510754 -0.28496861457824707 0.17737789452075958
Cyclist 0.0 0 -3.4591352939605713 1118.42529296875 187.60948181152344 1242.0 286.965087890625 1.9911138 1.6065097 0.78520334 10.124712 1.8791708 12.594996 -2.7820403575897217 0.4921039044857025
Cyclist 0.0 0 -2.9182238578796387 923.3158569335938 161.86685180664062 1022.01513671875 229.32444763183594 2.1117454 1.6259191 0.8538453 9.171729 1.3614557 18.387575 -2.455536365509033 0.22084392607212067
Car 0.0 0 1.2222399711608887 262.4272155761719 182.50335693359375 364.7862243652344 234.58181762695312 4.1323338 1.4424546 1.6717678 -9.498393 1.776253 22.843113 0.828179121017456 0.8192705512046814
Car 0.0 0 -2.249117374420166 0.0 169.00753784179688 209.92564392089844 287.2230224609375 4.243323 1.9439557 1.8149515 -9.885923 1.8810616 13.270566 -2.8893792629241943 0.6918185353279114
Car 0.0 0 1.5423675775527954 197.07925415039062 182.3437957763672 253.91598510742188 232.6566925048828 3.4826312 1.3942026 1.4586746 -12.12085 1.7160976 22.571423 1.0495600700378418 0.6685056686401367
Car 0.0 0 -2.686328172683716 329.19329833984375 150.17428588867188 439.4219970703125 188.01132202148438 4.4264317 1.6312742 1.6576089 -10.094555 0.653838 32.259396 -2.989593982696533 0.4507176876068115
Car 0.0 0 2.688918352127075 880.62890625 172.73452758789062 1006.0938110351562 213.38555908203125 4.08165 1.511575 1.5965894 12.677997 1.5074908 27.672188 3.1185286045074463 0.24114125967025757
Car 0.0 0 0.5058689713478088 410.9806823730469 162.9600067138672 550.4229125976562 218.8600616455078 3.6152432 1.4971756 1.5813097 -3.732246 1.2325419 20.65174 0.327075719833374 0.23724259436130524
Car 0.0 0 1.7872447967529297 375.8191833496094 176.26455688476562 443.93060302734375 221.33343505859375 4.101009 1.555596 1.6374727 -7.5195765 1.6949302 27.30868 1.5185487270355225 0.18852944672107697
Car 0.0 0 3.291975975036621 22.29277992248535 161.45091247558594 141.7888641357422 195.35951232910156 4.538254 1.5827762 1.701833 -25.851099 1.050864 35.478462 2.6622846126556396 0.1823861449956894
