Car 0.0 0 1.9786326885223389 116.39924621582031 202.89297485351562 428.462646484375 375.0 3.3487437 1.5367156 1.5223175 -3.0496294 1.9055341 7.1690636 1.5764340162277222 0.9562219381332397
Car 0.0 0 1.3588329553604126 736.369873046875 197.222412109375 854.9108276367188 284.89459228515625 4.247811 1.5742573 1.6848688 3.9661925 2.1973996 16.291878 1.597633719444275 0.9019536972045898
Car 0.0 0 -1.6641637086868286 704.742431640625 194.39723205566406 771.9620971679688 252.11753845214844 4.232884 1.4940636 1.6453495 3.8500948 2.2302513 22.469036 -1.4944607019424438 0.8883153796195984
Car 0.0 0 -1.8979710340499878 779.9618530273438 191.8594970703125 1007.8439331054688 345.88006591796875 3.8863454 1.5978339 1.6540712 3.542132 1.9111128 9.921265 -1.5550522804260254 0.8660321235656738
Car 0.0 0 1.5917752981185913 555.3256225585938 186.99270629882812 587.1904296875 219.11813354492188 4.0260477 1.6190197 1.6843528 -2.151663 2.4470203 40.194855 1.5382955074310303 0.8141636252403259
Car 0.0 0 -2.283759117126465 960.7334594726562 219.5808563232422 1242.0 375.0 3.8514473 1.4520537 1.5738021 3.8106062 1.862703 4.407071 -1.570816993713379 0.7855644226074219
Car 0.0 0 -1.7446353435516357 678.05029296875 190.9442901611328 726.0123901367188 227.73329162597656 3.599603 1.557998 1.6462901 4.2652698 2.4619954 34.200695 -1.62056303024292 0.6063336730003357
Car 0.0 0 -1.7240824699401855 690.6669311523438 190.87254333496094 746.9581909179688 235.12818908691406 3.458607 1.5098344 1.618419 4.076954 2.246874 27.761742 -1.578269600868225 0.5651454925537109
Car 0.0 0 -1.7355798482894897 668.880859375 192.5545654296875 711.0697021484375 225.48779296875 3.8237321 1.5811895 1.647653 4.225321 2.6980703 38.93469 -1.6274795532226562 0.5574928522109985
Car 0.0 0 -1.4896129369735718 500.98748779296875 191.69041442871094 559.062255859375 245.4898681640625 3.751309 1.5548787 1.6252028 -2.637782 2.2334032 24.077116 -1.5987333059310913 0.43138977885246277
