Pedestrian 0.0 0 1.6250174045562744 185.47607421875 155.04644775390625 231.32684326171875 243.6529083251953 1.1015593 1.9128219 0.84642607 -9.076826 1.528753 16.254435 1.1157314777374268 0.5408002734184265
Cyclist 0.0 0 1.8399665355682373 341.6288757324219 182.70468139648438 401.08685302734375 290.2619323730469 1.7823443 1.8160757 0.58675873 -4.3980384 2.0097346 13.251046 1.519505500793457 0.816662609577179
Cyclist 0.0 0 1.8594765663146973 181.7745819091797 154.39544677734375 236.72174072265625 240.3950653076172 1.0755411 1.8687472 0.8138272 -9.075511 1.4680059 16.289568 1.3511708974838257 0.15851517021656036
Car 0.0 0 -1.6748230457305908 678.2084350585938 179.38589477539062 779.5050048828125 261.9765319824219 4.2873015 1.556061 1.7449054 2.4524882 1.7221197 16.118921 -1.5238313674926758 0.9684045910835266
Car 0.0 0 -2.0278964042663574 801.917236328125 187.07359313964844 1242.0 375.0 3.4640899 1.4067644 1.5161563 2.5908344 1.5465337 5.3354797 -1.5758464336395264 0.9599601626396179
Car 0.0 0 2.0512351989746094 0.0 194.4801483154297 371.8086242675781 375.0 4.4939027 1.4587231 1.7104343 -3.7748084 1.7266201 6.6471667 1.5347665548324585 0.9579862952232361
Car 0.0 0 3.3700592517852783 342.9124450683594 175.80125427246094 476.4405212402344 233.7459259033203 3.836642 1.773373 1.6826409 -6.3725967 1.8718185 23.091946 3.100795030593872 0.9116301536560059
Car 0.0 0 1.586631178855896 540.9992065429688 179.43826293945312 561.0233154296875 199.95684814453125 3.6554265 1.6284018 1.6135409 -4.930336 2.196545 60.34136 1.505104899406433 0.6962711811065674
Car 0.0 0 -1.6646798849105835 641.6713256835938 174.09710693359375 690.5166015625 214.44906616210938 4.153804 1.6227331 1.7100528 2.318082 1.6805168 31.235926 -1.5906035900115967 0.48958316445350647
Car 0.0 0 -1.075350284576416 629.1342163085938 173.0367889404297 671.881591796875 195.76473999023438 3.74224 1.6388842 1.6149153 3.043866 1.6534514 54.075573 -1.019120454788208 0.2824113667011261
