Pedestrian 0.0 0 -3.67716908454895 1090.38330078125 129.25958251953125 1210.1988525390625 288.5048828125 0.92805445 1.7671653 0.58838946 6.2386947 1.2002308 8.186978 -3.026015281677246 0.7824427485466003
Pedestrian 0.0 0 -0.809174120426178 1125.7120361328125 116.2697525024414 1224.0 289.5528869628906 1.013129 1.7464528 0.59519213 6.1711893 1.1007949 7.476792 -0.11914844810962677 0.6400735378265381
Pedestrian 0.0 0 2.534181594848633 991.111083984375 120.26792907714844 1063.8175048828125 245.2758026123047 0.79071176 1.6877358 0.372406 5.7760053 0.8762114 9.755395 3.0687594413757324 0.5744076371192932
Pedestrian 0.0 0 -1.7521296739578247 514.3510131835938 162.41043090820312 555.5192260742188 268.27459716796875 0.73428196 1.666109 0.5424633 -1.1986483 1.3830682 11.551233 -1.855527639389038 0.5650901198387146
Pedestrian 0.0 0 -0.4693107604980469 508.8522644042969 165.201416015625 520.9835205078125 187.51736450195312 0.90551853 1.9061066 0.50473034 -7.73432 0.60058063 60.850296 -0.5957369208335876 0.43020981550216675
Pedestrian 0.0 0 -3.215291738510132 775.1754760742188 157.82664489746094 794.64453125 190.22079467773438 1.0470661 1.8423901 0.5016169 10.305854 0.5542468 40.546062 -2.966386079788208 0.2928727865219116
Pedestrian 0.0 0 3.6004061698913574 121.04586029052734 120.32695007324219 203.70103454589844 257.27838134765625 0.8081409 1.8438758 0.5687891 -6.1911774 1.0353937 9.838907 3.0387532711029053 0.2659277617931366
Pedestrian 0.0 0 -2.8701348304748535 480.8793029785156 171.221435546875 540.0191650390625 285.85980224609375 0.8013835 1.7150432 0.48787758 -1.4925399 1.5778928 10.868449 -3.0066089630126953 0.2172776758670807
Cyclist 0.0 0 -2.0150389671325684 975.5394897460938 138.7750701904297 1021.3275146484375 204.6136016845703 1.5747494 1.6630133 0.41442585 10.319997 0.6106777 18.652912 -1.509692907333374 0.4715808928012848
Cyclist 0.0 0 -2.0480360984802246 874.5215454101562 157.5072021484375 902.29736328125 195.17698669433594 1.6845385 1.7486688 0.50837106 13.469344 0.6827744 33.67984 -1.6675961017608643 0.2238149642944336
Cyclist 0.0 0 -3.215291738510132 775.1754760742188 157.82664489746094 794.64453125 190.22079467773438 1.0470661 1.8423901 0.5016169 10.305854 0.5542468 40.546062 -2.966386079788208 0.20508445799350739
Cyclist 0.0 0 -0.44423335790634155 508.5218505859375 164.8133544921875 520.6879272460938 186.94113159179688 0.90810126 1.8913335 0.51068 -7.7662907 0.5517403 60.88908 -0.5710965394973755 0.11079173535108566
Car 0.0 0 -0.832886815071106 0.0 204.56488037109375 298.0335388183594 370.0 3.9628508 1.440961 1.6030263 -3.1698916 1.6261984 3.3954477 -1.5839428901672363 0.8385046124458313
Car 0.0 0 1.7734532356262207 445.8467712402344 171.0089111328125 487.128173828125 198.8871612548828 4.205914 1.6541693 1.7139418 -8.574494 1.0923797 44.059902 1.58124577999115 0.7824653387069702
Car 0.0 0 -1.6328699588775635 643.8651733398438 167.43569946289062 666.3327026367188 187.13113403320312 3.6572976 1.4824615 1.5151972 3.8828397 0.5003841 55.049065 -1.5624524354934692 0.3171105682849884
