Car 0.0 0 -1.7437188625335693 685.0545654296875 181.9705352783203 770.7387084960938 247.18553161621094 3.4993463 1.4643484 1.5570458 2.8645391 1.7202207 18.4561 -1.589739203453064 0.9651973247528076
Car 0.0 0 0.4122669994831085 166.0674591064453 185.62416076660156 407.07183837890625 274.62646484375 3.9148211 1.5789349 1.5622925 -6.112845 1.8378018 13.813852 -0.004345471039414406 0.9477912187576294
Car 0.0 0 0.3900645077228546 253.21800231933594 178.80551147460938 453.9156494140625 253.86708068847656 3.9044056 1.567136 1.6107413 -5.6781564 1.7078482 16.109097 0.05118083953857422 0.9308949112892151
Car 0.0 0 -2.1720786094665527 837.614501953125 181.142333984375 1242.0 375.0 3.5904858 1.4274495 1.552495 2.8017352 1.5012512 4.558928 -1.6210219860076904 0.9026108384132385
Car 0.0 0 -0.21564123034477234 744.0078735351562 172.41497802734375 881.4566650390625 224.52951049804688 4.0508866 1.6349703 1.7043972 6.4927607 1.6215551 23.591944 0.05292105674743652 0.8656132817268372
Car 0.0 0 3.7925069332122803 0.0 129.9506072998047 236.5536346435547 287.7080383300781 3.6820211 1.6724811 1.6254262 -6.714914 1.2179945 8.492636 3.1234779357910156 0.8236386179924011
Car 0.0 0 0.5633718967437744 0.0 184.19503784179688 315.2611999511719 291.3712158203125 3.9870765 1.5100788 1.532383 -6.8982973 1.6973982 11.110504 0.0077402591705322266 0.8192570209503174
Car 0.0 0 0.7724035382270813 0.0 195.20443725585938 166.88475036621094 375.0 4.113751 1.4933922 1.6065792 -6.3257375 1.7078307 6.029666 -0.0369529202580452 0.7662274837493896
Car 0.0 0 0.535815954208374 302.8005676269531 178.32351684570312 456.4588317871094 242.36460876464844 3.50326 1.5388082 1.5155958 -5.9699683 1.6892058 18.659204 0.22616052627563477 0.7575970888137817
Car 0.0 0 0.38270139694213867 322.6588439941406 178.5867462158203 485.42578125 234.84228515625 4.2662115 1.536023 1.5403783 -5.949702 1.7102445 20.890167 0.1052391529083252 0.7517092823982239
Car 0.0 0 -1.629748821258545 635.858154296875 175.34054565429688 660.9347534179688 197.6412811279297 3.6802666 1.5429949 1.5905455 2.716918 1.7295355 52.17781 -1.5777254104614258 0.6554775238037109
