Pedestrian 0.0 0 -1.4135311841964722 639.07958984375 171.06304931640625 657.7127075195312 214.52215576171875 0.8370013 1.7193487 0.625904 1.8757976 1.3074437 28.89363 -1.3487013578414917 0.4529615640640259
Pedestrian 0.0 0 -1.448241114616394 896.1036376953125 190.23094177246094 973.2047119140625 347.02569580078125 0.68057877 1.6203239 0.6988247 3.64485 1.7240349 7.946349 -1.0181905031204224 0.44304898381233215
Pedestrian 0.0 0 -2.705275774002075 461.7746276855469 171.46022033691406 504.05120849609375 261.4277038574219 0.53094953 1.7314075 0.8303592 -2.387929 1.5394483 14.292667 -2.8708205223083496 0.28401580452919006
Pedestrian 0.0 0 -1.5829471349716187 728.0687255859375 186.44557189941406 765.9873046875 275.5233154296875 0.6155979 1.7099799 0.7188209 2.8317938 1.811516 14.196307 -1.3860573768615723 0.27702799439430237
Pedestrian 0.0 0 -1.653486728668213 708.3875122070312 190.548583984375 742.4962158203125 268.4807434082031 0.8618709 1.6077912 0.64704996 2.6072931 1.8085356 15.379976 -1.485558032989502 0.25178441405296326
Pedestrian 0.0 0 1.2431328296661377 850.0574340820312 182.97987365722656 917.8180541992188 313.03955078125 0.79552025 1.5422115 0.55310404 3.4481597 1.5627931 8.933113 1.611510157585144 0.2190551608800888
Pedestrian 0.0 0 2.830883502960205 738.7634887695312 151.4530029296875 762.08203125 198.88516235351562 0.68426174 1.7237425 0.6150472 5.4597716 0.632844 26.444895 3.0344812870025635 0.185060054063797
Pedestrian 0.0 0 1.4607431888580322 743.7057495117188 182.6282501220703 777.2538452148438 258.6221923828125 0.71513915 1.5925077 0.6269699 3.375094 1.6186097 15.450486 1.6758105754852295 0.1783594936132431
Pedestrian 0.0 0 -2.3747193813323975 489.6129455566406 168.88751220703125 521.9710693359375 227.87098693847656 0.7777249 1.7636964 0.6055025 -2.9504938 1.3876884 21.950869 -2.5083320140838623 0.16023586690425873
Pedestrian 0.0 0 1.1616915464401245 0.0 220.91134643554688 204.85755920410156 374.0 0.7559008 1.6911402 0.70117617 -2.528403 1.909353 3.4551868 0.5299599170684814 0.14593492448329926
Cyclist 0.0 0 -1.9613949060440063 664.9863891601562 173.77835083007812 696.2161865234375 223.81906127929688 1.7099638 1.6012932 0.406145 2.5883977 1.3553009 23.86167 -1.8533422946929932 0.5835283398628235
Cyclist 0.0 0 -1.554924726486206 642.6381225585938 170.8272247314453 656.6293334960938 215.2572479248047 1.6005412 1.7197179 0.5337501 1.91004 1.3076326 28.62095 -1.4882878065109253 0.24627527594566345
Cyclist 0.0 0 1.3575563430786133 738.7373657226562 151.74647521972656 760.0291748046875 199.53610229492188 1.1781849 1.7279739 0.5311525 5.4416637 0.65319633 26.56292 1.5596200227737427 0.18803584575653076
Cyclist 0.0 0 -1.653486728668213 708.3875122070312 190.548583984375 742.4962158203125 268.4807434082031 0.8618709 1.6077912 0.64704996 2.6072931 1.8085356 15.379976 -1.485558032989502 0.15544182062149048
Cyclist 0.0 0 1.2431328296661377 850.0574340820312 182.97987365722656 917.8180541992188 313.03955078125 0.79552025 1.5422115 0.55310404 3.4481597 1.5627931 8.933113 1.611510157585144 0.1386713981628418
Cyclist 0.0 0 1.3752262592315674 745.5263671875 180.0679931640625 779.7566528320312 252.52830505371094 0.67589694 1.5094951 0.5891689 3.3898747 1.4808986 15.306213 1.5931787490844727 0.11598054319620132
Car 0.0 0 -1.9097706079483032 634.93798828125 171.67669677734375 682.1604614257812 199.2359161376953 3.5473847 1.476201 1.5474471 3.1607006 0.9508549 40.38804 -1.8316714763641357 0.22499588131904602
Car 0.0 0 -1.9822871685028076 748.1006469726562 203.42701721191406 991.4583129882812 351.7744140625 3.7528994 1.4215581 1.5073918 3.1561983 1.7685508 9.387534 -1.65794837474823 0.16425731778144836
