Car 0.0 0 1.9521329402923584 179.88192749023438 187.3188934326172 354.945068359375 285.55010986328125 4.1633654 1.5702149 1.6640514 -6.573565 1.8993466 14.276336 1.5206212997436523 0.9611842632293701
Car 0.0 0 1.6838619709014893 485.2087097167969 181.86566162109375 539.3494262695312 220.59661865234375 4.254459 1.4350986 1.7502598 -4.007601 1.8353986 29.874903 1.5505119562149048 0.9524386525154114
Car 0.0 0 2.1807491779327393 0.0 188.5078887939453 222.54534912109375 375.0 4.2826757 1.5994322 1.6670401 -6.2452917 1.8208625 8.005008 1.5182151794433594 0.8932716846466064
Car 0.0 0 1.8662645816802979 371.2027587890625 188.64901733398438 451.95074462890625 237.60357666015625 3.9694655 1.4812679 1.6210396 -6.8471465 2.0758162 25.132917 1.6002823114395142 0.8458020687103271
Car 0.0 0 -1.6944066286087036 626.7608032226562 173.947509765625 658.7658081054688 198.3695831298828 3.9037836 1.5108279 1.5977727 2.0532632 1.5851967 46.82318 -1.650583267211914 0.8421550393104553
Car 0.0 0 2.932811975479126 706.7324829101562 166.62327575683594 791.8058471679688 196.7900390625 4.347162 1.6273795 1.7134532 7.6033516 1.291614 39.82168 3.121476173400879 0.7468327879905701
Car 0.0 0 -2.1734883785247803 1108.5067138671875 151.05516052246094 1242.0 200.74749755859375 4.0312476 1.4393629 1.6918749 17.967344 0.8083065 22.960617 -1.5094918012619019 0.737716794013977
Car 0.0 0 1.5894365310668945 522.7848510742188 181.42733764648438 550.2867431640625 208.70254516601562 3.5035336 1.4563968 1.506753 -4.22421 1.9710137 41.469547 1.4879237413406372 0.523693323135376
Car 0.0 0 1.5940965414047241 467.02886962890625 183.9332275390625 497.24853515625 214.0874481201172 3.7826006 1.5211408 1.5574148 -7.0548735 2.1638513 39.84326 1.4188473224639893 0.46133339405059814
Car 0.0 0 -0.2270621657371521 696.1055908203125 159.4421844482422 772.3143920898438 187.57644653320312 4.205001 1.6390541 1.6698964 7.3296504 0.85806227 42.98863 -0.05818407982587814 0.4579553008079529
