Pedestrian 0.0 0 2.392754554748535 425.1647644042969 171.78335571289062 479.1371154785156 256.66741943359375 0.947752 1.7882713 0.6797506 -3.2959046 1.5848007 15.713852 2.186006546020508 0.7836471199989319
Pedestrian 0.0 0 1.1594089269638062 776.7116088867188 168.06297302246094 817.0319213867188 248.68673706054688 0.8355717 1.7926987 0.6037429 4.423974 1.4951396 16.427635 1.422468900680542 0.7255567312240601
Pedestrian 0.0 0 2.7106399536132812 394.1961669921875 175.29017639160156 430.6645812988281 246.4648895263672 0.63027203 1.5747211 0.5441009 -4.3259287 1.4385499 16.300793 2.451237916946411 0.7198526263237
Pedestrian 0.0 0 2.0923171043395996 682.3836059570312 169.1903533935547 740.8272094726562 274.3723449707031 0.84954786 1.6436045 0.6032289 1.7645864 1.4525493 11.742525 2.241474151611328 0.6678085923194885
Pedestrian 0.0 0 1.294739007949829 676.4083251953125 177.91610717773438 696.0025024414062 219.65463256835938 0.8428802 1.6967291 0.5948495 3.4790986 1.5520324 29.661983 1.4114969968795776 0.6559850573539734
Pedestrian 0.0 0 -1.5599952936172485 643.1134643554688 172.38648986816406 667.3123168945312 233.01498413085938 0.92020893 1.6969343 0.6763178 1.5151118 1.4430039 20.58983 -1.4865422248840332 0.6496034264564514
Pedestrian 0.0 0 -2.2393624782562256 3.5758912563323975 166.99732971191406 77.70504760742188 287.7729187011719 0.57724637 1.7159474 0.64191186 -8.295908 1.5112133 10.583127 -2.9041969776153564 0.5602594017982483
Pedestrian 0.0 0 -1.7998368740081787 751.8407592773438 172.41354370117188 790.2124633789062 253.9449920654297 0.9735138 1.7476479 0.61715573 3.7005289 1.554105 15.881877 -1.5709179639816284 0.5340930819511414
Pedestrian 0.0 0 -0.5191109776496887 667.43212890625 184.4724884033203 687.49951171875 217.27957153320312 0.81662333 1.6225064 0.58814156 3.8055706 1.774294 36.035007 -0.41389337182044983 0.42274004220962524
Pedestrian 0.0 0 2.513091564178467 814.0345458984375 166.0980987548828 852.9708251953125 247.54238891601562 0.6056623 1.7206024 0.5273064 4.9728255 1.3964515 15.518221 2.8232033252716064 0.40839794278144836
Pedestrian 0.0 0 -0.49802231788635254 1099.705810546875 72.88533020019531 1238.0 319.4588928222656 1.017728 1.8102443 0.562616 4.5684147 1.0142388 5.640222 0.1827688217163086 0.4014105498790741
Pedestrian 0.0 0 3.1961913108825684 291.58367919921875 172.6370391845703 317.7158508300781 227.4170379638672 0.76831764 1.7783241 0.5840414 -9.818885 1.4916989 23.719559 2.8037109375 0.39228007197380066
Pedestrian 0.0 0 1.5924314260482788 685.7492065429688 179.5297393798828 720.7169799804688 260.38555908203125 0.6399048 1.6629449 0.714782 2.113244 1.6236612 15.144121 1.7310783863067627 0.36836177110671997
Pedestrian 0.0 0 1.53061044216156 487.95623779296875 147.85157775878906 504.4114074707031 194.4528045654297 0.6142275 1.9631587 0.6689526 -4.5051107 0.5466351 30.622252 1.3845393657684326 0.3059668242931366
Pedestrian 0.0 0 -1.6240999698638916 735.6136474609375 174.3355712890625 766.4133911132812 250.1964569091797 0.6866533 1.864802 0.7196171 3.716877 1.6898769 18.048576 -1.42100191116333 0.30030229687690735
Cyclist 0.0 0 1.1355912685394287 1097.0960693359375 121.33522033691406 1238.0 318.2797546386719 1.6743912 1.7872754 0.6336297 5.793525 1.2426577 7.403522 1.7995926141738892 0.3877432346343994
Cyclist 0.0 0 0.6581102013587952 134.14784240722656 188.27291870117188 264.618896484375 285.5482482910156 1.8531256 1.6035937 0.8335632 -6.9935575 1.7275618 12.463147 0.14675521850585938 0.35439440608024597
Cyclist 0.0 0 -1.6409797668457031 642.6869506835938 173.45677185058594 668.779052734375 234.42201232910156 0.92735195 1.7018723 0.6767998 1.5125535 1.4784907 20.514862 -1.5673832893371582 0.14510659873485565
Cyclist 0.0 0 -1.7918075323104858 751.1973876953125 172.0184783935547 790.2188720703125 254.47201538085938 1.0083314 1.767393 0.63127935 3.6973598 1.5653844 15.901413 -1.5633492469787598 0.13101303577423096
Car 0.0 0 1.716818928718567 560.8939208984375 183.1427459716797 604.0880737304688 211.22935485839844 3.9280722 1.3235893 1.618355 -0.9044717 1.4117526 36.134174 1.6917932033538818 0.9328939914703369
Car 0.0 0 0.954446017742157 853.1952514648438 196.65696716308594 1238.0 374.0 3.7789767 1.4631425 1.5612394 3.2819984 1.6141111 5.161256 1.5208390951156616 0.5661692023277283
Car 0.0 0 0.5759364366531372 769.1027221679688 147.6544647216797 866.1572265625 184.31802368164062 3.9693038 1.5712639 1.6813666 9.806964 0.12173641 32.839108 0.8661420345306396 0.484761506319046
