Pedestrian 0.0 0 -2.853365421295166 518.0291748046875 163.3166046142578 546.7297973632812 208.16629028320312 1.0060066 1.7933977 0.68737733 -2.9662757 1.1077839 28.698158 -2.9563608169555664 0.6735777258872986
Pedestrian 0.0 0 0.4045576751232147 419.0890808105469 163.65496826171875 445.9312744140625 212.5975799560547 0.7665311 1.7829732 0.66212213 -6.400248 1.1708302 26.14207 0.16445493698120117 0.5384769439697266
Pedestrian 0.0 0 2.01875638961792 276.2328796386719 177.4211883544922 298.35467529296875 216.20301818847656 0.87603796 1.6471477 0.5453489 -13.7076435 1.5178634 30.469685 1.5960038900375366 0.47311931848526
Pedestrian 0.0 0 -1.1006293296813965 389.5895080566406 163.51634216308594 416.131591796875 211.25247192382812 0.9403643 1.8251846 0.63928545 -7.8952417 1.1773238 27.551285 -1.3797155618667603 0.46568188071250916
Pedestrian 0.0 0 -2.046928882598877 106.86771392822266 153.62429809570312 129.4089813232422 192.02084350585938 0.6768473 1.977585 0.7415191 -25.420338 0.5947924 36.89763 -2.6501951217651367 0.4157823324203491
Pedestrian 0.0 0 2.259201765060425 393.6709289550781 169.42286682128906 419.1995544433594 213.98550415039062 0.8602195 1.8178295 0.6149683 -8.262758 1.3674537 29.35493 1.9848233461380005 0.3994086682796478
Pedestrian 0.0 0 2.6827571392059326 794.6990966796875 135.6391143798828 830.3030395507812 199.47166442871094 0.8429025 1.8916681 0.6188707 6.2216454 0.56378686 21.326399 2.96661376953125 0.381463885307312
Cyclist 0.0 0 -0.23521284759044647 750.20947265625 158.24114990234375 798.0138549804688 199.6326141357422 1.8603308 1.7305847 0.6684691 7.1179814 0.80142164 29.892466 -0.0014466214925050735 0.8811087012290955
Cyclist 0.0 0 -0.09344589710235596 814.5985107421875 150.79412841796875 868.4259033203125 201.1180877685547 1.7722856 1.764012 0.64029753 8.414657 0.724257 25.291258 0.22774362564086914 0.8017038106918335
Cyclist 0.0 0 2.661482334136963 636.3224487304688 163.18138122558594 670.6384887695312 197.33200073242188 1.7752614 1.8039608 0.5717951 2.5943756 0.89053893 37.961285 2.7297189235687256 0.7675513625144958
Cyclist 0.0 0 -2.1086959838867188 990.6329345703125 151.4729461669922 1018.7044677734375 187.2263641357422 1.6783037 1.7793813 0.44593024 20.337801 0.33619037 36.027805 -1.5947864055633545 0.5556522011756897
Cyclist 0.0 0 -2.8881468772888184 519.7908935546875 163.19061279296875 547.998291015625 208.78286743164062 0.99768084 1.8221852 0.6916716 -2.901771 1.1318774 28.671297 -2.989011526107788 0.2060505449771881
Cyclist 0.0 0 2.0171544551849365 388.6850891113281 162.58718872070312 414.8514709472656 210.36907958984375 0.96508247 1.8221194 0.62368405 -7.9185486 1.1405387 27.48511 1.7366474866867065 0.10843155533075333
Car 0.0 0 -1.4310003519058228 454.838623046875 172.9180908203125 524.3457641601562 226.31900024414062 3.705389 1.4848101 1.5834042 -3.4544523 1.2755715 21.522161 -1.5901496410369873 0.9820204377174377
Car 0.0 0 -0.5390825867652893 1008.8563842773438 152.19308471679688 1109.134033203125 181.90115356445312 4.2457147 1.5457917 1.6612654 24.122164 0.07432225 37.679447 0.030368328094482422 0.8861566781997681
Car 0.0 0 -3.598712682723999 924.911865234375 160.15628051757812 1007.5186767578125 189.2969970703125 3.5339618 1.5070901 1.6286939 19.048935 0.45637897 37.400894 -3.127638816833496 0.8188609480857849
