Pedestrian 0.0 0 -1.40695321559906 536.0693969726562 174.42849731445312 552.8713989257812 212.86712646484375 0.77845603 1.6889253 0.628162 -2.9555843 1.7603303 32.14486 -1.4986412525177002 0.16710135340690613
Cyclist 0.0 0 -1.1738004684448242 196.31739807128906 172.68040466308594 230.38565063476562 215.65113830566406 2.1580756 1.8131037 0.5125234 -17.355516 1.8061367 31.541851 -1.6768262386322021 0.76765376329422
Cyclist 0.0 0 -1.9138764142990112 800.7067260742188 176.00425720214844 820.5635375976562 214.20277404785156 1.5375222 1.6297649 0.34006935 8.761753 1.7718958 31.68981 -1.6441302299499512 0.1979624480009079
Car 0.0 0 -1.5795888900756836 552.168212890625 181.80055236816406 716.5147705078125 333.0611572265625 3.9999375 1.5045123 1.6910906 0.22369316 1.6467125 9.424448 -1.5558578968048096 0.9267734885215759
Car 0.0 0 2.071239709854126 0.0 170.01992797851562 32.334434509277344 300.2943420410156 4.0413637 1.5217065 1.570824 -10.455276 1.4889601 10.584186 1.2919684648513794 0.44363871216773987
Car 0.0 0 1.3376089334487915 759.5604248046875 170.3347930908203 796.9882202148438 194.7695770263672 4.16792 1.6532542 1.6449937 11.789807 1.4831616 50.904907 1.565200686454773 0.4371182918548584
Car 0.0 0 1.575021743774414 587.290771484375 171.0719757080078 641.8983764648438 221.0999755859375 3.7077897 1.4158039 1.5458779 0.09847036 1.36573 22.277447 1.5794419050216675 0.2896953821182251
Car 0.0 0 2.17881178855896 116.81958770751953 181.39942932128906 205.8883056640625 215.09112548828125 4.04484 1.4977057 1.6765543 -21.79492 1.9392338 35.1834 1.6242018938064575 0.2370617389678955
Car 0.0 0 -2.739132881164551 598.6963500976562 161.28744506835938 673.2464599609375 191.6284942626953 4.2325377 1.7819171 1.6624053 1.544277 1.1029761 44.022427 -2.7040679454803467 0.1973869651556015
Car 0.0 0 1.3279485702514648 564.3427734375 177.75425720214844 590.2684936523438 195.406494140625 3.7028677 1.5458397 1.5295265 -3.050854 2.0098991 66.28251 1.281952977180481 0.18249982595443726
