Pedestrian 0.0 0 1.1725554466247559 923.8163452148438 170.91233825683594 962.205322265625 232.33128356933594 1.0108025 1.820559 0.7205196 10.049227 1.7633632 21.901476 1.6027345657348633 0.4187726378440857
Pedestrian 0.0 0 1.6357433795928955 446.4443054199219 176.9012908935547 489.8216247558594 270.6460266113281 0.70118994 1.7015024 0.7564125 -2.699454 1.7799699 13.525086 1.4387433528900146 0.40395134687423706
Pedestrian 0.0 0 -0.18756046891212463 323.739501953125 136.88722229003906 414.6773681640625 325.88201904296875 0.697063 1.6813439 0.7289346 -2.370116 1.3617326 6.905478 -0.5181847810745239 0.38031113147735596
Pedestrian 0.0 0 0.11440181732177734 1051.640380859375 155.7726287841797 1074.793701171875 192.1259765625 1.012064 1.9231405 0.38976726 24.231037 1.019871 38.63582 0.6745564937591553 0.17611680924892426
Pedestrian 0.0 0 2.8983006477355957 297.1315002441406 186.95025634765625 335.6785583496094 223.00758361816406 1.7669855 1.823187 0.66467816 -15.44744 2.5791967 37.88717 2.511154890060425 0.10615786164999008
Cyclist 0.0 0 2.8983006477355957 297.1315002441406 186.95025634765625 335.6785583496094 223.00758361816406 1.7669855 1.823187 0.66467816 -15.44744 2.5791967 37.88717 2.511154890060425 0.5469987988471985
Cyclist 0.0 0 2.659057378768921 917.0829467773438 170.63587951660156 965.2733764648438 230.63694763183594 1.1283665 1.7893445 0.7098312 9.995803 1.7235541 21.899908 3.0872466564178467 0.25099700689315796
Car 0.0 0 2.0698177814483643 53.24825668334961 191.91302490234375 350.9830322265625 328.48419189453125 4.6136084 1.4676683 1.7663215 -5.6405535 1.8124781 10.718104 1.5853804349899292 0.9334022402763367
Car 0.0 0 3.5875608921051025 200.39112854003906 193.9888916015625 285.6620178222656 220.57861328125 4.3993683 1.5426495 1.546235 -22.363064 2.856066 43.99834 3.117318630218506 0.2574295699596405
Car 0.0 0 -2.1556084156036377 1127.0638427734375 139.7773895263672 1242.0 195.8358917236328 3.7898893 1.7877614 1.8707083 20.031963 0.73327357 24.979992 -1.479697585105896 0.20526231825351715
Car 0.0 0 -1.672963261604309 569.9652099609375 163.1147003173828 599.8291015625 186.69161987304688 4.1295743 1.5913336 1.6837819 -1.8382196 0.93433416 50.85887 -1.709091067314148 0.13647587597370148
