Pedestrian 0.0 0 0.10918024182319641 954.9035034179688 108.40801239013672 1025.5341796875 235.71376037597656 0.8972885 1.8580881 0.5962477 5.75838 0.9178259 11.025871 0.590477466583252 0.2963297963142395
Pedestrian 0.0 0 1.1543177366256714 896.0551147460938 144.65548706054688 994.3146362304688 314.3301696777344 0.9546992 1.806786 0.6739367 3.7048922 1.5068711 8.161156 1.5804654359817505 0.1975158452987671
Pedestrian 0.0 0 -0.1372835338115692 948.0530395507812 147.63719177246094 1012.9151000976562 278.36212158203125 0.76593465 1.8256991 0.5489629 5.3007402 1.4738799 10.4584875 0.3318181037902832 0.1416492462158203
Pedestrian 0.0 0 -0.7782569527626038 553.5035400390625 176.08274841308594 567.1504516601562 203.86175537109375 0.47487473 1.7126684 0.72751606 -3.130989 1.9162719 44.99849 -0.8477248549461365 0.13874995708465576
Pedestrian 0.0 0 -2.013370990753174 252.13966369628906 170.8430633544922 271.8963928222656 209.80535888671875 0.59119445 1.6989683 0.58957404 -15.413824 1.6116385 31.875217 -2.4637866020202637 0.13755348324775696
Pedestrian 0.0 0 -1.3808825016021729 293.0235290527344 152.56983947753906 312.85845947265625 195.67637634277344 0.52642214 1.8873104 0.7218635 -13.621566 0.9995779 31.921633 -1.7842081785202026 0.11546508967876434
Pedestrian 0.0 0 2.589043617248535 782.17431640625 160.21287536621094 846.1121826171875 267.7826232910156 0.8194475 1.8172543 0.7241945 3.5168512 1.6040564 12.648338 2.8602418899536133 0.11473449319601059
Cyclist 0.0 0 0.8940079212188721 719.0390625 137.33981323242188 758.4961547851562 191.82077026367188 1.4427953 1.8136051 0.54929703 4.3645697 0.6317388 24.780867 1.0683465003967285 0.15245307981967926
Cyclist 0.0 0 0.7810840606689453 960.6641845703125 103.301513671875 1043.7825927734375 233.37835693359375 0.9758383 1.8706594 0.58414793 5.865597 0.8707698 10.925859 1.2737787961959839 0.10632382333278656
Car 0.0 0 1.8425692319869995 354.59759521484375 188.07373046875 497.2406921386719 275.6806945800781 4.3936257 1.4777095 1.7550219 -3.7057993 1.8449023 15.164313 1.6028903722763062 0.9716185927391052
Car 0.0 0 1.7408320903778076 447.7828369140625 175.42227172851562 518.291748046875 232.45436096191406 3.9947848 1.6814566 1.5986867 -4.0744753 1.7724054 23.449116 1.5687916278839111 0.9330645799636841
Car 0.0 0 1.7843576669692993 524.5462036132812 172.00241088867188 568.7540893554688 202.2250213623047 4.082889 1.6088145 1.6465212 -3.5354142 1.563841 40.53532 1.6973596811294556 0.7877988219261169
Car 0.0 0 -2.830458402633667 510.7872314453125 173.17733764648438 571.5443725585938 197.9063262939453 3.5262504 1.5290346 1.5745023 -4.383745 1.5504256 45.787453 -2.9259085655212402 0.1439884752035141
