Pedestrian 0.0 0 1.7123219966888428 431.92120361328125 174.1484832763672 451.442138671875 219.33006286621094 0.7998846 1.8132893 0.67009044 -6.8968654 1.8671792 29.407621 1.4819588661193848 0.503558337688446
Pedestrian 0.0 0 -0.7592000365257263 1002.041015625 130.0914764404297 1096.692138671875 278.81988525390625 0.84536296 1.855372 0.6405819 5.6583858 1.3222715 9.402302 -0.21745175123214722 0.38680127263069153
Cyclist 0.0 0 1.7333941459655762 432.72686767578125 173.59046936035156 452.23748779296875 218.15725708007812 0.7975687 1.7932141 0.65698445 -6.877202 1.8240759 29.463118 1.5040825605392456 0.11051829159259796
Car 0.0 0 -1.3955626487731934 411.9945373535156 190.1398468017578 482.6435241699219 242.53292846679688 3.5734997 1.416147 1.5483805 -5.035117 1.9996763 22.520138 -1.615527868270874 0.9813011884689331
Car 0.0 0 -1.7612358331680298 668.5777587890625 181.72250366210938 772.2567749023438 259.77496337890625 3.6302235 1.5354497 1.6455663 2.34305 1.7610037 16.465816 -1.6198869943618774 0.9523460865020752
Car 0.0 0 -1.6898298263549805 634.6033935546875 179.9630584716797 685.9408569335938 220.9506072998047 3.3340347 1.3884904 1.4987706 1.761651 1.6690882 26.735807 -1.624033808708191 0.9288371801376343
Car 0.0 0 2.1903388500213623 0.0 204.9263458251953 287.3455505371094 375.0 4.3615656 1.5005383 1.7151088 -4.8170776 1.8915211 6.594876 1.5594823360443115 0.9279881119728088
Car 0.0 0 -1.4231135845184326 457.203857421875 184.8756866455078 505.7869567871094 223.24911499023438 3.810662 1.5080452 1.5431769 -5.583863 2.0651345 31.486004 -1.5986329317092896 0.8847182393074036
Car 0.0 0 -2.233874797821045 893.2025146484375 181.37518310546875 1242.0 375.0 4.0561852 1.4403561 1.5751567 3.0509374 1.5106415 3.8885887 -1.5686026811599731 0.775137186050415
Car 0.0 0 -1.6898658275604248 614.1996459960938 181.4955596923828 647.2257690429688 208.9272003173828 3.349261 1.5045732 1.5462731 1.1469204 2.0336668 42.406174 -1.6628262996673584 0.6408612132072449
Car 0.0 0 1.642208456993103 491.54443359375 182.8134307861328 521.2877197265625 208.93621826171875 4.018314 1.5276033 1.5888283 -6.5680923 2.188933 45.822693 1.4998410940170288 0.532000720500946
Car 0.0 0 -1.8061046600341797 676.2301635742188 172.65896606445312 720.8163452148438 201.92193603515625 3.5174944 1.4957219 1.5897216 4.6629224 1.4861108 38.71591 -1.6862425804138184 0.43506497144699097
