Pedestrian 0.0 0 1.9672666788101196 468.5054931640625 154.7056427001953 491.6260070800781 189.49464416503906 1.6423258 1.7141567 0.55935055 -6.5832367 0.82029206 36.41173 1.78839910030365 0.1503867208957672
Cyclist 0.0 0 1.9672666788101196 468.5054931640625 154.7056427001953 491.6260070800781 189.49464416503906 1.6423258 1.7141567 0.55935055 -6.5832367 0.82029206 36.41173 1.78839910030365 0.4658071994781494
Car 0.0 0 -1.7092915773391724 654.1814575195312 175.25357055664062 705.2835083007812 215.56967163085938 3.8107338 1.5687926 1.6068844 2.8157873 1.6761953 30.244944 -1.6164597272872925 0.9379241466522217
Car 0.0 0 -1.0323169231414795 116.54129791259766 200.98106384277344 204.51852416992188 239.3386993408203 3.935357 1.5202097 1.683108 -20.777002 2.903099 33.481422 -1.5877121686935425 0.9326522350311279
Car 0.0 0 -0.9569083452224731 69.62229919433594 201.22349548339844 155.93011474609375 239.0396728515625 3.456986 1.5558467 1.663751 -23.388144 2.9626098 34.029026 -1.559059739112854 0.928341805934906
Car 0.0 0 1.8224378824234009 404.8274841308594 188.0821990966797 473.6813049316406 233.9040069580078 3.7214065 1.4947065 1.5966787 -6.2646937 2.097363 26.65826 1.5916258096694946 0.9281951189041138
Car 0.0 0 -0.913939893245697 16.913175582885742 205.23629760742188 110.64827728271484 243.4221954345703 3.6385438 1.5492092 1.6665144 -25.811947 3.1665049 34.197876 -1.5604945421218872 0.9280057549476624
Car 0.0 0 1.7637178897857666 444.00213623046875 186.5139617919922 497.47430419921875 224.93905639648438 3.929809 1.5306344 1.6117824 -6.164645 2.1761055 32.105522 1.5740147829055786 0.8194535970687866
Car 0.0 0 1.667466402053833 480.24432373046875 180.01475524902344 515.381103515625 210.20655822753906 3.7832313 1.569287 1.5854083 -6.2626276 1.9893306 40.352074 1.5134950876235962 0.635964572429657
Car 0.0 0 -1.0036985874176025 175.42984008789062 199.33982849121094 264.154052734375 236.67454528808594 3.9883292 1.4771687 1.7548729 -18.04532 2.7830918 33.51104 -1.4976611137390137 0.6083019375801086
