Pedestrian 0.0 0 -0.17028865218162537 724.0751953125 185.7117462158203 744.0894165039062 232.07814025878906 0.6494575 1.745207 0.6817491 4.7140074 2.2450655 27.686312 -0.0016410388052463531 0.5984898209571838
Pedestrian 0.0 0 1.4295148849487305 962.41064453125 168.83786010742188 981.13916015625 212.065185546875 0.72194624 1.8288627 0.62187034 15.480373 1.6593056 30.964958 1.8931081295013428 0.26853734254837036
Pedestrian 0.0 0 2.4064414501190186 1115.3050537109375 181.1602325439453 1155.458740234375 253.28250122070312 0.6044276 1.6811672 0.48201045 12.435284 1.8821301 17.151075 3.033778429031372 0.252963662147522
Pedestrian 0.0 0 1.5921273231506348 764.3908081054688 141.72447204589844 786.4921264648438 197.6947784423828 0.80075383 1.8833268 0.72372293 5.6359572 0.83621705 24.752289 1.8160048723220825 0.20968209207057953
Cyclist 0.0 0 1.7701271772384644 484.0055236816406 174.57835388183594 499.39337158203125 205.26589965820312 1.6542194 1.7165242 0.5543138 -6.7957096 1.8175583 41.287468 1.606994867324829 0.32417038083076477
Car 0.0 0 -1.4517320394515991 495.5169372558594 182.77670288085938 554.8109130859375 227.1629180908203 3.7069428 1.44976 1.7125454 -3.0545514 1.8366853 26.250568 -1.5675724744796753 0.9677772521972656
Car 0.0 0 -0.9621658325195312 0.0 190.66943359375 250.0239715576172 343.3918151855469 3.7725024 1.429874 1.5704082 -6.3125453 1.7010912 9.080116 -1.5696666240692139 0.9588248133659363
Car 0.0 0 -1.5690313577651978 554.803955078125 178.9898681640625 577.4373779296875 201.3221893310547 3.7883918 1.5967107 1.6502221 -3.3444579 2.0778265 54.591377 -1.6302183866500854 0.4001440703868866
Car 0.0 0 -1.5160197019577026 496.7413330078125 173.25477600097656 524.1378173828125 198.61300659179688 3.5492241 1.5918461 1.5848416 -6.507085 1.6194322 47.183033 -1.6530667543411255 0.23279888927936554
Car 0.0 0 1.6172133684158325 584.6838989257812 159.9711151123047 640.2377319335938 209.53013610839844 4.0074787 1.5199016 1.674434 0.1127457 1.1251607 24.169615 1.6218781471252441 0.19367972016334534
