Pedestrian 0.0 0 -1.8570430278778076 748.21337890625 179.50775146484375 804.748046875 289.0815734863281 0.84567654 1.6243902 0.6376053 2.5138416 1.7320486 11.190278 -1.6360664367675781 0.4570489525794983
Pedestrian 0.0 0 -3.1291589736938477 649.0292358398438 157.0914306640625 664.864501953125 188.93199157714844 0.9015604 1.815231 0.5388686 2.664196 0.9169638 41.435287 -3.0649495124816895 0.1940254122018814
Pedestrian 0.0 0 -3.0933055877685547 1180.8062744140625 97.1194076538086 1242.0 270.0774230957031 0.62640464 1.7898622 0.6386082 6.635115 1.0064781 7.911187 -2.3954083919525146 0.14526820182800293
Pedestrian 0.0 0 0.8691773414611816 1170.917724609375 188.7430419921875 1242.0 326.46612548828125 0.5135931 1.5996845 0.6470993 7.2321553 1.7973374 8.697278 1.562857747077942 0.1280418038368225
Pedestrian 0.0 0 2.0963282585144043 821.1627807617188 154.58981323242188 847.1027221679688 206.8264617919922 0.60404104 1.6764587 0.58586824 7.278077 1.0906544 23.574057 2.3957772254943848 0.11514465510845184
Pedestrian 0.0 0 -2.078559398651123 1114.5579833984375 153.7418975830078 1189.5738525390625 278.9839172363281 0.5928449 1.690426 0.62696344 7.497076 1.4328226 10.071192 -1.438646674156189 0.11452650278806686
Cyclist 0.0 0 1.5357011556625366 775.7169799804688 149.9093017578125 787.6060180664062 185.50889587402344 1.5325271 1.7228593 0.5164346 8.453809 0.61279786 35.718433 1.768103837966919 0.11399557441473007
Car 0.0 0 1.9644100666046143 272.02435302734375 185.02305603027344 334.8739013671875 214.3613739013672 4.194821 1.4372774 1.6588812 -16.596947 2.1341603 39.193043 1.5638389587402344 0.8596358895301819
Car 0.0 0 1.764713168144226 400.06396484375 178.98976135253906 432.5570373535156 200.18975830078125 3.7205477 1.4272813 1.5575098 -13.834487 1.8825896 51.588436 1.5027074813842773 0.5100665092468262
Car 0.0 0 -1.217464566230774 349.69134521484375 180.60470581054688 378.5827941894531 197.83688354492188 3.4536633 1.5497197 1.4830184 -23.224337 2.3014612 68.201004 -1.5456761121749878 0.1686994880437851
