Pedestrian 0.0 0 -0.7847727537155151 1098.1048583984375 108.82166290283203 1242.0 316.18292236328125 0.7107382 1.650648 0.783546 4.757834 1.1412923 6.1748896 -0.12827196717262268 0.45945248007774353
Pedestrian 0.0 0 -0.17270773649215698 601.0831298828125 160.49777221679688 618.0458984375 191.08932495117188 0.93022174 1.8506348 0.69212556 -0.06258929 1.1035036 44.068054 -0.17412802577018738 0.33974090218544006
Cyclist 0.0 0 2.9207375049591064 742.8463745117188 160.3386688232422 782.9945068359375 198.78541564941406 1.7364001 1.7835474 0.6654638 7.11883 1.2033182 33.813736 3.1282379627227783 0.41286689043045044
Cyclist 0.0 0 -3.2847752571105957 772.7611083984375 171.650634765625 820.5595703125 217.48410034179688 1.6739775 1.7099938 0.668663 7.016268 1.6654557 27.339628 -3.0335631370544434 0.2989899814128876
Cyclist 0.0 0 -0.17270773649215698 601.0831298828125 160.49777221679688 618.0458984375 191.08932495117188 0.93022174 1.8506348 0.69212556 -0.06258929 1.1035036 44.068054 -0.17412802577018738 0.11326778680086136
Car 0.0 0 2.719637632369995 843.9361572265625 169.6298065185547 967.7194213867188 212.1798095703125 3.6259153 1.402072 1.4425259 9.9693775 1.2961892 24.55943 3.1052443981170654 0.864984929561615
Car 0.0 0 2.4051151275634766 981.9437255859375 163.06991577148438 1132.3040771484375 211.11773681640625 4.386414 1.5671607 1.7006238 15.260808 1.248394 24.769236 2.9573028087615967 0.6983234286308289
Car 0.0 0 1.1423447132110596 268.8324890136719 185.2428741455078 344.3929748535156 218.42213439941406 4.2481074 1.3797389 1.6117085 -14.190249 1.9909983 33.54712 0.7421739101409912 0.48747533559799194
Car 0.0 0 -2.6438193321228027 136.67112731933594 181.9756622314453 300.6850891113281 240.87660217285156 4.448896 1.8524556 1.8141345 -12.898511 2.1663496 23.885546 -3.138962745666504 0.425022691488266
Car 0.0 0 -2.4075560569763184 0.0 204.5323486328125 57.44051742553711 255.72190856933594 3.6318831 1.5534776 1.6260302 -20.690765 2.6354258 23.786818 -3.123457193374634 0.35945770144462585
Car 0.0 0 1.4353830814361572 140.51785278320312 193.7716064453125 191.5511016845703 229.97154235839844 3.6660776 1.442788 1.4896431 -20.2729 2.4496183 32.826176 0.8821349143981934 0.2885279655456543
Car 0.0 0 -2.3788299560546875 314.8038330078125 180.54335021972656 390.9298400878906 210.25448608398438 3.7700925 1.4810181 1.5485723 -13.6547575 1.90424 38.20224 -2.722111701965332 0.2631586790084839
