Pedestrian 0.0 0 -1.9922174215316772 752.4682006835938 167.78977966308594 766.2129516601562 195.54827880859375 0.504903 1.8038334 0.7384992 9.739565 1.4751023 47.21136 -1.7887743711471558 0.1815166175365448
Pedestrian 0.0 0 1.7684845924377441 162.74549865722656 169.9148406982422 187.5135040283203 217.4013671875 0.8337489 1.8641127 0.698744 -17.41231 1.7490923 28.832241 1.225189208984375 0.14125321805477142
Pedestrian 0.0 0 -0.027342289686203003 336.1982421875 173.14044189453125 344.0621032714844 197.67359924316406 0.5081695 1.7454265 0.72861403 -19.39538 1.7665112 51.77474 -0.3857717514038086 0.12315638363361359
Pedestrian 0.0 0 3.048525333404541 596.9489135742188 163.5637664794922 622.4095458984375 190.2318572998047 1.7375958 1.8532406 0.5526477 -0.054869995 1.2079942 50.495735 3.047438621520996 0.10882589221000671
Cyclist 0.0 0 3.0940492153167725 598.0303344726562 165.28565979003906 623.144775390625 191.9496612548828 1.7328359 1.8546693 0.5584728 0.007987348 1.328596 50.50525 3.094207286834717 0.23792652785778046
Car 0.0 0 -1.431683897972107 509.1331787109375 180.3026885986328 554.4307861328125 215.42918395996094 3.56748 1.4959997 1.6000544 -3.5946965 1.8588376 33.301727 -1.5392107963562012 0.9761517643928528
Car 0.0 0 2.0003440380096436 153.97637939453125 184.07948303222656 274.9945373535156 237.5276336669922 4.170256 1.3954087 1.6142129 -11.855094 1.7692093 21.86628 1.5035374164581299 0.964154064655304
Car 0.0 0 -1.5418674945831299 570.7879028320312 183.4536590576172 621.1233520507812 225.38194274902344 3.562198 1.3378004 1.6701034 -0.49408725 1.7422146 25.712992 -1.5610805749893188 0.9333803057670593
Car 0.0 0 1.730393648147583 389.88543701171875 180.63076782226562 425.0789489746094 204.8108367919922 3.981659 1.4948176 1.6437533 -13.454995 2.0349452 48.006393 1.457129955291748 0.6012716293334961
Car 0.0 0 -0.5390427708625793 188.3843231201172 153.8179473876953 269.9330749511719 191.66831970214844 4.6898155 2.4690008 1.8071636 -26.09064 1.2276263 49.53633 -1.0238192081451416 0.15530459582805634
