Pedestrian 0.0 0 -1.3137102127075195 311.5126647949219 156.790283203125 330.0493469238281 198.26136779785156 0.52033514 1.960301 0.7122615 -13.827343 1.2013413 34.406246 -1.6958402395248413 0.3561045229434967
Pedestrian 0.0 0 -2.2798800468444824 632.6126708984375 173.35963439941406 647.2982177734375 201.86456298828125 0.5694656 1.7511173 0.7114405 1.8267809 1.7831712 44.78249 -2.239110231399536 0.3440778851509094
Pedestrian 0.0 0 0.4853173494338989 442.8580627441406 174.2082977294922 468.3511962890625 216.59100341796875 0.9432377 1.8275467 0.5470392 -6.7846737 1.8878157 31.52568 0.27333950996398926 0.3304014503955841
Pedestrian 0.0 0 -1.519781470298767 366.5334167480469 176.86793518066406 396.0003662109375 239.6391143798828 1.0814909 1.7055279 0.7384893 -6.470253 1.8222499 20.2977 -1.8283662796020508 0.24495579302310944
Pedestrian 0.0 0 1.573601245880127 283.918701171875 140.8564453125 305.27886962890625 199.30287170410156 0.68868774 1.926813 0.64889336 -10.63536 0.8723021 24.229565 1.159981608390808 0.17776808142662048
Pedestrian 0.0 0 1.2009841203689575 318.02508544921875 146.30088806152344 344.3535461425781 200.86012268066406 0.70843154 1.8412515 0.63077027 -9.638062 0.94550174 24.821762 0.8306124210357666 0.16364088654518127
Cyclist 0.0 0 1.791684865951538 528.7849731445312 184.83290100097656 542.5563354492188 213.7323455810547 1.4685712 1.725044 0.5370241 -4.606183 2.4761672 44.45814 1.688446044921875 0.15561985969543457
Car 0.0 0 1.9576892852783203 150.05831909179688 185.0311737060547 442.87298583984375 363.71923828125 4.108901 1.5933251 1.7404572 -3.4549158 1.7767024 8.777115 1.5826882123947144 0.9647104740142822
Car 0.0 0 -1.5125961303710938 503.3829040527344 182.95623779296875 535.44921875 211.5067596435547 3.308919 1.4382797 1.5430604 -4.926291 2.0120847 39.252686 -1.637445330619812 0.8934588432312012
Car 0.0 0 3.179426908493042 355.1585998535156 178.5986785888672 453.52880859375 217.65887451171875 4.201505 1.6847533 1.7600602 -9.34031 1.9575936 32.86896 2.902557373046875 0.8673440217971802
Car 0.0 0 2.8456974029541016 367.2737121582031 188.17752075195312 462.64788818359375 222.77252197265625 4.236948 1.5322144 1.562244 -9.557031 2.3207917 35.324806 2.5814754962921143 0.29664960503578186
Car 0.0 0 -1.5746052265167236 510.127197265625 182.1875762939453 538.0172119140625 209.56997680664062 3.9702861 1.609919 1.686641 -5.507729 2.2309732 45.906765 -1.694010853767395 0.16007396578788757
