Pedestrian 0.0 0 1.4847692251205444 751.5087890625 151.31947326660156 769.3427734375 193.6811981201172 0.86469215 1.8595638 0.7044401 6.6554084 0.91461486 32.14164 1.6889487504959106 0.4236063063144684
Cyclist 0.0 0 1.455662488937378 751.1607055664062 151.0802764892578 769.7012329101562 193.69580078125 0.9386337 1.868362 0.70335704 6.652584 0.9141103 32.12984 1.6598305702209473 0.10579901188611984
Car 0.0 0 -1.8273241519927979 718.1023559570312 186.19921875 870.1002807617188 289.0683898925781 3.6772425 1.4306192 1.584558 2.9136274 1.6942179 12.371918 -1.5960352420806885 0.9697206020355225
Car 0.0 0 1.7528011798858643 426.8650817871094 182.71731567382812 515.3455200195312 242.27273559570312 3.7767777 1.338135 1.588591 -3.5380578 1.6204067 18.728138 1.5660849809646606 0.9511553645133972
Car 0.0 0 1.9491146802902222 0.0 175.5367889404297 394.8470764160156 375.0 3.7013557 1.504944 1.6221516 -3.1457598 1.5357585 6.2748346 1.4844039678573608 0.9494372010231018
Car 0.0 0 1.7141940593719482 490.26885986328125 176.95335388183594 545.7635498046875 223.63973999023438 3.705524 1.6014822 1.5408229 -3.4076555 1.7655259 26.941872 1.5883803367614746 0.9206830263137817
Car 0.0 0 1.4404511451721191 654.216796875 179.4086151123047 712.0146484375 226.58151245117188 3.9868224 1.6297244 1.6696604 2.6659145 1.8983394 27.506775 1.5370678901672363 0.894653856754303
Car 0.0 0 1.6488752365112305 523.5238647460938 177.15333557128906 561.9716186523438 209.11036682128906 4.0147886 1.4946556 1.6189638 -3.368134 1.7233936 36.30625 1.5563699007034302 0.7113358378410339
Car 0.0 0 1.5193252563476562 635.3612670898438 177.67861938476562 663.6570434570312 205.0070037841797 4.233502 1.676711 1.621097 2.5083919 2.0064054 47.132595 1.5724949836730957 0.6317794919013977
Car 0.0 0 1.5128508806228638 647.4176635742188 179.33949279785156 683.505615234375 211.109619140625 3.7606053 1.4872925 1.5915265 2.7163875 1.832243 36.441513 1.587254285812378 0.41990548372268677
