Pedestrian 0.0 0 -2.115516185760498 384.9704284667969 150.7792205810547 448.3873291015625 256.66741943359375 0.86092025 1.747552 0.715585 -3.3024042 1.2586989 12.220015 -2.3794567584991455 0.7502130270004272
Pedestrian 0.0 0 1.0049712657928467 618.887939453125 150.61639404296875 676.528076171875 244.9554443359375 1.0130421 1.8672119 0.7635797 0.8313463 1.2773683 14.6177025 1.0617825984954834 0.7230457663536072
Pedestrian 0.0 0 0.7053917646408081 60.31327819824219 184.5786590576172 115.97594451904297 262.9286804199219 0.77608657 1.6334867 0.5680185 -11.057849 1.7239172 15.079802 0.07267189025878906 0.718645453453064
Pedestrian 0.0 0 -1.7959070205688477 0.0 179.10076904296875 57.070579528808594 268.4385070800781 0.74710566 1.6329641 0.70498693 -11.001339 1.6090274 13.42629 -2.482358455657959 0.6699543595314026
Pedestrian 0.0 0 -2.2477517127990723 169.57994079589844 158.95126342773438 222.3421173095703 239.9940185546875 0.8480245 1.6710639 0.5604215 -8.710495 1.2283633 14.987854 -2.7742106914520264 0.5081139206886292
Pedestrian 0.0 0 3.668034076690674 131.12155151367188 178.91380310058594 177.77706909179688 253.0369873046875 0.7563732 1.7170316 0.5459152 -10.6500635 1.6818951 16.662212 3.099306583404541 0.4724930226802826
Cyclist 0.0 0 -3.4399147033691406 951.66748046875 149.75399780273438 1012.6553955078125 196.62916564941406 1.8963299 1.7360643 0.7504922 14.211409 0.59887356 26.729103 -2.9512431621551514 0.8851048946380615
Cyclist 0.0 0 -1.3968911170959473 923.5404052734375 148.85687255859375 950.2785034179688 204.6647186279297 1.7936875 1.7287378 0.47890207 10.670974 0.7500965 22.768585 -0.9586193561553955 0.8169634938240051
Cyclist 0.0 0 -3.2560009956359863 750.3687744140625 153.9779510498047 780.4959716796875 183.1339111328125 1.8175209 1.8387208 0.53838104 10.190876 0.16745143 44.95115 -3.033059597015381 0.4713011384010315
Car 0.0 0 -1.1638199090957642 119.75102233886719 187.61814880371094 427.77001953125 366.150390625 3.734207 1.424557 1.5723315 -3.2353735 1.5222355 7.6587257 -1.5635225772857666 0.9659314155578613
Car 0.0 0 1.7435790300369263 459.1335144042969 168.41250610351562 493.0027160644531 191.87957763671875 3.9688087 1.5408331 1.624897 -8.778327 0.74850225 48.409172 1.564192295074463 0.7832821011543274
Car 0.0 0 -0.7384482622146606 1112.68603515625 149.9641876220703 1224.0 197.08961486816406 4.009857 1.5062584 1.5942823 19.382637 0.5317986 23.487688 -0.04851413518190384 0.4982040822505951
