Pedestrian 0.0 0 -0.7505685091018677 876.2335815429688 168.4368896484375 948.4749145507812 277.8817443847656 0.89149237 1.6866739 0.6012254 4.929771 1.4866575 11.501624 -0.34563973546028137 0.6338513493537903
Pedestrian 0.0 0 1.5746674537658691 694.972412109375 166.20777893066406 712.9256591796875 214.6428680419922 0.5541337 1.6579452 0.6093424 3.5308564 1.1355602 24.904278 1.7155059576034546 0.6275758743286133
Pedestrian 0.0 0 1.4513437747955322 561.0908813476562 172.88487243652344 583.8886108398438 224.24896240234375 1.1042995 1.8180354 0.6961057 -1.0783633 1.5141602 26.02367 1.409929633140564 0.611311674118042
Pedestrian 0.0 0 1.2807193994522095 599.0917358398438 172.80459594726562 617.7606201171875 217.14718627929688 0.5554263 1.861665 0.661111 0.2793933 1.4975768 30.514202 1.2898752689361572 0.6039783954620361
Pedestrian 0.0 0 2.244811773300171 356.83673095703125 172.1942901611328 458.742919921875 336.7498779296875 0.8839235 1.7079035 0.698447 -2.185651 1.6126835 7.9970345 1.9780195951461792 0.5935862064361572
Pedestrian 0.0 0 1.5079220533370972 625.8448486328125 172.7483673095703 640.3407592773438 215.31175231933594 0.5971327 1.7898341 0.5775464 1.3263472 1.4227954 30.508236 1.5513697862625122 0.5847349762916565
Pedestrian 0.0 0 2.7740542888641357 546.5004272460938 171.77142333984375 570.1722412109375 225.33460998535156 0.57421136 1.6669543 0.58825165 -1.3935907 1.3652983 22.73974 2.712846517562866 0.5663286447525024
Pedestrian 0.0 0 2.419968843460083 776.4695434570312 162.95367431640625 821.7122802734375 245.13973999023438 0.67746055 1.700224 0.6354024 4.1667285 1.3177841 15.292275 2.685983896255493 0.5392027497291565
Pedestrian 0.0 0 1.33025324344635 751.151123046875 165.0263214111328 774.7595825195312 213.41424560546875 0.80293554 1.7892878 0.691763 6.037554 1.1811631 26.96838 1.5504969358444214 0.5298148989677429
Pedestrian 0.0 0 3.013284206390381 578.3534545898438 175.30087280273438 608.0742797851562 237.8396759033203 0.73867816 1.6700472 0.5733045 -0.25952324 1.5056684 19.51584 2.9999868869781494 0.5291730165481567
Pedestrian 0.0 0 0.42060038447380066 609.786376953125 177.4956512451172 626.468994140625 217.99281311035156 0.5275345 1.7605286 0.620211 0.7230317 1.5874075 31.618773 0.4434635639190674 0.4886428415775299
Pedestrian 0.0 0 1.650596261024475 579.9268188476562 171.3831329345703 594.8539428710938 211.43783569335938 0.66870916 1.7643057 0.61445105 -0.635423 1.3196359 31.990347 1.6307358741760254 0.44849157333374023
Pedestrian 0.0 0 -1.4518934488296509 779.1915283203125 159.0551300048828 812.0493774414062 229.94146728515625 0.87443703 1.8163308 0.7399735 5.0965343 1.2423997 18.946953 -1.189123511314392 0.37155988812446594
Pedestrian 0.0 0 -2.742224931716919 490.2798156738281 191.3072052001953 529.8546142578125 263.5092468261719 0.79847956 1.6919647 0.54178905 -2.2309155 1.9343826 17.298409 -2.8704833984375 0.2803775370121002
Pedestrian 0.0 0 1.6090612411499023 620.7684936523438 172.2286834716797 634.158203125 212.1352081298828 0.5005447 1.8394531 0.60392684 1.2005621 1.4130276 33.380333 1.6450119018554688 0.27760565280914307
Pedestrian 0.0 0 -1.4377282857894897 667.969970703125 170.8292236328125 684.9312744140625 206.710693359375 0.69276524 1.6846459 0.71718764 3.5588913 1.1845666 34.144306 -1.3338724374771118 0.27408748865127563
Pedestrian 0.0 0 -0.33704033493995667 315.0773010253906 182.73753356933594 378.24700927734375 306.9176330566406 0.63197273 1.6165452 0.649656 -3.5276186 1.6355406 9.808756 -0.6822769641876221 0.26720964908599854
Pedestrian 0.0 0 1.9707108736038208 453.46270751953125 173.50160217285156 522.8448486328125 282.0228576660156 1.7386402 1.8490559 0.6309653 -2.0787265 1.7140554 13.156554 1.8140069246292114 0.11706651002168655
Cyclist 0.0 0 1.911118745803833 455.2868957519531 173.6981201171875 519.9359130859375 284.8913269042969 1.7703134 1.8999078 0.6209099 -2.0956368 1.7678815 13.198103 1.753650188446045 0.535056471824646
Cyclist 0.0 0 3.4666919708251953 263.9345397949219 196.4747772216797 387.80364990234375 299.6941223144531 1.8381616 1.6650171 0.6151634 -4.6287675 1.9243717 12.0311365 3.0994162559509277 0.4028049111366272
Cyclist 0.0 0 1.250185489654541 748.6672973632812 162.40069580078125 775.0543212890625 211.08819580078125 1.044615 1.7971556 0.6733785 6.016068 1.0932001 27.066448 1.468900203704834 0.12860794365406036
Cyclist 0.0 0 1.44654381275177 561.19140625 172.8005828857422 584.0414428710938 223.98867797851562 1.130942 1.8095386 0.6891513 -1.0732789 1.503065 26.005589 1.4052960872650146 0.11245133727788925
Car 0.0 0 -2.275667905807495 0.0 0.0 1238.0 374.0 3.7485077 1.589558 1.6375706 1.4999504 1.5096776 0.57994056 -1.073807716369629 0.3601837754249573
