Pedestrian 0.0 0 -3.7107958793640137 1066.345947265625 143.5421600341797 1136.9149169921875 246.28347778320312 0.8352173 1.7486708 0.58062726 8.505702 1.2501372 12.578735 -3.1162242889404297 0.6971735954284668
Car 0.0 0 2.0566694736480713 159.97052001953125 191.40232849121094 303.95587158203125 266.8282470703125 3.392868 1.4656501 1.5063995 -8.558138 1.9355233 16.558554 1.5796400308609009 0.9595212936401367
Car 0.0 0 1.807861566543579 434.0385437011719 181.19122314453125 480.7253112792969 210.3085479736328 4.222236 1.5258286 1.6606286 -8.674896 2.0265343 41.16481 1.600164771080017 0.883251965045929
Car 0.0 0 2.1422932147979736 110.69806671142578 190.13311767578125 248.03224182128906 255.56005859375 3.6644962 1.5790821 1.5703219 -11.966514 2.1091251 20.255062 1.6086723804473877 0.7128793001174927
Car 0.0 0 -1.5898399353027344 599.7023315429688 175.0966796875 627.5198974609375 202.44940185546875 4.0110674 1.6317929 1.6653826 0.15665755 1.7795182 45.39157 -1.5863887071609497 0.612686812877655
Car 0.0 0 1.8838980197906494 341.6407165527344 165.65077209472656 444.0682678222656 229.35287475585938 4.455188 1.7716774 1.7313874 -6.605707 1.5716999 22.313368 1.5960757732391357 0.43571561574935913
Car 0.0 0 1.9299472570419312 253.8715057373047 187.48226928710938 320.01385498046875 223.37464904785156 4.150571 1.5433376 1.5556827 -15.554284 2.2936058 34.867992 1.510349154472351 0.35118815302848816
Car 0.0 0 -0.9321776032447815 0.0 201.29501342773438 152.83648681640625 375.0 4.0084805 1.4453753 1.6010231 -6.5217376 1.8107822 7.185212 -1.6692092418670654 0.2729698717594147
Car 0.0 0 2.128721237182617 71.17811584472656 195.68130493164062 316.3691101074219 310.6665954589844 4.017634 1.4535196 1.5997987 -6.6307254 1.8977424 11.97923 1.623180866241455 0.25490477681159973
Car 0.0 0 1.2229214906692505 764.9190063476562 183.4381866455078 877.3369140625 248.12179565429688 3.843578 1.4733343 1.6047341 5.38296 1.7821934 19.053297 1.498266577720642 0.23872612416744232
