Car 0.0 0 -1.6956920623779297 667.0723876953125 178.69436645507812 731.3844604492188 229.0606689453125 3.8218026 1.4956067 1.6190766 2.811383 1.7040188 23.78425 -1.5780344009399414 0.9828201532363892
Car 0.0 0 -2.060728073120117 801.5624389648438 193.54066467285156 1229.580810546875 375.0 3.4788601 1.4501653 1.57553 2.9050772 1.6781793 6.161573 -1.6201531887054443 0.9691239595413208
Car 0.0 0 -1.8330546617507935 722.080810546875 181.60488891601562 892.5109252929688 300.4654235839844 3.782057 1.5581213 1.6566247 2.9096062 1.7228057 11.641388 -1.588135838508606 0.9602541327476501
Car 0.0 0 0.6616759896278381 0.0 152.1222381591797 291.24676513671875 337.5587463378906 4.111002 1.7387466 1.6529715 -5.8350677 1.5447129 7.6039104 0.007145881652832031 0.9282154440879822
Car 0.0 0 -2.641188383102417 185.87098693847656 169.21226501464844 407.8866882324219 257.30596923828125 3.806793 1.6565608 1.5966275 -6.26611 1.5884374 14.537873 -3.0481467247009277 0.9205573201179504
Car 0.0 0 0.3825094401836395 328.36041259765625 176.7386932373047 478.2304382324219 227.50228881835938 4.145659 1.4846357 1.6148987 -6.366918 1.610411 22.273708 0.10408520698547363 0.9173563122749329
Car 0.0 0 -2.5277509689331055 0.0 150.43589782714844 293.9723815917969 278.97015380859375 3.6540601 1.6149385 1.5510086 -6.5516653 1.3336294 9.890623 -3.112802028656006 0.8932299017906189
Car 0.0 0 -2.8785810470581055 375.38671875 169.42251586914062 502.0519714355469 218.39089965820312 4.322932 1.7759078 1.7582549 -6.408198 1.651818 27.110315 -3.1106956005096436 0.8848276734352112
Car 0.0 0 -2.2126269340515137 0.0 185.3809814453125 87.02142333984375 375.0 3.7761981 1.5192219 1.6091063 -6.3975363 1.6290143 5.387715 -3.0835015773773193 0.8100274801254272
Car 0.0 0 0.5895004272460938 90.47632598876953 192.82322692871094 373.9729919433594 296.7521057128906 4.023677 1.5427655 1.5634428 -6.2756395 1.9054962 12.091388 0.11075496673583984 0.7889731526374817
Car 0.0 0 -1.6644479036331177 648.3822631835938 173.90737915039062 689.3409423828125 208.1931610107422 3.8106384 1.5457046 1.5942162 2.7271752 1.5993204 34.56109 -1.5857021808624268 0.7120803594589233
