Pedestrian 0.0 0 1.310657024383545 892.9277954101562 134.19265747070312 925.855712890625 200.1497344970703 0.80218214 1.7806692 0.653328 8.2077465 0.73727155 19.917147 1.7015459537506104 0.4931430518627167
Pedestrian 0.0 0 -0.3607129454612732 884.8159790039062 162.0140380859375 928.9409790039062 255.7202606201172 0.58619946 1.7363257 0.6352282 5.5733285 1.535825 13.692044 0.025855064392089844 0.31576061248779297
Pedestrian 0.0 0 1.5099421739578247 788.5337524414062 130.5715789794922 823.165283203125 210.08380126953125 0.9011808 1.8350365 0.73833126 4.598059 0.85957265 17.164576 1.7716777324676514 0.17784225940704346
Pedestrian 0.0 0 1.2070434093475342 873.9437255859375 136.05430603027344 900.7489013671875 191.16111755371094 0.744687 1.8627694 0.63396096 9.466753 0.6191915 24.760107 1.5722326040267944 0.17605966329574585
Pedestrian 0.0 0 1.7303532361984253 339.63665771484375 129.02044677734375 386.08941650390625 212.49424743652344 1.3713069 1.8850238 0.8331536 -5.8620872 0.895523 17.037958 1.3989795446395874 0.16640888154506683
Pedestrian 0.0 0 2.298091411590576 392.8380432128906 126.90410614013672 436.69403076171875 193.41722106933594 1.0931307 1.8458722 0.6510911 -5.6265373 0.57102853 20.655716 2.0321476459503174 0.16281117498874664
Pedestrian 0.0 0 -3.4644558429718018 1003.7022705078125 144.90228271484375 1097.7530517578125 292.6816711425781 0.8147522 1.7088646 0.61891544 5.254988 1.3859993 8.731383 -2.9226768016815186 0.15581221878528595
Pedestrian 0.0 0 -2.4343068599700928 982.2894897460938 143.21200561523438 1035.46044921875 226.87515258789062 0.82398444 1.7492151 0.580967 8.548683 1.1298233 15.571138 -1.9322254657745361 0.1526850014925003
Pedestrian 0.0 0 2.5766983032226562 424.1871032714844 137.9716339111328 470.9738464355469 195.36834716796875 1.4869798 1.8662318 0.5114628 -5.4740834 0.7324034 24.165098 2.3539295196533203 0.15075892210006714
Cyclist 0.0 0 -2.07956862449646 1124.961181640625 95.23783111572266 1242.0 278.17962646484375 1.6308177 1.7442065 0.6170986 6.2426815 1.0045552 7.7324758 -1.4003723859786987 0.4938608705997467
Cyclist 0.0 0 2.79799222946167 425.3513488769531 136.27114868164062 473.1590881347656 193.8725128173828 1.4734453 1.8796247 0.52041847 -5.4214525 0.6862259 24.156107 2.577216625213623 0.2625645399093628
Cyclist 0.0 0 2.897860050201416 389.48046875 128.2412109375 441.0297546386719 197.82730102539062 1.3038654 1.935338 0.6633338 -5.6264462 0.6949188 20.672264 2.6321234703063965 0.21690301597118378
Cyclist 0.0 0 -2.0070950984954834 748.6458740234375 167.3842010498047 766.9984741210938 197.6215057373047 1.597425 1.7916108 0.45113924 8.886169 1.4678736 43.57886 -1.8059426546096802 0.14038069546222687
Cyclist 0.0 0 -3.247879981994629 996.5448608398438 138.2163543701172 1117.447998046875 292.73895263671875 1.1704214 1.742733 0.62991655 5.2729826 1.3524413 8.669174 -2.7014198303222656 0.13866382837295532
Cyclist 0.0 0 1.7303532361984253 339.63665771484375 129.02044677734375 386.08941650390625 212.49424743652344 1.3713069 1.8850238 0.8331536 -5.8620872 0.895523 17.037958 1.3989795446395874 0.10943543910980225
Car 0.0 0 2.102524757385254 0.0 199.16842651367188 451.02630615234375 375.0 4.0032773 1.4341317 1.6429844 -2.7214434 1.717221 5.6853647 1.656082034111023 0.9638373255729675
Car 0.0 0 -1.906730055809021 792.8323974609375 183.82366943359375 1123.031005859375 375.0 3.137628 1.4866681 1.5325855 2.6352184 1.6079777 6.3424315 -1.5129417181015015 0.9156540632247925
Car 0.0 0 1.724500298500061 639.7554321289062 177.8975830078125 670.8632202148438 201.00335693359375 3.8332949 1.5005777 1.5757046 3.1339543 1.8632485 49.78889 1.7873622179031372 0.7909975647926331
