Pedestrian 0.0 0 -0.9217086434364319 168.7759552001953 175.68292236328125 201.1520538330078 213.95269775390625 1.3450559 1.7613931 0.6316918 -20.063911 1.8978872 34.01531 -1.4546310901641846 0.14411704242229462
Pedestrian 0.0 0 1.407827377319336 914.2620849609375 147.39598083496094 947.3333740234375 214.25294494628906 1.057306 1.8079396 0.6765901 8.878941 1.1198643 20.105486 1.8236888647079468 0.11906059086322784
Cyclist 0.0 0 2.295487880706787 164.4162139892578 176.9078826904297 201.14129638671875 214.36378479003906 1.5750316 1.7074218 0.5900133 -20.0928 1.9028993 33.8969 1.7604074478149414 0.22136810421943665
Cyclist 0.0 0 1.1062602996826172 902.1676025390625 150.31129455566406 946.3480834960938 208.78257751464844 1.6403313 1.6944615 0.5386273 9.399088 1.0415456 21.741028 1.514314889907837 0.13466134667396545
Cyclist 0.0 0 1.3015506267547607 923.9551391601562 137.96493530273438 965.2269897460938 207.57763671875 1.4834552 1.7670152 0.6138245 8.7849655 0.88176626 19.093933 1.7327653169631958 0.10333200544118881
Cyclist 0.0 0 1.8650273084640503 0.0 187.5957489013672 18.0847110748291 241.2493133544922 1.4411415 1.6929634 0.56021076 -20.308134 2.1987176 23.96143 1.1619664430618286 0.10107079148292542
Car 0.0 0 2.2105109691619873 41.640380859375 187.70848083496094 167.30780029296875 240.51702880859375 3.4153593 1.4912523 1.5579408 -16.070145 2.0024228 23.077991 1.6022450923919678 0.9356478452682495
Car 0.0 0 2.08197283744812 259.76812744140625 172.39306640625 319.58612060546875 203.66944885253906 4.0278473 1.8580966 1.6455586 -19.907001 1.8310707 44.94543 1.6650264263153076 0.43482205271720886
Car 0.0 0 1.7958810329437256 372.5620422363281 178.12742614746094 400.7688903808594 195.37762451171875 4.023512 1.4744526 1.5704653 -20.099072 1.9649622 64.99759 1.495979905128479 0.1597110629081726
Car 0.0 0 2.0560741424560547 105.2957763671875 181.27029418945312 184.7220458984375 215.6723175048828 3.797358 1.4906663 1.5713695 -21.959774 1.9125909 34.179596 1.4850021600723267 0.10182750970125198
