Car 0.0 0 -1.3349717855453491 394.9979553222656 185.9271240234375 483.58233642578125 245.07408142089844 3.428699 1.4426507 1.5508512 -4.461651 1.4645817 19.292122 -1.562244176864624 0.9597349166870117
Car 0.0 0 -1.1218024492263794 53.47686767578125 195.3469696044922 376.55657958984375 363.99224853515625 4.020826 1.4134605 1.5736841 -4.12762 1.5598824 8.284572 -1.5840328931808472 0.9462713003158569
Car 0.0 0 -1.2768280506134033 345.32373046875 179.0345916748047 421.6548156738281 222.996337890625 4.2317715 1.5818759 1.6774186 -8.656876 1.3605925 27.98374 -1.5768440961837769 0.9423897862434387
Car 0.0 0 -1.421801209449768 456.0263366699219 181.05075073242188 509.63983154296875 219.39047241210938 4.024444 1.4589821 1.5776647 -5.0676723 1.3016206 29.380573 -1.592604398727417 0.9337753057479858
Car 0.0 0 -1.5339666604995728 576.6275024414062 176.9915771484375 610.467041015625 206.33712768554688 3.6680355 1.5070794 1.6922425 -0.7529979 1.0858498 38.76247 -1.5533901453018188 0.8999388217926025
Car 0.0 0 -1.1325325965881348 185.59864807128906 166.85726928710938 302.3704528808594 217.2646026611328 4.743917 1.5884272 1.7705475 -12.520288 1.011051 25.042326 -1.5961523056030273 0.8247063755989075
Car 0.0 0 -1.438276767730713 497.72271728515625 180.73011779785156 535.3181762695312 209.155029296875 3.4810133 1.4636438 1.5662307 -4.903618 1.2338058 38.756935 -1.564130425453186 0.8039979338645935
Car 0.0 0 -0.8353169560432434 0.0 184.24278259277344 106.73847198486328 264.69696044921875 4.194288 1.4496123 1.5406679 -12.828954 1.4332135 15.067896 -1.5406289100646973 0.6702121496200562
Car 0.0 0 2.4627633094787598 0.0 214.49742126464844 164.57810974121094 376.0 3.8928344 1.4808592 1.5977583 -4.3169947 1.7095582 3.6215436 1.5899839401245117 0.6339059472084045
Car 0.0 0 -1.3797264099121094 339.3263854980469 181.1431121826172 385.31292724609375 212.3089599609375 3.7315521 1.5425235 1.5932325 -12.783799 1.3420864 37.5325 -1.7080081701278687 0.6189450621604919
Car 0.0 0 -0.8196945190429688 0.0 201.0778045654297 104.40663146972656 359.151611328125 3.6347136 1.4527397 1.541823 -8.247241 1.6879958 8.7871895 -1.5734058618545532 0.5337749123573303
