Pedestrian 0.0 0 -0.02388884872198105 592.5333251953125 178.19049072265625 613.7083129882812 215.00991821289062 0.9849043 1.7173214 0.5356718 -0.3671066 1.9714044 34.018295 -0.034679874777793884 0.6006410121917725
Pedestrian 0.0 0 -0.5863300561904907 711.0608520507812 109.0379638671875 795.1159057617188 245.64195251464844 0.90890896 1.8216157 0.7224542 1.9461182 0.970986 10.127673 -0.39648568630218506 0.3018311560153961
Pedestrian 0.0 0 -0.4475456476211548 990.1004638671875 121.59867858886719 1084.6973876953125 272.03857421875 0.86040634 1.8408331 0.5919245 5.349319 1.2140136 9.156113 0.08120107650756836 0.2689078152179718
Pedestrian 0.0 0 1.5878342390060425 898.0892333984375 181.73678588867188 946.5601806640625 299.39324951171875 0.6948252 1.6585723 0.6391929 4.5728326 1.7960052 10.683946 1.9922513961791992 0.2409794181585312
Cyclist 0.0 0 1.5878342390060425 898.0892333984375 181.73678588867188 946.5601806640625 299.39324951171875 0.6948252 1.6585723 0.6391929 4.5728326 1.7960052 10.683946 1.9922513961791992 0.11613328009843826
Car 0.0 0 1.884636640548706 282.85418701171875 205.57760620117188 447.99713134765625 318.5384216308594 3.438537 1.4174138 1.536646 -3.8458478 2.0296843 11.768796 1.568792462348938 0.968108057975769
Car 0.0 0 1.8042339086532593 396.9349365234375 187.42584228515625 499.8612060546875 262.87384033203125 4.0174046 1.6044718 1.6262579 -3.971283 2.0122063 18.145863 1.5887775421142578 0.945578932762146
Car 0.0 0 2.25647234916687 0.0 225.20506286621094 216.6766815185547 375.0 3.737512 1.4694316 1.5590322 -3.9154723 1.9016025 4.019618 1.4841982126235962 0.9086374044418335
Car 0.0 0 -1.3829798698425293 608.9318237304688 181.50177001953125 656.8477783203125 214.5183563232422 3.8156989 1.4174484 1.5774134 1.0980874 1.8505929 34.07336 -1.3507639169692993 0.8359968662261963
Car 0.0 0 0.508807361125946 1031.6910400390625 0.0 1242.0 375.0 3.9713898 1.554705 1.6330742 3.6672084 1.1269637 2.6925006 1.4462851285934448 0.45521819591522217
Car 0.0 0 1.746924877166748 521.1300048828125 176.6748504638672 560.592529296875 205.97244262695312 3.9964488 1.6173228 1.6356102 -4.0465894 1.853242 42.423153 1.65182626247406 0.26061496138572693
Car 0.0 0 -1.4553465843200684 531.1798706054688 173.70318603515625 564.476318359375 199.893310546875 4.5749693 1.7086254 1.7629894 -4.245711 1.7700031 49.532703 -1.5408529043197632 0.25937899947166443
Car 0.0 0 -1.257418155670166 656.6867065429688 170.75135803222656 704.8865356445312 198.99842834472656 3.7138417 1.5093678 1.6336212 3.9923394 1.3973724 40.580883 -1.1593539714813232 0.2581981122493744
