Car 0.0 0 -1.7270660400390625 692.3605346679688 177.6529541015625 809.1126098632812 262.7892150878906 4.42452 1.4651606 1.6333688 2.674746 1.5794314 14.895179 -1.5493884086608887 0.9561795592308044
Car 0.0 0 -0.24224114418029785 775.7520141601562 173.21644592285156 926.6947631835938 228.5952606201172 3.655184 1.4532487 1.6431595 6.505815 1.464083 19.89833 0.07375597953796387 0.9218984246253967
Car 0.0 0 3.781733274459839 0.0 169.0210723876953 225.86148071289062 290.34521484375 3.6531858 1.4304293 1.4260896 -7.1934195 1.3855964 9.254778 3.121009349822998 0.9093989729881287
Car 0.0 0 3.519767999649048 101.51136016845703 163.25257873535156 337.691650390625 243.0821075439453 3.6887903 1.4266655 1.5221127 -7.3915234 1.2554326 13.854436 3.0296707153320312 0.9065573215484619
Car 0.0 0 0.6319661736488342 0.0 173.84994506835938 268.7337951660156 346.73388671875 4.139651 1.4299309 1.5674276 -5.763778 1.4410686 6.8913107 -0.06456948816776276 0.8986105918884277
Car 0.0 0 0.6040036678314209 27.869110107421875 173.5397186279297 343.0289306640625 273.2630615234375 4.2578063 1.4699564 1.5041708 -6.727618 1.4821699 11.558953 0.0769047737121582 0.8554801940917969
Car 0.0 0 -0.1328454464673996 670.1957397460938 171.28265380859375 735.4086303710938 197.2475128173828 3.7270987 1.5413549 1.6396908 5.546343 1.4484328 43.661892 -0.006492793560028076 0.8252748250961304
Car 0.0 0 0.24232828617095947 276.9951171875 174.36279296875 454.8896179199219 243.21975708007812 3.5157294 1.4575446 1.5797065 -5.4294014 1.4938076 16.23959 -0.08032006025314331 0.8242917656898499
Car 0.0 0 0.01668091118335724 435.86285400390625 173.26361083984375 527.663818359375 205.66603088378906 4.0732217 1.4441149 1.5910921 -5.9234085 1.4640038 33.2916 -0.15940144658088684 0.619610071182251
Car 0.0 0 3.290743112564087 362.1156311035156 170.8905792236328 489.6165771484375 212.556884765625 4.3244715 1.4643289 1.6028826 -6.6837373 1.395684 26.366577 3.0424797534942627 0.6174849271774292
Car 0.0 0 0.22170981764793396 404.0640563964844 171.07809448242188 514.0355224609375 209.26065063476562 4.0694294 1.4864023 1.554971 -6.0311637 1.4176263 28.895697 0.015942096710205078 0.5491625666618347
