Pedestrian 0.0 0 2.8249318599700928 652.1387329101562 163.02401733398438 710.2308349609375 229.03152465820312 1.4258775 1.7045928 0.5513166 1.8275051 1.4510993 19.055672 2.9205429553985596 0.15736472606658936
Cyclist 0.0 0 2.3235714435577393 315.4869384765625 150.13848876953125 359.5897521972656 201.81517028808594 1.4750956 1.7199607 0.56349736 -9.393546 0.964276 24.80154 1.961518406867981 0.27448222041130066
Cyclist 0.0 0 2.8249318599700928 652.1387329101562 163.02401733398438 710.2308349609375 229.03152465820312 1.4258775 1.7045928 0.5513166 1.8275051 1.4510993 19.055672 2.9205429553985596 0.1160813421010971
Car 0.0 0 -1.0856151580810547 966.242431640625 153.65785217285156 1168.9730224609375 245.95089721679688 3.7046535 1.5016967 1.637097 8.459327 1.1897147 13.369887 -0.5214873552322388 0.9366380572319031
Car 0.0 0 2.8964037895202637 162.49977111816406 163.9631805419922 383.37835693359375 234.23536682128906 4.4394884 1.453784 1.650374 -7.8587017 1.2702096 16.960655 2.4625043869018555 0.9079943299293518
Car 0.0 0 2.529381275177002 848.1500854492188 149.9569854736328 1001.4017333984375 209.99476623535156 4.16487 1.7710158 1.7109149 9.744812 1.0959493 22.541336 2.9374258518218994 0.46636027097702026
Car 0.0 0 2.1734023094177246 1180.2216796875 151.5943603515625 1242.0 198.85992431640625 3.9611263 1.5422456 1.576267 21.882528 0.84891474 24.785425 2.896677255630493 0.41804325580596924
Car 0.0 0 0.05942513048648834 381.65240478515625 180.70947265625 466.6808776855469 211.99713134765625 3.9806385 1.469949 1.6044306 -9.151581 1.8711612 35.649376 -0.19185955822467804 0.33961525559425354
Car 0.0 0 -0.02501748502254486 377.1071472167969 184.673095703125 498.1180114746094 229.77069091796875 4.0786014 1.4861374 1.6334196 -6.1816516 1.9303175 25.777702 -0.2603791654109955 0.24454061686992645
Car 0.0 0 1.968658447265625 211.20249938964844 176.04000854492188 293.1143493652344 222.6025848388672 2.932709 1.4482005 1.4310175 -11.9390955 1.5618737 24.152372 1.5095620155334473 0.17817629873752594
Car 0.0 0 1.8437004089355469 305.1958312988281 179.5972137451172 391.8621826171875 230.2808380126953 3.9478903 1.4066559 1.5360031 -8.109894 1.6370268 22.585114 1.4989582300186157 0.16663938760757446
Car 0.0 0 2.6949398517608643 761.7316284179688 184.17721557617188 874.3814086914062 224.33779907226562 3.9838278 1.4840883 1.5349209 8.10466 1.946754 28.36606 2.9732418060302734 0.150446355342865
