Pedestrian 0.0 0 1.8515493869781494 516.9523315429688 118.5098876953125 622.0680541992188 362.57421875 0.8724685 1.734501 0.60545164 -0.30368358 1.2956668 5.5127535 1.7965174913406372 0.6996752023696899
Pedestrian 0.0 0 1.07217538356781 834.6161499023438 141.0880126953125 891.5562744140625 244.19898986816406 0.77760607 1.7689217 0.65624243 4.528469 1.0944358 12.558962 1.4182413816452026 0.17012226581573486
Pedestrian 0.0 0 -1.6843348741531372 838.322509765625 176.0048065185547 867.2800903320312 242.43309020996094 0.91621923 1.63272 0.58825177 6.2221985 1.5238315 17.884857 -1.3495292663574219 0.16266901791095734
Pedestrian 0.0 0 -0.5258746147155762 969.0660400390625 144.2760009765625 1027.2445068359375 250.09925842285156 0.64068717 1.7033278 0.5656242 6.4326982 1.1219211 11.665433 -0.02193232998251915 0.16057786345481873
Pedestrian 0.0 0 1.4257822036743164 115.09073638916016 164.7085723876953 160.55348205566406 259.7034912109375 1.0726074 1.7026341 0.5589382 -8.810521 1.4212393 13.253516 0.839094877243042 0.1443285495042801
Pedestrian 0.0 0 -3.253756284713745 826.3717041015625 191.27117919921875 864.4907836914062 280.54034423828125 0.6392148 1.7023541 0.6714266 4.6989655 1.9228895 13.969293 -2.9292678833007812 0.14318427443504333
Pedestrian 0.0 0 0.8580019474029541 0.0 28.86250877380371 147.56918334960938 316.1849365234375 1.058224 1.7389402 0.5716019 -3.7579894 0.82291603 4.649319 0.17822766304016113 0.13625472784042358
Pedestrian 0.0 0 0.5449643731117249 525.8889770507812 148.86058044433594 565.4722900390625 223.9750518798828 0.74265593 1.8299098 0.68057156 -1.5180643 1.0607216 17.689531 0.45935702323913574 0.10697008669376373
Cyclist 0.0 0 1.5664730072021484 120.6519546508789 160.24131774902344 158.4267120361328 258.35540771484375 1.7857535 1.7167208 0.5593502 -8.782758 1.3638953 13.264137 0.9816086292266846 0.34194061160087585
Cyclist 0.0 0 -1.6845518350601196 838.5250244140625 176.00186157226562 866.8784790039062 241.87721252441406 0.818392 1.6267216 0.5864229 6.232645 1.5172417 17.91837 -1.349806547164917 0.11159314215183258
Cyclist 0.0 0 2.1697192192077637 0.0 20.956689834594727 116.67527770996094 367.4999694824219 1.3772217 1.7537365 0.55688286 -3.7120428 0.94806933 4.289063 1.4563140869140625 0.10406005382537842
Car 0.0 0 2.0189566612243652 0.0 59.72317123413086 270.9187316894531 370.0 3.6098397 1.5935031 1.6408099 -3.3912005 1.1965173 4.2708592 1.347865104675293 0.221279576420784
Car 0.0 0 2.1843037605285645 283.64984130859375 192.6224822998047 424.76690673828125 254.4913330078125 4.5472894 1.5368335 1.5910162 -7.253926 1.9381133 20.905025 1.850309133529663 0.1428317278623581
