Pedestrian 0.0 0 1.5619162321090698 534.5895385742188 108.94507598876953 592.6900024414062 260.71337890625 0.85779154 1.8464787 0.70794296 -0.5843421 0.9775902 9.050971 1.4974443912506104 0.7364615797996521
Pedestrian 0.0 0 -2.5179147720336914 200.64608764648438 168.1282958984375 254.4031219482422 256.6348876953125 0.71641785 1.7428893 0.6468626 -7.6610575 1.5008935 14.285963 -3.0101516246795654 0.7137923836708069
Pedestrian 0.0 0 1.5111629962921143 539.1062622070312 141.6190643310547 589.4872436523438 308.0917053222656 0.7127345 1.6057583 0.46394965 -0.47730684 1.232418 7.1977267 1.4449464082717896 0.35575392842292786
Pedestrian 0.0 0 2.8587288856506348 300.9180908203125 164.4434051513672 350.4588623046875 265.1465759277344 0.6962275 1.7903156 0.64370775 -5.195384 1.506502 13.032913 2.4793992042541504 0.30966997146606445
Pedestrian 0.0 0 0.9036647081375122 391.2231750488281 163.4731903076172 445.53277587890625 251.51712036132812 0.8322312 1.7002037 0.6840427 -3.7830355 1.3730338 14.171945 0.6428086757659912 0.24774155020713806
Pedestrian 0.0 0 0.04420769214630127 177.33319091796875 177.0802459716797 195.45257568359375 208.8503875732422 0.83851 1.7375318 0.5943108 -23.169762 1.5519018 39.123646 -0.4904707670211792 0.20394693315029144
Pedestrian 0.0 0 -1.1378257274627686 186.21983337402344 176.01358032226562 203.59024047851562 202.95127868652344 0.84690076 1.639145 0.62748164 -25.213882 1.3675064 43.46924 -1.663439154624939 0.13530439138412476
Pedestrian 0.0 0 -0.8571900129318237 718.2311401367188 166.5987091064453 831.1262817382812 298.5885925292969 1.7296246 1.7074331 0.5328675 2.343548 1.5292795 9.862941 -0.6239047050476074 0.10235028713941574
Cyclist 0.0 0 -0.8571900129318237 718.2311401367188 166.5987091064453 831.1262817382812 298.5885925292969 1.7296246 1.7074331 0.5328675 2.343548 1.5292795 9.862941 -0.6239047050476074 0.7423887252807617
Cyclist 0.0 0 -2.2645153999328613 1.8798186779022217 182.26385498046875 62.40026092529297 235.57449340820312 1.760295 1.8533646 0.7099962 -20.38436 1.9188817 25.129343 -2.9460349082946777 0.26870086789131165
Cyclist 0.0 0 1.5609753131866455 399.1144714355469 179.05763244628906 433.6842956542969 267.17193603515625 0.9196774 1.681829 0.64191043 -3.7879307 1.6559328 14.019874 1.2970930337905884 0.10321114212274551
