Car 0.0 0 1.8942017555236816 292.64227294921875 188.05462646484375 444.1429748535156 279.3020935058594 3.9405608 1.47141 1.6459208 -4.6243954 1.8141313 14.269995 1.5808165073394775 0.9741958975791931
Car 0.0 0 -1.8166961669921875 743.2628784179688 182.82408142089844 870.2362670898438 268.2897033691406 3.8506696 1.4971056 1.6135415 3.875202 1.7316889 15.017561 -1.5641604661941528 0.9708523750305176
Car 0.0 0 -1.9492884874343872 803.0319213867188 187.4777069091797 1054.949951171875 331.46160888671875 3.822869 1.4297624 1.622605 3.7974184 1.6607931 9.464814 -1.5677357912063599 0.9651321172714233
Car 0.0 0 -1.7702847719192505 707.6195678710938 181.33926391601562 799.2454223632812 243.26190185546875 4.1984262 1.4994384 1.6771468 3.827132 1.7616651 20.156069 -1.5826435089111328 0.9283573031425476
Car 0.0 0 1.77263605594635 446.5733642578125 183.7967071533203 516.92041015625 229.65438842773438 4.107338 1.4096733 1.6278528 -4.433018 1.8243936 25.243713 1.598799705505371 0.9280900955200195
Car 0.0 0 1.7007603645324707 527.876953125 177.9287109375 561.6211547851562 206.35899353027344 3.3779507 1.5323807 1.4965242 -3.7236688 1.834734 41.218426 1.6106650829315186 0.886730968952179
Car 0.0 0 -2.3607919216156006 962.6569213867188 192.55020141601562 1242.0 375.0 3.770774 1.514199 1.6044556 3.7834089 1.6809967 4.1692095 -1.6238682270050049 0.8382648229598999
Car 0.0 0 1.8399674892425537 399.14227294921875 184.66302490234375 493.5297546386719 247.4046630859375 3.7917135 1.5079281 1.5916979 -4.463353 1.8672847 19.999268 1.6203899383544922 0.8257775902748108
Car 0.0 0 1.6365853548049927 541.9175415039062 174.6272430419922 572.2968139648438 202.15492248535156 4.1459155 1.6708844 1.6701325 -3.3704352 1.7897515 46.140087 1.5636669397354126 0.38499441742897034
Car 0.0 0 -1.6954236030578613 695.9052734375 179.4488525390625 755.3115234375 226.1708526611328 3.6371953 1.4776402 1.5892504 3.9142978 1.7249781 25.177889 -1.5411925315856934 0.36223962903022766
