Car 0.0 0 -1.7007372379302979 710.8447265625 194.07382202148438 786.373046875 253.64073181152344 4.088033 1.4550353 1.6330913 3.9154458 2.1399908 21.191381 -1.5180318355560303 0.9476331472396851
Car 0.0 0 -1.9551728963851929 812.7398681640625 185.10377502441406 1096.97802734375 359.74713134765625 3.5767293 1.5411236 1.6673208 3.6168907 1.7151886 8.423334 -1.5495902299880981 0.927770733833313
Car 0.0 0 1.3441667556762695 747.5846557617188 196.5752716064453 878.9490966796875 293.263916015625 4.1458592 1.5883014 1.679921 3.9789145 2.150243 14.979621 1.6037933826446533 0.9203122854232788
Car 0.0 0 1.5600571632385254 557.206787109375 188.49867248535156 589.98046875 219.27413940429688 4.1260056 1.4839982 1.6783129 -2.0318797 2.3768604 39.048294 1.5080690383911133 0.9095094203948975
Car 0.0 0 2.017319440841675 0.0 201.99557495117188 410.8676452636719 375.0 3.3970473 1.5750647 1.6409638 -2.9765048 1.8865291 5.9897933 1.5561312437057495 0.8981881737709045
Car 0.0 0 -1.7144547700881958 699.9931030273438 190.3798065185547 759.1248779296875 236.4676971435547 3.5843449 1.484066 1.6224873 4.258795 2.1698048 26.409283 -1.554569959640503 0.8306979537010193
Car 0.0 0 -1.72441828250885 685.3668823242188 193.33419799804688 732.8116455078125 231.39810180664062 3.5364137 1.5505197 1.622495 4.4478064 2.5409043 33.09278 -1.5908148288726807 0.7505064606666565
Car 0.0 0 -1.4470772743225098 454.2641296386719 178.2081298828125 550.84814453125 256.6837158203125 4.3667936 1.6102873 1.7455946 -2.4789662 1.7553751 17.302254 -1.5893830060958862 0.7486461400985718
Car 0.0 0 -1.7136660814285278 675.0515747070312 190.09996032714844 716.6702880859375 223.9962921142578 3.7348588 1.5906267 1.6320457 4.392506 2.5364885 37.6667 -1.597575306892395 0.6182939410209656
Car 0.0 0 -2.4203484058380127 1068.493896484375 227.0889129638672 1242.0 375.0 3.612367 1.5060412 1.5923759 3.9892993 1.8956329 3.3520012 -1.548357367515564 0.5182784795761108
