Pedestrian 0.0 0 -0.6727322340011597 986.1751098632812 69.16283416748047 1224.0 370.0 0.7594515 1.6933668 0.7106115 2.3604167 1.2185739 3.400773 -0.06598888337612152 0.5372887253761292
Pedestrian 0.0 0 2.469165325164795 425.2214660644531 169.12416076660156 439.58807373046875 193.9168701171875 0.77190495 1.7697818 0.6463635 -12.436338 0.95902777 50.969482 2.2298457622528076 0.292228639125824
Pedestrian 0.0 0 -0.1692068874835968 746.5341796875 161.0487518310547 784.0477905273438 237.14712524414062 0.766404 1.7454953 0.58054745 3.699606 1.3009437 16.52232 0.05107522010803223 0.23698091506958008
Pedestrian 0.0 0 1.588070034980774 772.3040161132812 180.19195556640625 806.932861328125 264.89874267578125 0.6195161 1.6622494 0.6615304 3.6841073 1.6578352 14.25665 1.8409512042999268 0.2195681482553482
Pedestrian 0.0 0 1.2567272186279297 712.4409790039062 169.19140625 738.4981689453125 215.18751525878906 1.3182719 1.6125966 0.5418133 4.3027973 1.2176526 25.475424 1.4240479469299316 0.1349390596151352
Cyclist 0.0 0 -1.7335026264190674 1082.7342529296875 139.0557403564453 1125.2161865234375 222.96099853515625 1.7982332 1.6902889 0.45169696 10.624716 0.85701287 15.146708 -1.1218016147613525 0.5536983609199524
Cyclist 0.0 0 -2.1733639240264893 831.6497802734375 157.1138153076172 865.3575439453125 199.5979461669922 1.7129623 1.7583015 0.46737632 10.344235 0.7918976 30.145634 -1.8428115844726562 0.26874685287475586
Cyclist 0.0 0 1.0618737936019897 710.6171875 166.85015869140625 742.4417724609375 214.7893524169922 1.3283763 1.672356 0.5451159 4.32327 1.1977115 25.37746 1.2306125164031982 0.26511895656585693
Car 0.0 0 -1.465338110923767 555.9060668945312 167.59085083007812 577.7171020507812 184.49081420898438 3.6547666 1.4690701 1.5766977 -3.3710823 0.3480976 63.32307 -1.518524169921875 0.5266066193580627
Car 0.0 0 -0.787959635257721 0.0 148.213134765625 91.49217224121094 220.76666259765625 3.7797132 1.6631651 1.7833645 -15.572057 0.92465246 18.153393 -1.496967077255249 0.38092413544654846
Car 0.0 0 -0.8481580018997192 0.0 177.9872283935547 81.1585464477539 228.7792205810547 3.673718 1.6185834 1.6949227 -20.338045 1.5400584 24.38596 -1.5432933568954468 0.24018222093582153
Car 0.0 0 -2.2693514823913574 830.298828125 158.17494201660156 911.7498779296875 191.02548217773438 4.1507263 1.6103764 1.697407 13.774737 0.5174092 36.895218 -1.9120304584503174 0.22067032754421234
Car 0.0 0 -2.0759804248809814 814.7263793945312 158.66323852539062 853.6025390625 179.99148559570312 3.7029438 1.7891506 1.6150217 19.867249 -0.044394016 61.37374 -1.7629164457321167 0.1879378855228424
