Pedestrian 0.0 0 -0.11678946018218994 791.3264770507812 110.27299499511719 892.9012451171875 273.26776123046875 1.0726725 1.8258466 0.5370114 2.6366456 1.12518 8.442842 0.18590736389160156 0.670499324798584
Pedestrian 0.0 0 -0.46380019187927246 701.582763671875 161.83065795898438 729.3291015625 207.94728088378906 0.86505634 1.8275356 0.74264705 4.204231 1.3910545 29.079351 -0.32021722197532654 0.5732239484786987
Cyclist 0.0 0 1.643464207649231 430.71234130859375 176.24386596679688 463.40966796875 259.41668701171875 1.8991827 1.7116983 0.57126564 -3.6209512 1.7914205 15.908311 1.4196633100509644 0.9342447519302368
Cyclist 0.0 0 1.6051745414733887 516.1599731445312 175.32595825195312 533.3003540039062 218.3386688232422 1.7531887 1.7412442 0.6557574 -3.6013222 1.8482013 30.21126 1.4865297079086304 0.88770592212677
Cyclist 0.0 0 1.677811861038208 463.7126159667969 174.76028442382812 500.5835876464844 254.47853088378906 1.891734 1.6966642 0.62906444 -2.925555 1.7428179 16.365627 1.5009181499481201 0.8218000531196594
Car 0.0 0 2.1462440490722656 0.0 188.06211853027344 280.70782470703125 375.0 4.074697 1.6882362 1.6366749 -4.994996 1.8823873 7.126214 1.5348923206329346 0.9585049152374268
Car 0.0 0 -1.5382674932479858 638.5164184570312 176.0372314453125 668.8538818359375 204.94027709960938 4.252459 1.6532043 1.7087053 2.6708224 1.857152 43.948296 -1.4775701761245728 0.8652559518814087
Car 0.0 0 1.825779676437378 393.1880798339844 183.14944458007812 483.6208801269531 239.0452880859375 4.5352907 1.532 1.6911566 -5.352957 1.8918694 22.904623 1.5961940288543701 0.8466747403144836
Car 0.0 0 -2.2288246154785156 853.619140625 187.6025390625 1242.0 375.0 3.845439 1.4713049 1.5252453 2.518391 1.580056 3.365714 -1.5864454507827759 0.7447381615638733
Car 0.0 0 1.7797582149505615 497.0702209472656 179.2435760498047 539.9650268554688 208.22181701660156 4.086617 1.547116 1.6390094 -5.244609 1.934097 41.551903 1.6542038917541504 0.5964746475219727
