Pedestrian 0.0 0 -0.6451696753501892 393.7449951171875 179.2838592529297 406.1007995605469 203.17926025390625 0.49318066 1.7665802 0.8214714 -15.756779 2.2523246 54.022343 -0.9289682507514954 0.13359040021896362
Pedestrian 0.0 0 1.249694585800171 1188.8125 173.73760986328125 1204.1707763671875 200.2964324951172 0.69434494 1.7729297 0.61489 39.492126 1.8333703 48.625633 1.9318103790283203 0.12006468325853348
Pedestrian 0.0 0 1.7464978694915771 822.33203125 173.56161499023438 864.8052978515625 255.7802734375 0.92664343 1.8189209 0.77976453 5.3190737 1.8361042 16.56184 2.0572566986083984 0.10639902204275131
Cyclist 0.0 0 -1.9275360107421875 683.3370971679688 177.8103790283203 703.5404663085938 215.24693298339844 1.6156975 1.6524079 0.37117827 3.7540004 1.8844281 32.893345 -1.8139011859893799 0.15541410446166992
Car 0.0 0 -3.3995602130889893 918.43994140625 176.60206604003906 991.711181640625 203.80552673339844 3.6557288 1.5786974 1.7111994 20.652058 1.8105087 43.374756 -2.9551897048950195 0.9174656867980957
Car 0.0 0 2.0782313346862793 13.546422958374023 200.74755859375 97.5013656616211 236.7706756591797 3.4607844 1.495434 1.7313508 -26.550156 2.9059267 34.635693 1.4242191314697266 0.8353366851806641
Car 0.0 0 3.654057264328003 3.8794493675231934 215.41806030273438 292.86639404296875 312.17987060546875 3.8986402 1.4314245 1.5529568 -7.755772 2.2096448 12.311044 3.091881275177002 0.20748288929462433
Car 0.0 0 -1.1762654781341553 103.53202056884766 174.2397918701172 160.22804260253906 204.23196411132812 4.680623 2.0875094 1.8049662 -34.995487 2.1942415 52.91426 -1.7605867385864258 0.20127633213996887
Car 0.0 0 -2.51082706451416 236.03675842285156 197.19082641601562 303.9332580566406 218.81451416015625 4.341314 1.4663023 1.7025044 -24.973314 3.2956474 52.97666 -2.951335906982422 0.1754988133907318
Car 0.0 0 1.6921803951263428 392.0523681640625 174.32582092285156 418.1312561035156 194.3273468017578 3.602529 1.4876494 1.5182966 -15.849887 1.6057855 55.8391 1.415605902671814 0.16480585932731628
Car 0.0 0 -2.8648056983947754 441.5140075683594 174.11122131347656 513.8738403320312 201.49951171875 3.8914328 1.5715864 1.6455469 -7.7951274 1.647746 42.496834 -3.046217441558838 0.11144766956567764
Car 0.0 0 1.7069969177246094 1111.79248046875 171.60498046875 1150.1767578125 193.11228942871094 4.044129 1.4791796 1.6962708 37.305458 1.3936355 51.67028 2.332329750061035 0.10814114660024643
Car 0.0 0 -1.1437417268753052 687.2041015625 177.52818298339844 752.4683837890625 211.22296142578125 3.7636876 1.4723796 1.6393172 5.205103 1.7068456 34.11199 -0.9923210144042969 0.10073497146368027
