Pedestrian 0.0 0 1.2506111860275269 662.232666015625 157.42376708984375 721.2940673828125 282.8524475097656 0.70840895 1.5413907 0.55509454 1.0549331 1.2594862 9.087147 1.3661844730377197 0.710180401802063
Pedestrian 0.0 0 1.3427178859710693 653.2029418945312 143.32470703125 695.1306762695312 227.31431579589844 0.79540986 1.6830943 0.69739395 1.3773844 0.9397544 14.604545 1.4367517232894897 0.6935405135154724
Pedestrian 0.0 0 -2.7387542724609375 601.9840087890625 151.21250915527344 674.192138671875 283.5115966796875 0.7224016 1.5719666 0.6068404 0.37030143 1.2256567 8.825428 -2.6968204975128174 0.6920955181121826
Pedestrian 0.0 0 1.162575364112854 542.7946166992188 138.21450805664062 584.6945190429688 228.3320770263672 0.7298842 1.7549567 0.5994282 -0.87791073 0.93311715 14.225248 1.1009385585784912 0.6051877737045288
Pedestrian 0.0 0 -2.277777910232544 265.9877014160156 141.6433563232422 331.3019104003906 245.50917053222656 0.7907861 1.6399162 0.6187426 -5.072869 1.0280725 11.609443 -2.6897354125976562 0.534914493560791
Pedestrian 0.0 0 1.1874115467071533 526.748779296875 136.76971435546875 568.081787109375 223.6630096435547 0.8573799 1.7875286 0.5978464 -1.2748837 0.8895537 15.057538 1.1029455661773682 0.5214205384254456
Pedestrian 0.0 0 1.1773077249526978 371.98736572265625 142.50917053222656 397.6114807128906 201.423095703125 0.51446754 1.7226154 0.574816 -6.5907855 0.6133481 21.050539 0.8738822937011719 0.49340108036994934
Pedestrian 0.0 0 0.7038003206253052 439.5470275878906 139.53604125976562 476.9694519042969 202.94602966308594 0.95207846 1.8727796 0.58933085 -4.466703 0.6644962 21.363512 0.49768853187561035 0.46282321214675903
Pedestrian 0.0 0 -1.910225749015808 638.588623046875 139.1533966064453 670.3321533203125 202.3943328857422 1.197445 1.8390889 0.58147603 1.4400494 0.6382695 21.211267 -1.8424389362335205 0.4168585538864136
Pedestrian 0.0 0 0.9890851974487305 474.7785949707031 133.93609619140625 528.4432373046875 227.17868041992188 0.76307803 1.7579315 0.7432308 -2.0708747 0.8816835 13.857374 0.8407409191131592 0.3621543049812317
Pedestrian 0.0 0 0.9935399889945984 235.89120483398438 137.80543518066406 291.7621154785156 239.4160614013672 0.6241559 1.6763816 0.6200995 -5.8751125 0.9736541 12.086485 0.5410826206207275 0.35538750886917114
Pedestrian 0.0 0 1.940695881843567 524.9679565429688 135.78683471679688 547.7503051757812 188.0830535888672 0.8014639 1.8393327 0.56189203 -2.4815555 0.26823452 25.324469 1.843017339706421 0.3217868506908417
Pedestrian 0.0 0 0.6475595235824585 397.7118835449219 147.1095428466797 429.3641052246094 207.55323791503906 0.77093357 1.8348478 0.5470265 -5.9492993 0.82279575 21.855873 0.3817927837371826 0.2942694425582886
Pedestrian 0.0 0 1.906503438949585 387.4328308105469 144.61338806152344 412.810302734375 194.47251892089844 0.88054657 1.9097039 0.6998031 -7.997151 0.5366818 27.53462 1.62384033203125 0.28888627886772156
Pedestrian 0.0 0 -2.822380781173706 577.7030639648438 145.85733032226562 623.1209106445312 196.00021362304688 1.5293612 1.7464495 0.5113325 -0.19046126 0.5413939 25.098969 -2.8299689292907715 0.2744868993759155
Pedestrian 0.0 0 0.4422753155231476 413.0877990722656 145.50921630859375 442.9052734375 205.39666748046875 0.66192144 1.7683386 0.63609445 -5.3483453 0.7367059 21.24889 0.19569730758666992 0.274046391248703
Pedestrian 0.0 0 1.6082199811935425 113.94500732421875 141.53321838378906 161.931640625 259.4029235839844 0.8410476 1.8699208 0.6365164 -7.7836556 1.2533953 11.736628 1.0226256847381592 0.25771647691726685
Pedestrian 0.0 0 -1.2520029544830322 362.20269775390625 149.24070739746094 384.10919189453125 195.7609100341797 0.67037714 1.8825403 0.67734534 -9.509798 0.61905825 28.942938 -1.5694609880447388 0.23849116265773773
Cyclist 0.0 0 -1.8852241039276123 635.7679443359375 138.57736206054688 671.3761596679688 201.41822814941406 1.7140656 1.8122177 0.56160074 1.4105555 0.60481346 21.284805 -1.8190503120422363 0.5018272399902344
Cyclist 0.0 0 -2.812286376953125 578.3858032226562 145.4860382080078 623.9580688476562 195.58499145507812 1.5360035 1.7443548 0.50859916 -0.16383995 0.5267621 25.09798 -2.818814277648926 0.3812689483165741
