Cyclist 0.0 0 3.234442710876465 475.84710693359375 163.529296875 515.37451171875 202.16232299804688 1.7776256 1.7839959 0.56936216 -5.255967 0.7836927 33.531303 3.0789597034454346 0.29065805673599243
Car 0.0 0 -1.350416898727417 317.58245849609375 180.33119201660156 469.1225280761719 287.8902893066406 3.6060648 1.5166054 1.6404427 -3.4300542 1.4488639 11.980124 -1.6292691230773926 0.9689174294471741
Car 0.0 0 -1.5917717218399048 551.926025390625 177.6543426513672 598.9653930664062 222.11029052734375 3.467121 1.6046226 1.7005495 -1.3255783 1.3328292 27.730946 -1.639536738395691 0.9632657170295715
Car 0.0 0 -1.0996148586273193 84.41539001464844 190.10928344726562 286.6711120605469 278.959716796875 4.2972493 1.4507346 1.6232884 -8.059418 1.5631391 14.158045 -1.6171144247055054 0.9556930065155029
Car 0.0 0 -1.4143846035003662 408.7850646972656 182.96261596679688 483.48883056640625 237.8226318359375 3.3113594 1.407665 1.5419816 -4.4851747 1.3509839 20.142231 -1.6334850788116455 0.9198557734489441
Car 0.0 0 -1.157408595085144 197.09226989746094 184.08389282226562 288.80120849609375 225.64041137695312 4.0015173 1.4504548 1.6096497 -13.67728 1.4120826 27.127598 -1.6243971586227417 0.7753620147705078
Car 0.0 0 -1.261670470237732 293.9362487792969 180.4541778564453 383.6686096191406 233.8612518310547 4.0514803 1.6114994 1.6130247 -8.799017 1.4689574 23.74739 -1.616512656211853 0.7384045124053955
Car 0.0 0 -1.2225892543792725 303.1868591308594 181.37583923339844 358.5923156738281 212.87423706054688 3.506709 1.5299834 1.5343033 -14.092092 1.3445992 36.680763 -1.5893856287002563 0.4265689551830292
Car 0.0 0 -1.4612075090408325 355.0910949707031 178.5098419189453 401.09698486328125 215.112060546875 3.5157464 1.476537 1.5070547 -9.838545 1.2071537 30.867079 -1.7697662115097046 0.31192106008529663
Car 0.0 0 -0.9469821453094482 0.0 154.72607421875 157.1583251953125 258.5538024902344 4.6116114 2.007911 1.8963178 -12.557409 1.4194071 16.235254 -1.605332851409912 0.2796991169452667
Car 0.0 0 -0.9710394740104675 606.8638916015625 169.5110321044922 651.4986572265625 189.3893585205078 4.024104 1.5567758 1.6408383 1.7620806 0.32799315 58.402775 -0.9408774375915527 0.27364668250083923
