Pedestrian 0.0 0 1.739388346672058 428.0227966308594 171.83819580078125 450.2718505859375 223.099365234375 0.7760822 1.8200107 0.66150844 -6.2005177 1.7843031 26.02401 1.5054879188537598 0.440030574798584
Pedestrian 0.0 0 2.905095338821411 288.04302978515625 180.50924682617188 324.5881652832031 245.25662231445312 0.7844069 1.7339814 0.71907127 -8.453763 1.9517455 19.966364 2.504580497741699 0.393227219581604
Car 0.0 0 -1.7660369873046875 670.8286743164062 180.85227966308594 798.983642578125 271.8119201660156 3.972387 1.4230443 1.590603 2.1396124 1.5971653 13.656437 -1.6106261014938354 0.9692180156707764
Car 0.0 0 -1.7734298706054688 635.1084594726562 174.4867401123047 700.9149169921875 222.4931640625 3.9299445 1.598967 1.6065934 1.9802716 1.6633053 26.220314 -1.6980485916137695 0.9515174031257629
Car 0.0 0 -1.5087083578109741 493.36676025390625 176.83184814453125 544.6709594726562 222.23745727539062 4.0874205 1.5658633 1.6765432 -3.4163563 1.7284875 27.338703 -1.6330280303955078 0.9429060220718384
Car 0.0 0 3.6258645057678223 129.620849609375 189.56146240234375 308.2555236816406 256.8362121582031 3.4026754 1.4892976 1.5603265 -9.25474 1.9056253 17.164001 3.131354808807373 0.9151910543441772
Car 0.0 0 -0.9884054064750671 0.0 184.9237823486328 321.4965515136719 375.0 4.397696 1.4947696 1.6537535 -3.5518675 1.6122845 4.7572155 -1.629744529724121 0.8279565572738647
Car 0.0 0 -1.5914098024368286 622.2355346679688 171.7056884765625 651.8168334960938 202.2802734375 3.7646565 1.7328024 1.6670989 1.5301123 1.6680795 42.784832 -1.5556620359420776 0.6987053751945496
Car 0.0 0 -1.7629315853118896 490.0638732910156 174.2875518798828 541.7872314453125 210.09332275390625 3.587803 1.5001894 1.6336899 -4.3093343 1.5687127 32.345943 -1.8953781127929688 0.6920210719108582
Car 0.0 0 -1.593253254890442 632.1946411132812 178.23008728027344 670.1387939453125 213.69464111328125 3.8311534 1.4626467 1.5950559 1.7516607 1.7180184 32.283348 -1.5390474796295166 0.4317730665206909
