Pedestrian 0.0 0 0.99395352602005 317.7013854980469 113.39491271972656 378.6940612792969 232.1475830078125 0.8053364 1.9050252 0.61809486 -4.429327 0.951543 12.060763 0.6419937610626221 0.27091801166534424
Pedestrian 0.0 0 1.8129159212112427 237.21055603027344 154.0230255126953 277.0256042480469 227.99803161621094 1.082177 1.828334 0.6759744 -9.047416 1.3632739 18.431034 1.3565913438796997 0.23638874292373657
Pedestrian 0.0 0 3.0472300052642822 649.6336059570312 171.7939910888672 667.55078125 203.7427215576172 0.9390562 1.7511547 0.5442683 2.6438813 1.6934128 39.830982 3.1135103702545166 0.22102542221546173
Pedestrian 0.0 0 1.913007140159607 722.7354736328125 145.2305450439453 773.5792236328125 249.2554473876953 0.93439394 1.8020954 0.62933767 2.457784 1.323913 13.059067 2.09903621673584 0.19890418648719788
Pedestrian 0.0 0 -0.1579287350177765 968.0681762695312 179.92718505859375 1023.2196655273438 304.7051086425781 0.6006234 1.6873928 0.5677859 5.365 1.7909741 10.161638 0.32784056663513184 0.1249932050704956
Cyclist 0.0 0 1.8231199979782104 237.66256713867188 157.7172393798828 277.7701416015625 231.5586395263672 1.0794984 1.8320674 0.67793256 -9.063928 1.4568697 18.49629 1.3674718141555786 0.11601050198078156
Car 0.0 0 1.7570500373840332 427.9483642578125 173.2620849609375 515.0440673828125 246.83360290527344 4.1872582 1.8773096 1.6755972 -3.8615313 1.8904624 20.525688 1.5710920095443726 0.9662089943885803
Car 0.0 0 1.7693209648132324 352.8663635253906 187.17892456054688 475.01519775390625 278.4851989746094 3.8682103 1.5037314 1.6111542 -3.8187394 1.8308913 14.479597 1.5114600658416748 0.9554086327552795
Car 0.0 0 1.6367239952087402 522.2355346679688 177.81712341308594 559.3905639648438 207.84979248046875 4.0625863 1.4780191 1.6972529 -3.6507301 1.7555771 38.24133 1.5415468215942383 0.8040601015090942
Car 0.0 0 -2.8223018646240234 373.8648681640625 167.9053497314453 457.4967346191406 201.48773193359375 3.370391 1.501753 1.637912 -8.933083 1.2808152 33.17577 -3.0853288173675537 0.5164019465446472
Car 0.0 0 1.7444472312927246 786.317626953125 184.81385803222656 897.0157470703125 265.6324157714844 4.359314 1.5022129 1.6552597 5.336711 1.812909 16.4067 2.058928966522217 0.13360697031021118
Car 0.0 0 -1.1593525409698486 649.869140625 159.38291931152344 692.1777954101562 181.5972137451172 4.107598 1.6057998 1.6741154 4.612276 0.63237655 54.35956 -1.0747077465057373 0.1274113953113556
