Pedestrian 0.0 0 1.1067893505096436 334.70703125 151.88739013671875 358.40399169921875 200.29421997070312 0.5674338 1.803911 0.6583291 -10.018354 1.0229348 27.319946 0.7553110122680664 0.3657844662666321
Pedestrian 0.0 0 1.3158237934112549 766.6323852539062 149.0376434326172 788.90380859375 196.84188842773438 0.7693016 1.8638351 0.68436664 6.584518 0.9356191 28.523329 1.542696237564087 0.31744641065597534
Pedestrian 0.0 0 2.6126043796539307 424.6775207519531 148.70277404785156 451.6970520019531 196.22190856933594 0.8349301 1.8556083 0.6429212 -6.87454 0.9128679 28.694021 2.377455711364746 0.2843119502067566
Cyclist 0.0 0 -1.97793447971344 933.1102905273438 150.36972045898438 999.1871337890625 264.0030212402344 1.6046939 1.7677168 0.37475652 5.8506045 1.4183019 12.031763 -1.525336503982544 0.3565647602081299
Car 0.0 0 -1.9177348613739014 753.08251953125 190.6402130126953 1000.3906860351562 348.47760009765625 3.6060855 1.4258333 1.5780683 2.8770797 1.6869994 8.752119 -1.6001334190368652 0.9746431112289429
Car 0.0 0 1.7584272623062134 377.7081298828125 184.0386962890625 490.4502258300781 263.6261901855469 4.4026327 1.37286 1.5005263 -3.6078808 1.6450769 15.3030615 1.5268932580947876 0.9447447657585144
Car 0.0 0 1.403217077255249 655.4595336914062 183.46994018554688 726.815185546875 232.38694763183594 4.1518455 1.4253469 1.6712078 2.5615377 1.8110747 24.066483 1.509253740310669 0.9264048337936401
Car 0.0 0 1.722800374031067 467.31512451171875 173.8710479736328 533.963134765625 227.10177612304688 3.739935 1.5850363 1.5881569 -3.5103636 1.621058 23.426378 1.5740604400634766 0.9162307977676392
Car 0.0 0 1.6795523166656494 511.6927490234375 173.61473083496094 557.0518798828125 210.57806396484375 4.085149 1.5711054 1.616497 -3.4136012 1.6082026 32.796684 1.575842022895813 0.8433858156204224
Car 0.0 0 -0.8612648248672485 0.0 146.09365844726562 213.23313903808594 375.0 3.667957 1.5093615 1.5832423 -3.1212454 1.4808956 2.704702 -1.7180395126342773 0.6814342737197876
Car 0.0 0 -1.707592487335205 645.7626953125 181.02166748046875 691.0709228515625 216.18003845214844 3.601166 1.4668458 1.5649328 2.5610092 1.8593997 32.80063 -1.6296725273132324 0.602286159992218
