Pedestrian 0.0 0 -0.008563429117202759 291.44342041015625 180.8184051513672 306.95062255859375 218.50686645507812 0.68503165 1.797004 0.68147314 -15.135395 2.1891463 35.04092 -0.41629326343536377 0.3222184479236603
Pedestrian 0.0 0 -1.529181718826294 994.4520263671875 146.10276794433594 1007.1449584960938 181.84071350097656 0.45801154 1.9302297 0.589985 21.260178 0.48573586 39.31569 -1.033463716506958 0.26479193568229675
Pedestrian 0.0 0 -2.214740753173828 1001.5532836914062 132.53427124023438 1038.345703125 194.98667907714844 0.9037928 1.929775 0.5830761 12.886942 0.684256 22.778381 -1.6998834609985352 0.25718340277671814
Pedestrian 0.0 0 -0.7796115875244141 1186.2459716796875 161.9668731689453 1242.0 258.4136657714844 0.8447917 1.7286642 0.5371592 11.146751 1.5338864 13.231012 -0.07950440049171448 0.24305878579616547
Pedestrian 0.0 0 -1.6816569566726685 767.5161743164062 162.48757934570312 784.7728881835938 201.7340850830078 0.9831473 1.84342 0.6959552 7.8803034 1.3568641 34.41613 -1.4565658569335938 0.21220532059669495
Pedestrian 0.0 0 -0.5352025032043457 1078.1898193359375 124.82079315185547 1138.2567138671875 218.4585418701172 0.7765625 1.8091903 0.6054568 9.78777 0.8814907 14.265926 0.06612968444824219 0.14144885540008545
Pedestrian 0.0 0 -1.6807297468185425 970.4352416992188 129.7254638671875 1008.7617797851562 206.25933837890625 0.97807324 1.864563 0.74831194 9.494739 0.8141985 18.167301 -1.1991441249847412 0.1190113052725792
Pedestrian 0.0 0 -1.9377188682556152 1076.5980224609375 154.5995330810547 1090.9376220703125 182.462890625 0.670705 1.8606569 0.60609937 31.860533 0.64201903 48.57202 -1.357176423072815 0.11697482317686081
Cyclist 0.0 0 3.1197075843811035 309.36334228515625 179.7983856201172 346.43231201171875 214.2699432373047 1.8380929 1.8062414 0.5740141 -15.154963 2.1847825 38.67256 2.7462217807769775 0.7445527911186218
Cyclist 0.0 0 -0.7347445487976074 1182.2884521484375 163.8599853515625 1242.0 260.9456787109375 1.0428048 1.7428104 0.535912 11.176587 1.5817143 13.23502 -0.03346925973892212 0.11047045141458511
Car 0.0 0 -1.5951123237609863 588.3802490234375 173.56869506835938 619.115478515625 202.9385223388672 4.205208 1.5586829 1.6137648 -0.4304081 1.6012917 40.523056 -1.6057332754135132 0.8990157246589661
Car 0.0 0 -1.81936776638031 750.3772583007812 163.4950714111328 798.4208374023438 199.42453002929688 4.086291 1.9170439 1.6685107 9.13978 1.4180491 40.56031 -1.597731590270996 0.2722812592983246
Car 0.0 0 -2.019428014755249 1209.569091796875 139.0487823486328 1242.0 188.69834899902344 4.326468 2.1144946 1.7986802 29.627047 0.6751432 33.054462 -1.2886552810668945 0.23888714611530304
Car 0.0 0 2.190114974975586 346.5081481933594 176.75796508789062 410.27374267578125 206.19064331054688 3.9875674 1.664798 1.6561931 -13.934712 1.9123434 43.5315 1.8803155422210693 0.16429097950458527
Car 0.0 0 -1.9417750835418701 177.47471618652344 177.78060913085938 222.0875244140625 201.5040740966797 3.726421 1.6906799 1.662134 -30.742296 2.072149 53.994087 -2.4593634605407715 0.14184147119522095
Car 0.0 0 2.2171518802642822 0.0 176.50538635253906 64.93336486816406 375.0 4.0293884 1.5135554 1.5577983 -6.55083 1.5548077 5.9539943 1.3840614557266235 0.11821094155311584
