Pedestrian 0.0 0 1.9148952960968018 1161.5057373046875 148.82867431640625 1186.2412109375 195.1336212158203 0.7566243 1.9150267 0.5985514 23.633553 0.9217733 30.292978 2.5774247646331787 0.40909406542778015
Pedestrian 0.0 0 1.7423555850982666 1007.30517578125 141.30487060546875 1027.114990234375 186.07647705078125 0.46878305 1.9085371 0.67504823 17.54033 0.56400955 31.150166 2.255192756652832 0.18057891726493835
Car 0.0 0 -1.5655550956726074 594.0371704101562 171.6339569091797 624.4249267578125 203.50054931640625 4.349863 1.7514275 1.6702874 -0.07020828 1.68473 41.83176 -1.5672334432601929 0.8099006414413452
Car 0.0 0 1.7289115190505981 421.36102294921875 170.9018096923828 475.9716796875 211.0732879638672 4.108886 1.5936085 1.6408972 -6.831376 1.5165229 30.721184 1.5101046562194824 0.608397901058197
Car 0.0 0 1.9041128158569336 324.1500549316406 167.22372436523438 431.5536804199219 228.98526000976562 4.2951894 1.6230094 1.6664267 -6.687259 1.4754114 21.127419 1.5975693464279175 0.3502306342124939
Car 0.0 0 -1.1779638528823853 365.0552062988281 171.51515197753906 409.6097412109375 197.3231658935547 3.6083007 1.6969205 1.6555388 -15.195707 1.6092464 49.313423 -1.4768767356872559 0.29682618379592896
Car 0.0 0 1.9539927244186401 214.4943389892578 178.21705627441406 256.07720947265625 197.24777221679688 4.4382825 1.558139 1.6664892 -32.493523 2.041199 62.651146 1.4755429029464722 0.18407276272773743
Car 0.0 0 -2.3921055793762207 251.17135620117188 156.0423583984375 339.4706115722656 186.43719482421875 4.235207 1.5225663 1.6416388 -16.43916 0.68078005 37.61688 -2.8041093349456787 0.15869630873203278
Car 0.0 0 1.5346744060516357 684.2969970703125 174.5438232421875 709.6875 199.39205932617188 3.6854193 1.6232163 1.5832675 5.8800607 1.7434763 49.29229 1.6534030437469482 0.15628176927566528
Car 0.0 0 -2.5810019969940186 448.45953369140625 178.30508422851562 517.8860473632812 206.17849731445312 3.75177 1.5701089 1.629576 -7.532832 1.9039167 42.67376 -2.755723476409912 0.15386807918548584
