Pedestrian 0.0 0 -1.0439481735229492 42.10429000854492 144.21310424804688 66.80117797851562 193.60488891601562 0.4559178 1.983136 0.6492072 -22.333572 0.5276706 28.65349 -1.706023931503296 0.47527286410331726
Pedestrian 0.0 0 -0.9171420335769653 0.0 153.19789123535156 42.751075744628906 229.7609405517578 0.6857742 1.8677088 0.6482049 -14.628466 1.2032893 17.59858 -1.6106376647949219 0.15046542882919312
Pedestrian 0.0 0 2.5156819820404053 802.2647094726562 176.0252685546875 860.5919799804688 281.3392333984375 0.6326538 1.7122453 0.7232857 3.7681792 1.641146 11.933369 2.8215415477752686 0.13177646696567535
Pedestrian 0.0 0 1.6345090866088867 736.947998046875 147.0399627685547 764.1774291992188 219.5838623046875 1.3487386 1.7803011 0.600562 3.6964884 0.9607552 18.076254 1.8362221717834473 0.12835319340229034
Pedestrian 0.0 0 -1.600297451019287 820.2325439453125 137.56907653808594 852.3098754882812 222.26724243164062 1.3539468 1.7668469 0.62196183 5.008418 0.87290823 15.481352 -1.287411093711853 0.12186727672815323
Pedestrian 0.0 0 3.0199036598205566 284.31817626953125 166.4716339111328 300.9247741699219 195.1284637451172 0.9115278 1.8150375 0.5552549 -19.995327 0.9278648 45.249283 2.6038122177124023 0.12164627015590668
Pedestrian 0.0 0 2.339897394180298 17.432479858398438 170.52926635742188 63.625030517578125 242.84495544433594 0.7221151 1.8616835 0.6230995 -14.867592 1.6065884 18.585997 1.6651959419250488 0.12033338844776154
Pedestrian 0.0 0 -1.0392690896987915 130.7250213623047 158.8410186767578 154.17044067382812 199.5335235595703 0.6382466 1.8805735 0.68828034 -21.60788 0.8810748 33.00608 -1.6189157962799072 0.1007702499628067
Cyclist 0.0 0 2.350309133529663 423.2976989746094 165.3308868408203 445.8535461425781 191.20492553710938 1.6533548 1.77343 0.5175634 -11.87111 0.73503315 49.29825 2.1140060424804688 0.5135740041732788
Cyclist 0.0 0 -1.9420630931854248 725.537109375 167.0628662109375 755.19677734375 217.0260009765625 1.3927534 1.5806619 0.4750087 4.378033 1.1571081 23.0917 -1.754693627357483 0.2390337437391281
Car 0.0 0 -1.3295916318893433 555.6473388671875 162.5862579345703 585.0651245117188 180.82078552246094 3.9582894 1.5199302 1.6398567 -2.9346285 0.027949322 61.030483 -1.3776392936706543 0.4989713728427887
Car 0.0 0 3.412414789199829 229.1026611328125 170.26976013183594 301.3595886230469 195.5936737060547 3.8647652 1.579025 1.6668494 -21.685139 0.94248575 45.240932 2.9654431343078613 0.16938869655132294
Car 0.0 0 -1.4602916240692139 566.2777099609375 167.80088806152344 594.1159057617188 190.60191345214844 4.056153 1.6568244 1.6682148 -1.8279223 0.7353308 53.458115 -1.4944719076156616 0.162629634141922
Car 0.0 0 -1.2677974700927734 524.9303588867188 163.00535583496094 560.0174560546875 184.05979919433594 3.8733153 1.5585563 1.6081419 -4.7581277 0.26478547 54.398293 -1.3550437688827515 0.13042563199996948
