Pedestrian 0.0 0 -0.3484257757663727 598.9564208984375 183.4733428955078 617.8380126953125 218.72830200195312 0.78387254 1.7243841 0.5965142 -0.11965802 2.2600505 35.954056 -0.351753830909729 0.5007061958312988
Pedestrian 0.0 0 -0.04866998642683029 529.8697509765625 176.80323791503906 544.5391235351562 201.9803466796875 1.0252023 1.7927595 0.47526553 -5.254593 2.0782707 51.78422 -0.1497947871685028 0.42638760805130005
Pedestrian 0.0 0 -3.4954700469970703 983.569580078125 169.5406494140625 1070.997314453125 306.7118835449219 0.86394054 1.7844032 0.6092265 5.5666184 1.7416589 9.754747 -2.976905345916748 0.25266435742378235
Pedestrian 0.0 0 3.527909278869629 254.5564727783203 205.390869140625 287.8174743652344 284.8569030761719 0.44934908 1.592532 0.55843246 -7.0826316 2.281955 14.986791 3.086427688598633 0.21896378695964813
Cyclist 0.0 0 0.5986882448196411 579.2114868164062 135.2515106201172 617.6224975585938 183.74449157714844 1.4238954 1.846016 0.5649935 -0.49780786 0.4149339 28.09142 0.5809690952301025 0.22286556661128998
Car 0.0 0 1.7187812328338623 379.8891906738281 191.33338928222656 456.3697204589844 250.23541259765625 3.9171326 1.4518623 1.5934591 -5.5487094 2.044571 21.092138 1.4615397453308105 0.9592623114585876
Car 0.0 0 1.6507481336593628 430.7861328125 190.383544921875 475.6561279296875 230.18356323242188 3.5272326 1.4293224 1.5095928 -6.370182 2.1885817 29.386183 1.4372762441635132 0.8442599177360535
Car 0.0 0 1.2752164602279663 643.4015502929688 170.9757080078125 742.86181640625 238.7027587890625 4.0409184 1.7218273 1.6702414 2.186907 1.6744332 20.482407 1.381583571434021 0.6621221303939819
Car 0.0 0 -1.5061475038528442 545.173828125 179.38661193847656 571.5205078125 203.88848876953125 3.8263512 1.6688668 1.6552002 -3.7217722 2.1581783 52.08429 -1.5774829387664795 0.6332547664642334
Car 0.0 0 1.6722782850265503 447.7497863769531 187.55413818359375 486.55035400390625 220.80462646484375 3.6036458 1.4860151 1.530419 -7.067921 2.252962 35.75883 1.4771382808685303 0.4943506121635437
