Pedestrian 0.0 0 -2.893439292907715 759.9671630859375 165.0800018310547 790.2606201171875 230.40194702148438 0.680124 1.7644236 0.6307096 4.768692 1.3220598 19.837849 -2.65753173828125 0.7594108581542969
Pedestrian 0.0 0 1.60896897315979 1027.1888427734375 127.33338928222656 1090.5443115234375 280.9636535644531 0.85652095 1.7815024 0.6299361 5.6035786 1.1547322 8.858565 2.1729865074157715 0.7146047353744507
Pedestrian 0.0 0 3.0207529067993164 429.681396484375 171.80703735351562 476.6755676269531 250.7228240966797 1.0290614 1.8291725 0.6032352 -3.5682487 1.605708 17.098263 2.8150150775909424 0.7116661071777344
Pedestrian 0.0 0 0.9051418900489807 78.84994506835938 174.87661743164062 143.0089874267578 289.20458984375 0.53366286 1.7568203 0.6535572 -7.8375587 1.6563438 11.427337 0.3039686679840088 0.6913533210754395
Pedestrian 0.0 0 0.8770580291748047 392.8528137207031 174.15150451660156 437.95733642578125 247.2281036376953 1.0533891 1.7556167 0.5279847 -4.641035 1.5802704 17.776257 0.6216781139373779 0.6483892798423767
Pedestrian 0.0 0 -1.4960801601409912 658.1827392578125 165.500732421875 696.0194091796875 263.74169921875 0.85972196 1.6454914 0.5957651 1.285677 1.378796 12.504799 -1.3936254978179932 0.59413743019104
Pedestrian 0.0 0 1.9759986400604248 672.9464111328125 179.3662567138672 709.4898071289062 260.6724853515625 0.7168108 1.7188784 0.5528385 1.9215196 1.6750007 15.632389 2.098304271697998 0.5604385733604431
Pedestrian 0.0 0 -1.6830120086669922 731.7850341796875 169.93174743652344 763.8043212890625 246.44747924804688 0.86531746 1.720221 0.6290595 3.3379922 1.4613597 16.60506 -1.484633445739746 0.5215305089950562
Pedestrian 0.0 0 -1.5405075550079346 628.2926025390625 172.05039978027344 653.2208251953125 231.90847778320312 0.9694845 1.717135 0.7050246 1.1349254 1.447196 21.116707 -1.4868137836456299 0.5211886167526245
Pedestrian 0.0 0 -0.885473370552063 289.7795104980469 170.59849548339844 316.5844421386719 223.52197265625 0.6820618 1.7885702 0.54207295 -10.266707 1.4212264 24.678282 -1.2797150611877441 0.43984657526016235
Pedestrian 0.0 0 -1.6495014429092407 723.9647827148438 167.67669677734375 739.1058349609375 208.5946044921875 0.72815794 1.5917058 0.5303817 5.1086826 1.0549947 28.329283 -1.4710867404937744 0.38192909955978394
Pedestrian 0.0 0 0.5932996273040771 740.2940063476562 169.0835723876953 780.4107055664062 241.3824462890625 0.85071796 1.7845857 0.5142334 3.9930995 1.4792938 18.213638 0.80912184715271 0.3545079529285431
Pedestrian 0.0 0 -0.4204446077346802 1105.8604736328125 133.00244140625 1235.725830078125 313.76434326171875 0.88792413 1.7565922 0.5646826 5.7512484 1.2866777 7.3588076 0.24294233322143555 0.3311311602592468
Pedestrian 0.0 0 2.4301156997680664 692.4290771484375 173.36032104492188 742.1633911132812 267.2314758300781 0.6489126 1.5959694 0.56860787 1.9925529 1.4588629 12.622895 2.5866761207580566 0.31189844012260437
Pedestrian 0.0 0 2.5031492710113525 770.6923217773438 167.5380401611328 811.2376708984375 242.42913818359375 0.7662147 1.7711705 0.5596788 4.550863 1.4421718 17.388573 2.7591238021850586 0.3109901547431946
Cyclist 0.0 0 0.6174405813217163 164.78463745117188 201.84446716308594 291.63824462890625 293.9231262207031 1.9580253 1.6360211 0.9301515 -7.088017 2.0398808 13.618148 0.1375410556793213 0.3098808228969574
Cyclist 0.0 0 -1.6500720977783203 728.171875 169.17855834960938 758.4702758789062 247.2001190185547 0.9541946 1.7536498 0.6116558 3.2433074 1.4779227 16.651588 -1.4577059745788574 0.11204085499048233
Car 0.0 0 1.7015553712844849 546.7640991210938 179.9805145263672 589.6915283203125 209.8873748779297 4.295184 1.4691023 1.6928939 -1.676909 1.3953519 37.496273 1.6568630933761597 0.9214116334915161
Car 0.0 0 0.5497491359710693 0.0 0.0 1238.0 374.0 3.552629 1.5391525 1.594653 2.4156885 1.6966925 1.0435884 1.712756872177124 0.2872103750705719
