Pedestrian 0.0 0 1.139035701751709 719.2025756835938 144.9954376220703 775.5481567382812 248.1955108642578 0.9242263 1.7369306 0.6389944 2.4426384 1.1410124 12.419485 1.3332349061965942 0.8585077524185181
Pedestrian 0.0 0 3.2097327709198 522.1846923828125 138.07164001464844 562.5763549804688 216.2686004638672 0.87304735 1.7413539 0.6957899 -1.4554497 0.7981376 16.097597 3.1195638179779053 0.6831948161125183
Pedestrian 0.0 0 1.2513933181762695 430.73126220703125 133.5466766357422 479.1072082519531 219.052734375 1.0545951 1.8012336 0.7432807 -3.3473845 0.8137563 15.532335 1.0391290187835693 0.6691837906837463
Pedestrian 0.0 0 -1.8123332262039185 647.8193969726562 138.46315002441406 675.5178833007812 203.3309326171875 0.99167794 1.8651134 0.59205717 1.6304482 0.65801734 20.861906 -1.7343374490737915 0.6016167402267456
Pedestrian 0.0 0 1.3138233423233032 502.1464538574219 138.78916931152344 542.9532470703125 217.07681274414062 0.9452492 1.8246987 0.75986284 -2.0362084 0.8541243 17.05374 1.1949864625930786 0.5603746175765991
Pedestrian 0.0 0 0.8715169429779053 542.33935546875 141.12631225585938 621.0756225585938 255.83177185058594 1.1005243 1.7677368 0.75239044 -0.4347762 1.1626036 11.5517235 0.8338973522186279 0.5234029293060303
Pedestrian 0.0 0 0.9879907369613647 271.0466613769531 141.92808532714844 331.1325988769531 245.76564025878906 0.7304125 1.6416093 0.60523474 -5.0424685 1.0334662 11.62614 0.578758955001831 0.40051189064979553
Pedestrian 0.0 0 0.695162296295166 236.3449249267578 134.27073669433594 291.63604736328125 233.49559020996094 0.5896083 1.6431117 0.6229272 -5.8627005 0.87922996 12.07668 0.24321722984313965 0.39750948548316956
Pedestrian 0.0 0 0.6876109838485718 356.0511169433594 141.32171630859375 385.8951110839844 201.51058959960938 0.6871421 1.8382894 0.5512808 -7.3026743 0.6432642 21.970222 0.36670994758605957 0.3843337595462799
Pedestrian 0.0 0 2.7248120307922363 446.5025939941406 144.2882537841797 482.8625183105469 203.6147003173828 1.0102028 1.8972852 0.6024182 -4.6232576 0.7407665 23.143955 2.52764630317688 0.3425115942955017
Pedestrian 0.0 0 1.2648050785064697 465.2436828613281 144.2645721435547 511.4228820800781 227.04501342773438 0.94312054 1.8193132 0.7900738 -2.710336 1.0245612 16.133913 1.0983691215515137 0.3337617516517639
Pedestrian 0.0 0 1.3803074359893799 397.41064453125 145.15138244628906 422.74072265625 203.82957458496094 0.69181484 1.772574 0.632378 -6.0476947 0.7063096 21.804302 1.1097462177276611 0.3160666525363922
Pedestrian 0.0 0 0.6526263356208801 381.8451232910156 152.76614379882812 410.0655822753906 209.59783935546875 0.67635936 1.7865291 0.5400755 -6.7100782 0.9162557 22.59415 0.3639397621154785 0.28078752756118774
Pedestrian 0.0 0 2.183493137359619 500.53338623046875 145.36656188964844 521.174560546875 189.31491088867188 0.6315543 1.8953038 0.65035474 -4.1357913 0.3816246 30.91724 2.0505127906799316 0.26382976770401
Pedestrian 0.0 0 2.9162590503692627 617.13037109375 140.38302612304688 642.98583984375 192.28114318847656 0.79263103 1.795716 0.5991844 0.84792316 0.40916818 24.828936 2.9503962993621826 0.2595398426055908
Pedestrian 0.0 0 1.7431823015213013 423.8894958496094 146.0818634033203 449.1852111816406 205.77403259277344 0.7960047 1.8393134 0.64758915 -5.314509 0.7803331 22.199024 1.508202075958252 0.20887258648872375
Pedestrian 0.0 0 -2.5001566410064697 621.4680786132812 156.63038635253906 669.3285522460938 204.87149047851562 1.7269983 1.7536452 0.68005425 1.4791656 0.88746476 26.512539 -2.444423198699951 0.14002962410449982
Cyclist 0.0 0 -2.5001566410064697 621.4680786132812 156.63038635253906 669.3285522460938 204.87149047851562 1.7269983 1.7536452 0.68005425 1.4791656 0.88746476 26.512539 -2.444423198699951 0.3180869519710541
