Cyclist 0.0 0 -1.9225295782089233 833.4135131835938 155.372314453125 882.643798828125 237.3150177001953 1.7548295 1.781597 0.48718497 5.6167912 1.4018682 16.568121 -1.5956770181655884 0.6274666786193848
Car 0.0 0 -1.733675241470337 679.9130859375 180.68524169921875 759.1124877929688 240.5370635986328 3.5064652 1.4262377 1.5344929 2.8047926 1.6566055 19.421564 -1.5902504920959473 0.9758473038673401
Car 0.0 0 0.41155582666397095 192.77972412109375 182.6070098876953 419.79937744140625 270.548828125 3.9891891 1.6861222 1.6561924 -6.192596 1.8993788 14.885223 0.017313241958618164 0.9531117081642151
Car 0.0 0 -2.0694668292999268 804.3214721679688 178.2532958984375 1242.0 375.0 3.5541167 1.4316111 1.548741 2.7628422 1.4872922 5.5843534 -1.6100305318832397 0.9443279504776001
Car 0.0 0 3.752634048461914 0.0 140.37265014648438 267.5363464355469 279.7117614746094 3.700327 1.67055 1.603089 -6.7802124 1.2814857 9.468568 3.1312003135681152 0.9164635539054871
Car 0.0 0 -0.20847007632255554 738.2180786132812 173.9286651611328 867.004150390625 223.20033264160156 3.9646578 1.6105114 1.7084334 6.4302983 1.6488802 24.570402 0.047498226165771484 0.9103041291236877
Car 0.0 0 0.6870909333229065 0.0 173.54620361328125 235.4756622314453 362.3135986328125 4.2842355 1.602487 1.6510317 -6.2931385 1.6104829 7.04411 -0.042060308158397675 0.8559679985046387
Car 0.0 0 -2.536562919616699 55.69650650024414 186.41905212402344 339.96044921875 285.51043701171875 4.0168433 1.5138444 1.5643854 -6.9294767 1.762455 12.242561 -3.051618814468384 0.8240827918052673
Car 0.0 0 0.40086251497268677 334.9536437988281 176.57363891601562 489.6842346191406 231.4857177734375 4.235849 1.5720623 1.6040462 -5.986056 1.6907692 21.877262 0.13377976417541504 0.7953996658325195
Car 0.0 0 0.3706197142601013 277.0016784667969 179.2879180908203 466.0608215332031 252.0089111328125 3.9712188 1.625253 1.5838333 -5.638133 1.7868152 17.17867 0.05349135398864746 0.7796492576599121
Car 0.0 0 0.21967081725597382 426.56805419921875 174.65919494628906 514.7667236328125 210.45828247070312 3.8184266 1.6400541 1.6379789 -6.561483 1.7277079 34.015247 0.029113054275512695 0.6427463293075562
