Car 0.0 0 -1.7773340940475464 709.5935668945312 187.05311584472656 836.6077880859375 279.13720703125 3.631333 1.4310757 1.5723726 2.8605382 1.7346162 13.587249 -1.5698332786560059 0.9630640745162964
Car 0.0 0 -2.543076515197754 0.0 193.57749938964844 310.5798645019531 325.6592712402344 3.9860797 1.4610096 1.5901003 -6.124897 1.7437633 9.029528 -3.1391024589538574 0.9489301443099976
Car 0.0 0 -0.24958327412605286 775.0784912109375 176.53895568847656 952.61328125 239.64999389648438 4.032982 1.5333118 1.6705021 6.387318 1.6339524 18.63836 0.08057117462158203 0.929439127445221
Car 0.0 0 0.5147850513458252 82.92919921875 180.00831604003906 391.8294677734375 291.0713806152344 3.9971824 1.5705913 1.6035458 -5.6895227 1.6909258 11.206469 0.04499650001525879 0.9240670800209045
Car 0.0 0 0.545151948928833 168.435791015625 180.69308471679688 394.63970947265625 267.8880920410156 3.658001 1.5139232 1.4851625 -6.1863713 1.6730196 13.652458 0.11969614028930664 0.8740344047546387
Car 0.0 0 0.4297833740711212 234.1256561279297 177.87252807617188 452.1682434082031 254.49288940429688 4.272329 1.5851636 1.5645292 -5.87384 1.7033691 15.994747 0.07783722877502441 0.8657691478729248
Car 0.0 0 -1.6412105560302734 638.623046875 178.0618438720703 668.9971313476562 202.5807342529297 4.2287397 1.512566 1.6951596 2.8112571 1.8713658 47.53486 -1.5821384191513062 0.813786506652832
Car 0.0 0 3.4407076835632324 247.2776336669922 179.46563720703125 423.5535888671875 238.93817138671875 3.9590073 1.4355869 1.4683896 -6.9700437 1.6129577 18.459644 3.07967472076416 0.8136544227600098
Car 0.0 0 -2.2678639888763428 0.0 190.76260375976562 89.09486389160156 375.0 3.5735624 1.5249132 1.541466 -6.941271 1.7032167 6.32215 -3.099907159805298 0.7925063967704773
Car 0.0 0 3.3468732833862305 385.0221252441406 178.89596557617188 496.5199890136719 222.76861572265625 3.9605837 1.6328868 1.5978067 -6.5291853 1.8742563 27.932152 3.1172447204589844 0.7729359865188599
Car 0.0 0 0.31134140491485596 306.8418273925781 184.1648406982422 469.5143737792969 238.6773681640625 4.23456 1.4919559 1.5251054 -6.38081 1.8319154 20.867655 0.014594793319702148 0.7497955560684204
Car 0.0 0 0.0984339639544487 474.9228820800781 178.26487731933594 546.187744140625 207.9322052001953 3.9486215 1.6693141 1.7023718 -5.7582717 1.9905529 41.860462 -0.038266830146312714 0.7311030626296997
Car 0.0 0 -2.8591408729553223 350.748291015625 182.96517944335938 480.4249267578125 232.90769958496094 3.7753646 1.5360912 1.4992075 -6.2592316 1.8739676 23.295574 -3.121628999710083 0.6569406390190125
