Pedestrian 0.0 0 0.10910433530807495 685.0792236328125 141.35658264160156 729.8306274414062 234.12753295898438 0.80726814 1.7774699 0.6990906 1.8824544 1.1743443 14.257337 0.24037909507751465 0.4750046133995056
Car 0.0 0 -1.8747754096984863 664.5454711914062 178.7024383544922 823.2786865234375 285.0556945800781 3.3189301 1.4235066 1.5344063 1.9309806 1.5320692 11.597014 -1.709782361984253 0.9616035223007202
Car 0.0 0 2.416393756866455 572.7494506835938 173.18154907226562 675.8410034179688 216.0528564453125 3.7341392 1.4937123 1.6001173 0.5342677 1.5071472 26.984333 2.436190366744995 0.9219637513160706
Car 0.0 0 -1.1417649984359741 846.451416015625 163.80416870117188 943.1834716796875 207.6079559326172 4.2389684 1.4403489 1.5935806 10.1874895 1.143132 25.765581 -0.7652378678321838 0.8787886500358582
Car 0.0 0 -0.9783874750137329 755.5939331054688 170.49932861328125 869.7529296875 220.5616912841797 3.8911264 1.4612447 1.5907425 6.445694 1.3928735 22.923717 -0.7042847275733948 0.7990357875823975
Car 0.0 0 -1.1209172010421753 923.6798706054688 164.91653442382812 1002.0860595703125 206.38607788085938 3.1717222 1.5441524 1.5552549 13.895978 1.2489526 28.456062 -0.666648268699646 0.7936773896217346
Car 0.0 0 2.2646243572235107 706.410400390625 169.8104248046875 789.1361694335938 204.14923095703125 3.660993 1.3884352 1.4841021 5.8949904 1.2657309 30.907557 2.4530904293060303 0.6106138825416565
Car 0.0 0 -1.2308218479156494 974.1851196289062 154.36395263671875 1059.673583984375 196.43695068359375 4.7002425 1.6945099 1.7599487 17.645763 0.9501725 31.265158 -0.7169972658157349 0.4252549409866333
Car 0.0 0 -3.4090540409088135 1155.7236328125 152.5850372314453 1242.0 204.8772735595703 4.2966585 1.5254607 1.6474527 19.989214 0.9345357 22.728151 -2.687685966491699 0.33693763613700867
Car 0.0 0 -1.613877296447754 1082.94775390625 162.23980712890625 1125.6922607421875 192.38438415527344 4.2550673 1.4808933 1.6503004 25.717335 0.9598144 37.686466 -1.0150597095489502 0.2764376699924469
