Pedestrian 0.0 0 0.23320543766021729 172.31036376953125 166.3111572265625 216.27340698242188 261.36041259765625 0.59223443 1.8043913 0.7404735 -8.081296 1.5366688 13.857754 -0.29474008083343506 0.7694329619407654
Pedestrian 0.0 0 -0.24735838174819946 231.6712188720703 176.11453247070312 271.1730041503906 258.3390197753906 0.6266808 1.7509179 0.68025774 -7.8021274 1.6591517 15.513422 -0.7133452892303467 0.6832793951034546
Pedestrian 0.0 0 1.3616509437561035 531.3585205078125 105.70532989501953 597.4951171875 255.95326232910156 0.8553594 1.81496 0.6759991 -0.58268344 0.913138 9.039093 1.2972774505615234 0.6040457487106323
Pedestrian 0.0 0 1.5172829627990723 540.1317749023438 144.58534240722656 588.30908203125 308.5670471191406 0.7116926 1.5800197 0.44506496 -0.47708333 1.235666 7.1875715 1.4510040283203125 0.39261555671691895
Pedestrian 0.0 0 0.2921674847602844 241.55819702148438 178.13302612304688 259.5104064941406 206.56619262695312 0.9126169 1.7973771 0.51688224 -22.571886 1.6490932 45.02346 -0.17254842817783356 0.3614574670791626
Pedestrian 0.0 0 2.422771453857422 306.2659912109375 164.80970764160156 354.3167419433594 257.7151794433594 0.56318396 1.6601821 0.6093643 -5.1003747 1.3814453 13.019966 2.049410343170166 0.28116893768310547
Pedestrian 0.0 0 0.21215450763702393 175.08770751953125 178.4442901611328 195.75416564941406 209.95794677734375 0.891873 1.7236029 0.526862 -23.184727 1.6125672 39.057796 -0.3235461711883545 0.26211926341056824
Pedestrian 0.0 0 0.6522120237350464 378.1923522949219 187.67324829101562 428.9158935546875 274.90155029296875 0.78922606 1.635149 0.52469444 -3.9439101 1.7797598 13.700641 0.37192678451538086 0.24985137581825256
Pedestrian 0.0 0 0.8914905786514282 845.6427612304688 126.5890121459961 871.5769653320312 187.66183471679688 0.51355666 1.7766464 0.5119292 7.4587054 0.20990953 20.890402 1.2344231605529785 0.14373478293418884
Cyclist 0.0 0 -0.6608321666717529 639.4215087890625 168.97866821289062 774.861328125 312.8271484375 1.7167232 1.6988916 0.5855936 1.2725573 1.5645036 9.026537 -0.5207756161689758 0.8538931608200073
Cyclist 0.0 0 0.6866095066070557 0.0 175.8972625732422 63.46765899658203 228.46102905273438 1.7575874 1.8412938 0.6612038 -20.383825 1.6815894 25.097284 0.0044782161712646484 0.40945324301719666
