Pedestrian 0.0 0 2.5900187492370605 430.2545471191406 169.9264373779297 455.36492919921875 212.57989501953125 0.79565895 1.8048668 0.71832716 -7.0062475 1.3589305 30.448624 2.3638548851013184 0.5258569121360779
Pedestrian 0.0 0 2.690131187438965 468.5746154785156 164.89825439453125 509.3399658203125 236.63975524902344 0.8734004 1.8462718 0.6374775 -3.106858 1.4463495 18.703457 2.5255227088928223 0.46373632550239563
Pedestrian 0.0 0 1.9595520496368408 760.7142333984375 140.51736450195312 811.9259033203125 249.69903564453125 0.67967945 1.8164486 0.6503312 3.0945845 1.1529104 12.224732 2.2074849605560303 0.18843863904476166
Pedestrian 0.0 0 1.76270592212677 713.9754638671875 128.33876037597656 758.1116333007812 219.53561401367188 1.0074599 1.859654 0.7460839 2.7537866 0.7976259 15.017996 1.9440571069717407 0.18233412504196167
Pedestrian 0.0 0 1.6160621643066406 705.8717651367188 129.8323211669922 744.433349609375 216.3411407470703 0.8542544 1.9023597 0.8276381 2.6973503 0.7897742 16.047861 1.7825871706008911 0.16776885092258453
Pedestrian 0.0 0 -1.1575943231582642 425.099609375 169.09518432617188 443.2547302246094 203.6221923828125 0.8488769 1.7606411 0.624426 -8.8333 1.1804973 36.52222 -1.3948981761932373 0.13070759177207947
Pedestrian 0.0 0 1.527660846710205 699.57177734375 140.8541259765625 731.3508911132812 217.9906768798828 0.89306027 1.8392838 0.7287492 2.6606445 0.8955493 17.337831 1.679931879043579 0.12457624822854996
Pedestrian 0.0 0 1.6470746994018555 746.9329833984375 119.6214828491211 786.0421752929688 217.8601531982422 0.6331758 1.7884122 0.6714736 2.9939127 0.6817728 13.267947 1.8690078258514404 0.12441563606262207
Pedestrian 0.0 0 -0.18192730844020844 452.14068603515625 192.39862060546875 475.0647277832031 238.38546752929688 0.7347426 1.673903 0.63863325 -5.3069186 2.1268544 26.38811 -0.3803901672363281 0.1153564453125
Pedestrian 0.0 0 -2.5034921169281006 408.752685546875 188.5326385498047 445.5276794433594 256.2568664550781 0.6884947 1.6257696 0.549837 -4.4240675 1.8299791 17.444628 -2.751862049102783 0.11418868601322174
Pedestrian 0.0 0 2.2747325897216797 515.1248168945312 168.46444702148438 527.6587524414062 189.7423553466797 1.1013588 1.8461974 0.49626586 -7.3019586 0.8031093 61.938786 2.1573843955993652 0.10958831012248993
Pedestrian 0.0 0 1.3927156925201416 637.315185546875 141.54244995117188 657.1193237304688 189.73458862304688 0.75743204 1.8650854 0.65127766 1.6295265 0.35889256 27.773388 1.451320767402649 0.10257823020219803
Pedestrian 0.0 0 0.8823241591453552 945.759521484375 121.40243530273438 1079.727783203125 331.09112548828125 0.9535512 1.7861918 0.600723 3.6828034 1.2844849 6.539796 1.3951976299285889 0.10080516338348389
Cyclist 0.0 0 2.2385857105255127 342.736328125 142.65402221679688 374.8780517578125 185.53091430664062 1.3761387 1.7240238 0.5113275 -10.164297 0.20378111 29.158379 1.9031683206558228 0.13567551970481873
Cyclist 0.0 0 -1.993553876876831 787.5283203125 119.752685546875 857.4041748046875 245.63055419921875 1.6269801 1.7859946 0.38091868 3.2562351 0.92575914 10.858289 -1.7022027969360352 0.13037805259227753
Car 0.0 0 1.5273076295852661 559.7440185546875 172.46844482421875 592.300537109375 203.4288330078125 4.299488 1.6703249 1.6602128 -1.7097565 1.238423 40.353592 1.4849635362625122 0.2783823609352112
Car 0.0 0 -1.6053071022033691 568.9149169921875 163.9763641357422 604.8331909179688 201.45974731445312 4.140352 1.7637695 1.6423854 -0.97285986 0.987704 35.382107 -1.632796049118042 0.24839825928211212
Car 0.0 0 3.1300461292266846 504.1567687988281 176.13809204101562 554.88720703125 197.11355590820312 4.0330577 1.6696337 1.721274 -6.1128783 1.3236625 57.367123 3.0238895416259766 0.1268755942583084
Car 0.0 0 1.5838894844055176 435.88037109375 173.75942993164062 465.1208801269531 202.72279357910156 4.314442 1.7388124 1.7225479 -9.746178 1.3355066 44.728592 1.3693469762802124 0.12430646270513535
Car 0.0 0 0.222966268658638 367.25152587890625 187.6318817138672 481.1882019042969 227.55877685546875 3.9657533 1.4620445 1.6185801 -6.874287 1.7451525 27.053165 -0.02587019093334675 0.1040390133857727
