Pedestrian 0.0 0 -3.2103934288024902 751.3009643554688 165.9049835205078 777.2000122070312 214.37364196777344 0.8910418 1.7710369 0.72036076 5.6748166 1.5174786 26.780945 -3.001584529876709 0.18654072284698486
Pedestrian 0.0 0 1.460930585861206 741.0896606445312 150.16897583007812 754.063232421875 185.63145446777344 0.6890921 1.8324305 0.5919302 7.1386213 0.6605997 37.64725 1.6483244895935059 0.15124450623989105
Pedestrian 0.0 0 1.872589111328125 305.675537109375 139.79417419433594 349.9256591796875 210.77890014648438 1.4564462 1.8922927 0.74449176 -7.841913 1.0113504 19.984982 1.4986599683761597 0.12624114751815796
Cyclist 0.0 0 1.872589111328125 305.675537109375 139.79417419433594 349.9256591796875 210.77890014648438 1.4564462 1.8922927 0.74449176 -7.841913 1.0113504 19.984982 1.4986599683761597 0.13803517818450928
Car 0.0 0 -1.8993111848831177 731.8055419921875 192.22125244140625 951.9873046875 325.0689392089844 4.502016 1.4481949 1.6568714 3.088614 1.8005309 10.820469 -1.6212635040283203 0.9716240167617798
Car 0.0 0 -1.7344675064086914 643.4827880859375 168.433349609375 709.9768676757812 225.03370666503906 4.5016127 1.9759028 1.7900473 2.4001002 1.8219371 27.498648 -1.6474075317382812 0.7472790479660034
Car 0.0 0 0.26139411330223083 425.7056884765625 176.99478149414062 490.0289611816406 202.45567321777344 3.636455 1.5539101 1.6964909 -9.547533 1.819588 45.28527 0.053606271743774414 0.7339510321617126
Car 0.0 0 -2.100059986114502 924.3616943359375 195.35585021972656 1242.0 360.8861083984375 4.175827 1.5662981 1.676391 5.802209 1.9286085 9.500036 -1.5517687797546387 0.5200715661048889
Car 0.0 0 -2.8052425384521484 353.96783447265625 161.82830810546875 445.0934143066406 196.87892150878906 3.7303662 1.5821937 1.6334561 -9.76129 1.084849 33.48145 -3.0889229774475098 0.4819307029247284
Car 0.0 0 -3.435669422149658 868.9943237304688 176.75904846191406 1019.8816528320312 225.91546630859375 4.1435003 1.5123547 1.678916 10.723766 1.645818 23.48181 -3.0072710514068604 0.14967861771583557
