Pedestrian 0.0 0 -3.422630786895752 838.8275146484375 126.98844909667969 905.5594482421875 241.5133514404297 0.9423558 1.8777975 0.5301854 4.339865 1.1261247 12.122006 -3.0788331031799316 0.3169502317905426
Pedestrian 0.0 0 -2.597900629043579 655.8206787109375 167.31527709960938 669.44140625 196.83883666992188 0.52942556 1.7873794 0.731228 3.1877313 1.4524184 44.13109 -2.5257925987243652 0.11853692680597305
Cyclist 0.0 0 -1.6165529489517212 987.7599487304688 131.76539611816406 1013.50537109375 203.48666381835938 1.553171 1.724329 0.49422923 9.765374 0.7368311 18.151539 -1.1229760646820068 0.14981801807880402
Car 0.0 0 1.9396077394485474 288.7624206542969 185.51824951171875 387.2912292480469 239.32423400878906 3.9576056 1.5163877 1.6480818 -8.678332 1.9598789 23.256224 1.5824496746063232 0.9610443115234375
Car 0.0 0 -1.5379172563552856 598.8032836914062 175.28915405273438 627.9309692382812 204.72543334960938 4.484474 1.7313999 1.6751164 0.22268347 1.8915968 45.085316 -1.5329781770706177 0.8849964737892151
Car 0.0 0 -2.340275764465332 1085.4954833984375 153.28709411621094 1167.2142333984375 183.98619079589844 3.9148612 1.7410167 1.7123531 30.624546 0.63169 42.980946 -1.7212001085281372 0.4188733398914337
Car 0.0 0 1.7387137413024902 975.0751953125 158.4398651123047 1074.8905029296875 222.68406677246094 3.7753854 1.4860209 1.6285361 10.750459 1.1529682 18.66087 2.261371612548828 0.17893549799919128
Car 0.0 0 1.920823335647583 321.82391357421875 167.08116149902344 432.3467102050781 231.21031188964844 4.30899 1.6912235 1.7041105 -6.7338533 1.5393394 21.214632 1.6134666204452515 0.165739968419075
Car 0.0 0 -2.792473554611206 777.0453491210938 167.310302734375 865.5186157226562 200.20542907714844 3.7709353 1.5043325 1.5968066 10.10959 1.2511702 34.75229 -2.5093822479248047 0.1247907504439354
Car 0.0 0 -1.4117034673690796 1070.13330078125 155.93365478515625 1104.94091796875 176.62899780273438 4.1965013 1.5584505 1.6267933 37.345722 0.2846312 56.427147 -0.8270500898361206 0.11948154121637344
