Pedestrian 0.0 0 1.7351579666137695 808.447021484375 116.19053649902344 893.7738037109375 308.1041259765625 0.6670985 1.757068 0.6934674 2.3690572 1.1699814 6.9264846 2.064713954925537 0.6631453037261963
Pedestrian 0.0 0 -0.9463722705841064 815.091796875 157.10897827148438 835.8988647460938 197.0750732421875 0.7665625 1.8681831 0.6085739 10.437452 0.77624047 33.519005 -0.6444998383522034 0.2284056395292282
Pedestrian 0.0 0 -3.5240983963012695 1059.089111328125 84.93193054199219 1224.0 358.4861755371094 0.7704376 1.7656367 0.5923979 3.6683612 1.1505167 4.942699 -2.885622501373291 0.1945236772298813
Pedestrian 0.0 0 0.3071385622024536 311.24896240234375 174.22314453125 325.55615234375 199.54293823242188 0.8137593 1.7833136 0.5443777 -20.300661 1.3425199 50.096684 -0.07786794006824493 0.18199564516544342
Pedestrian 0.0 0 1.247022271156311 1149.5740966796875 137.6515655517578 1206.250732421875 244.22512817382812 0.77601874 1.7499546 0.529474 9.713547 1.0480285 12.06063 1.925042986869812 0.17070265114307404
Pedestrian 0.0 0 -1.6763925552368164 844.3938598632812 142.0383758544922 864.1271362304688 189.44949340820312 0.79308534 1.9427197 0.693398 10.349191 0.3682034 29.432863 -1.3382749557495117 0.16639915108680725
Pedestrian 0.0 0 1.0071465969085693 978.5238647460938 92.49191284179688 1101.2935791015625 321.32012939453125 0.74156976 1.8475873 0.59163225 3.6593392 1.1387061 6.081006 1.5488632917404175 0.1496226191520691
Cyclist 0.0 0 -1.7864601612091064 1171.841796875 107.71185302734375 1224.0 215.6343994140625 1.7128602 1.7817891 0.46364295 10.512647 0.58171606 12.534598 -1.0885686874389648 0.511095404624939
Cyclist 0.0 0 2.1157970428466797 340.5586242675781 179.3300323486328 365.400390625 210.0422821044922 1.5846949 1.6664282 0.5582717 -13.968034 1.6043484 39.19138 1.77342689037323 0.27205890417099
Car 0.0 0 2.0029664039611816 105.3509521484375 185.20391845703125 182.54124450683594 220.99188232421875 3.6035469 1.4510291 1.4641868 -20.164982 1.6716232 31.04623 1.4269325733184814 0.4007999300956726
Car 0.0 0 -1.4535951614379883 558.4570922851562 167.87876892089844 579.9046630859375 183.73452758789062 3.761994 1.4564037 1.5989397 -3.3338377 0.29825547 66.87038 -1.5034091472625732 0.3571597933769226
Car 0.0 0 2.2258145809173584 69.67742156982422 132.5017547607422 216.77960205078125 200.50640869140625 3.984453 1.8919144 1.7024901 -14.021754 0.55816174 21.720495 1.652571201324463 0.2933736741542816
Car 0.0 0 -2.38413405418396 764.9424438476562 159.72779846191406 832.6425170898438 186.53912353515625 3.7749126 1.5226412 1.672964 11.504777 0.34435284 42.196136 -2.1179540157318115 0.2508068382740021
Car 0.0 0 2.0823428630828857 191.2451171875 174.29684448242188 259.4245300292969 205.2790069580078 3.6797132 1.5880331 1.6465176 -20.380045 1.2715032 38.091957 1.5910714864730835 0.2267370969057083
Car 0.0 0 2.827406406402588 767.531005859375 155.23239135742188 831.021484375 176.0090789794922 4.2506447 1.5067039 1.6492001 14.427193 -0.33867013 52.591194 3.095146894454956 0.1579156368970871
