Pedestrian 0.0 0 1.1287193298339844 916.4359130859375 152.37802124023438 938.8431396484375 198.96640014648438 0.50945765 1.8569415 0.6709799 12.731026 1.041158 29.020891 1.542123794555664 0.6247772574424744
Pedestrian 0.0 0 1.713463544845581 792.6303100585938 116.12263488769531 842.1912231445312 218.2624969482422 0.9313364 1.941809 0.8230971 4.0713344 0.86363125 14.307598 1.9906933307647705 0.619686484336853
Car 0.0 0 -1.704206943511963 646.4138793945312 181.81893920898438 703.05908203125 224.48106384277344 4.0674343 1.467788 1.6255554 2.3700132 1.8388491 27.762487 -1.6190459728240967 0.9603665471076965
Car 0.0 0 -2.691906452178955 142.8582305908203 191.7982177734375 401.65087890625 273.0551452636719 4.2664666 1.4363489 1.6331501 -6.4668837 1.8267955 14.001995 -3.124574661254883 0.9591154456138611
Car 0.0 0 -1.8402044773101807 681.224365234375 187.03549194335938 778.3959350585938 254.548828125 3.3159595 1.4594078 1.5478405 2.8450909 1.8488371 18.057983 -1.6839359998703003 0.9507150053977966
Car 0.0 0 -2.4874775409698486 0.0 189.4734344482422 263.03167724609375 333.9248352050781 3.996108 1.643712 1.6094786 -6.8768864 1.8759379 9.231519 -3.1277294158935547 0.9077144861221313
Car 0.0 0 -2.711503267288208 305.1547546386719 188.6292266845703 455.9228210449219 245.09869384765625 3.876545 1.5187864 1.5787119 -6.6672907 2.0005162 20.994104 -3.0190086364746094 0.8605602383613586
Car 0.0 0 3.835160732269287 0.0 188.7254638671875 157.86923217773438 375.0 3.961072 1.5668753 1.6374701 -6.866073 1.7397916 6.8417177 3.047985792160034 0.843548595905304
Car 0.0 0 0.5239837169647217 228.98678588867188 186.4554901123047 416.794921875 259.9459533691406 3.694823 1.532219 1.5730337 -6.5403795 1.8629395 16.475399 0.14608478546142578 0.7586737871170044
Car 0.0 0 0.43738165497779846 267.0700378417969 187.7704315185547 438.02734375 250.37115478515625 3.9060607 1.5036263 1.5076579 -6.658823 1.9102182 18.711016 0.09548068046569824 0.748074471950531
Car 0.0 0 3.3408069610595703 335.3201599121094 186.77566528320312 462.84649658203125 236.0481719970703 3.7327054 1.4968351 1.5405123 -6.7939363 1.9658334 23.362383 3.0578055381774902 0.6791937947273254
Car 0.0 0 0.1641356498003006 416.681640625 189.52139282226562 518.2879638671875 224.29713439941406 4.1367292 1.43359 1.6149815 -6.1908746 2.18048 31.445187 -0.030256466940045357 0.6182188391685486
Car 0.0 0 0.3870803713798523 358.2652587890625 183.50894165039062 479.727783203125 229.8278350830078 3.8867888 1.5597198 1.5958896 -6.8321724 1.9566525 25.812593 0.12833023071289062 0.5817708373069763
