Pedestrian 0.0 0 1.847645878791809 357.12420654296875 160.55859375 410.7657165527344 252.9718017578125 0.88548833 1.7252947 0.77856314 -4.2942476 1.3546383 13.64863 1.542823076248169 0.44059452414512634
Pedestrian 0.0 0 2.080914258956909 713.621337890625 116.41255187988281 772.7962646484375 235.19664001464844 0.7976692 1.8104342 0.61728466 2.1636326 0.835312 11.275314 2.270500898361206 0.39741039276123047
Pedestrian 0.0 0 1.125847339630127 695.8500366210938 122.54425048828125 748.8756713867188 229.5253448486328 0.8450233 1.8360106 0.6289077 2.0402036 0.84302044 12.623234 1.2860846519470215 0.26958227157592773
Pedestrian 0.0 0 1.2979729175567627 792.1783447265625 114.5448226928711 866.4595947265625 265.3921813964844 0.9013991 1.7564173 0.64503694 2.6842933 0.9901399 8.686874 1.5976711511611938 0.17351017892360687
Pedestrian 0.0 0 1.5360448360443115 690.6978759765625 131.42478942871094 727.4041748046875 230.48757934570312 0.9432296 1.8627849 0.67156374 1.9752485 0.9416063 13.795342 1.6782604455947876 0.16159337759017944
Pedestrian 0.0 0 1.744885802268982 342.17926025390625 136.12901306152344 386.6114501953125 218.92730712890625 1.1260147 1.8618122 0.80235106 -5.6402173 0.8656925 16.512026 1.4157295227050781 0.15571428835391998
Pedestrian 0.0 0 0.47706490755081177 472.0389709472656 166.67767333984375 486.8464660644531 191.12852478027344 0.9947423 1.8513606 0.49745718 -9.564772 0.8060257 53.91633 0.30149126052856445 0.12651903927326202
Cyclist 0.0 0 1.744885802268982 342.17926025390625 136.12901306152344 386.6114501953125 218.92730712890625 1.1260147 1.8618122 0.80235106 -5.6402173 0.8656925 16.512026 1.4157295227050781 0.10538484901189804
Car 0.0 0 -1.6242692470550537 528.663330078125 160.20135498046875 571.1661376953125 207.7054443359375 4.2625265 1.9704239 1.6496714 -2.537666 1.1299415 31.544962 -1.7045423984527588 0.3697584867477417
Car 0.0 0 -1.562267541885376 519.8391723632812 170.854248046875 553.9251098632812 202.9016876220703 4.0918965 1.5600777 1.6553801 -3.515507 1.0919588 36.52477 -1.658221960067749 0.27165400981903076
Car 0.0 0 -1.454663872718811 380.7659606933594 174.80198669433594 417.92279052734375 203.33154296875 3.661289 1.5194275 1.585895 -11.474209 1.2173712 39.58756 -1.7367771863937378 0.15633322298526764
Car 0.0 0 1.7026374340057373 358.2210693359375 174.72549438476562 416.9445495605469 219.30506896972656 3.6578586 1.5143911 1.5918329 -7.9270806 1.3197638 25.948494 1.406148910522461 0.14659303426742554
