Pedestrian 0.0 0 -3.778979539871216 1133.4237060546875 150.2215576171875 1231.2589111328125 277.487060546875 0.9457161 1.839502 0.6442686 8.462903 1.5127293 10.762099 -3.112610101699829 0.5499346852302551
Pedestrian 0.0 0 -2.1968908309936523 1162.4364013671875 159.61187744140625 1242.0 302.9953308105469 0.4622872 1.633726 0.7921917 7.0129027 1.4832017 8.474985 -1.505615472793579 0.4818803668022156
Pedestrian 0.0 0 1.458991289138794 880.3175659179688 145.2954864501953 923.5494995117188 234.30062866210938 0.80131096 1.7521011 0.7276384 5.8768644 1.2099588 14.683919 1.839691162109375 0.22708779573440552
Pedestrian 0.0 0 -1.404098629951477 770.0165405273438 146.55523681640625 787.0957641601562 190.48403930664062 0.52538484 1.8451608 0.6291467 7.125174 0.74087983 30.667824 -1.1758147478103638 0.20855222642421722
Cyclist 0.0 0 -3.6898598670959473 1127.914794921875 150.1658477783203 1231.8653564453125 278.2369689941406 1.0510199 1.8490908 0.6180353 8.438717 1.521877 10.782479 -3.025799036026001 0.2121141403913498
Car 0.0 0 1.8282852172851562 423.6153259277344 169.17491149902344 475.9841613769531 201.85841369628906 4.4038873 1.7623723 1.853681 -9.091329 1.5643445 41.141537 1.6108033657073975 0.7656868100166321
Car 0.0 0 -1.7314428091049194 581.4898071289062 175.4726104736328 616.01123046875 202.02694702148438 4.272203 1.6884327 1.6527966 -0.83424395 1.8732239 48.567665 -1.7486180067062378 0.7041753530502319
Car 0.0 0 2.250241279602051 0.0 190.72579956054688 64.84305572509766 375.0 4.0322375 1.47996 1.601693 -8.183379 1.7287915 7.930473 1.4491496086120605 0.6332070827484131
Car 0.0 0 2.1327269077301025 86.31560516357422 172.85604858398438 257.7822265625 249.0291290283203 4.580625 1.8461463 1.844078 -11.796214 1.8465673 19.796978 1.5953575372695923 0.37278464436531067
Car 0.0 0 1.7570186853408813 428.2506103515625 181.6916961669922 476.2687683105469 215.80679321289062 3.546588 1.4329929 1.5174652 -7.2012534 1.8599119 33.02892 1.5423494577407837 0.3131609857082367
