Pedestrian 0.0 0 -1.5104875564575195 512.3557739257812 173.26174926757812 535.7766723632812 227.4622344970703 0.957241 1.7607853 0.71824133 -2.583774 1.494246 23.828794 -1.618496298789978 0.7858558893203735
Pedestrian 0.0 0 -1.9817967414855957 586.115478515625 176.32879638671875 605.5341186523438 204.3709259033203 1.0832094 1.5910511 0.74764425 -0.32747734 1.298445 41.401005 -1.9897065162658691 0.6622970700263977
Pedestrian 0.0 0 1.256558895111084 695.6395874023438 169.8379364013672 740.4425659179688 259.5880432128906 0.86072725 1.8023493 0.6818711 2.369634 1.5693976 14.901145 1.4142619371414185 0.5861752033233643
Pedestrian 0.0 0 -1.756850004196167 638.3486938476562 176.7000732421875 661.4191284179688 226.77413940429688 0.77277976 1.7040583 0.6636559 1.6482216 1.5417877 24.86617 -1.6906630992889404 0.5344669818878174
Pedestrian 0.0 0 1.5717307329177856 282.5508117675781 142.683837890625 321.4544372558594 230.77186584472656 1.0989962 1.8216662 0.75021803 -6.498543 1.0201825 15.504263 1.1748292446136475 0.5226665139198303
Pedestrian 0.0 0 1.6582722663879395 783.636962890625 141.9016571044922 850.5223388671875 303.06170654296875 0.68804824 1.7235415 0.67029923 2.4004276 1.3014122 8.122526 1.9456205368041992 0.4415226876735687
Pedestrian 0.0 0 0.6227807402610779 23.157150268554688 182.75250244140625 140.56675720214844 370.2133483886719 0.6745268 1.7477694 0.6594942 -5.109665 1.7619756 7.0307446 -0.005680229514837265 0.41237905621528625
Pedestrian 0.0 0 0.7107749581336975 906.2160034179688 144.3302764892578 996.8450317382812 301.3594055175781 0.8062726 1.8909788 0.65289867 4.3981595 1.4447155 9.14784 1.1589341163635254 0.40723901987075806
Pedestrian 0.0 0 0.34081804752349854 52.37923812866211 200.9276580810547 81.53707122802734 238.95050048828125 0.8985952 1.7282294 0.7471043 -25.029972 2.652154 33.63643 -0.2989175319671631 0.38976648449897766
Pedestrian 0.0 0 -1.6545346975326538 661.3436889648438 172.97970581054688 682.3793334960938 224.7333221435547 0.81266636 1.7681018 0.6594691 2.416839 1.4780883 24.948986 -1.55796480178833 0.28206193447113037
Pedestrian 0.0 0 1.4583508968353271 132.7740936279297 141.3253631591797 167.86305236816406 222.90194702148438 0.60175234 1.8068819 0.6111258 -10.2964945 0.91825235 16.333998 0.8958978652954102 0.2671923339366913
Pedestrian 0.0 0 2.677593946456909 889.0916137695312 135.2268524169922 950.1828002929688 250.6182403564453 0.7593683 1.832677 0.51013076 5.1223674 1.0990502 11.680156 3.0908877849578857 0.24332697689533234
Pedestrian 0.0 0 2.359553098678589 926.0714111328125 123.17253112792969 992.8291625976562 244.38687133789062 0.6609095 1.791582 0.63503116 5.441127 0.9307947 11.020655 2.818164825439453 0.2357633411884308
Pedestrian 0.0 0 1.678766131401062 413.76019287109375 168.90151977539062 444.8898010253906 239.54632568359375 1.8119029 1.7520652 0.6023127 -4.5051603 1.4407967 18.7498 1.4429584741592407 0.12113412469625473
Cyclist 0.0 0 -1.4839706420898438 415.24993896484375 171.18299865722656 444.29815673828125 241.82321166992188 1.7806399 1.7556078 0.59018356 -4.5008497 1.5003878 18.774204 -1.7192658185958862 0.7323785424232483
Cyclist 0.0 0 -1.372523307800293 674.0044555664062 170.70042419433594 707.6096801757812 235.647216796875 1.8926085 1.7476772 0.5852736 2.51681 1.4582288 20.317612 -1.2492778301239014 0.3096902072429657
Cyclist 0.0 0 -2.4054479598999023 106.31078338623047 155.26898193359375 199.30088806152344 244.2230987548828 1.7121816 1.7747293 0.51871705 -9.2353525 1.2526386 14.734389 -2.9653327465057373 0.2906686067581177
Cyclist 0.0 0 -1.9773104190826416 586.2343139648438 176.17608642578125 605.3468017578125 204.49607849121094 1.0582393 1.6074125 0.74268246 -0.32928687 1.3060296 41.403152 -1.985263466835022 0.15131711959838867
Cyclist 0.0 0 -1.5015850067138672 512.2030639648438 173.1854248046875 535.96630859375 227.72157287597656 1.0114257 1.7695392 0.71763736 -2.5821896 1.5008491 23.824501 -1.6095473766326904 0.10681324452161789
Car 0.0 0 2.2158398628234863 0.0 197.8385772705078 421.18609619140625 374.0 4.031477 1.526018 1.6683438 -2.9529257 1.6959572 5.298356 1.7073875665664673 0.9189385771751404
Car 0.0 0 2.6040244102478027 689.2821655273438 164.67987060546875 752.4961547851562 189.94955444335938 3.5659955 1.5135777 1.5438912 7.3842764 0.50686115 44.39171 2.7688586711883545 0.37690913677215576
Car 0.0 0 -1.7927753925323486 543.583740234375 179.3397979736328 589.8429565429688 210.59849548339844 3.8571742 1.5575701 1.6163075 -1.8878736 1.4508122 37.86561 -1.842591404914856 0.23361411690711975
