Car 0.0 0 -1.7639280557632446 706.5596313476562 181.1564483642578 817.4246215820312 271.348388671875 3.6369808 1.6584145 1.6102594 3.058598 1.8571903 15.420442 -1.568122386932373 0.9724326133728027
Car 0.0 0 -1.902428388595581 742.0291137695312 182.39407348632812 988.283447265625 332.3994445800781 4.3720927 1.5154152 1.6755438 3.036485 1.6743252 9.778312 -1.6013368368148804 0.9693924188613892
Car 0.0 0 1.840175747871399 357.97650146484375 191.91026306152344 485.1725158691406 281.51947021484375 3.8102472 1.5015972 1.5497822 -3.7569082 1.9443407 14.826414 1.5920063257217407 0.948484480381012
Car 0.0 0 2.210042715072632 0.0 210.0258026123047 324.9291076660156 375.0 3.8391724 1.4553202 1.5601054 -3.5459025 1.8070712 4.889449 1.5825934410095215 0.9428362250328064
Car 0.0 0 1.9372256994247437 211.49349975585938 197.84915161132812 423.41912841796875 338.42041015625 3.4975512 1.5100571 1.5616555 -3.9010818 1.9217185 10.120469 1.569312334060669 0.9334583878517151
Car 0.0 0 -1.8929893970489502 637.1046752929688 182.20263671875 688.8841552734375 213.28941345214844 3.6021173 1.4581288 1.5759404 2.621105 1.96239 36.948605 -1.8221688270568848 0.8952437043190002
Car 0.0 0 -2.227844715118408 851.232177734375 193.05764770507812 1242.0 375.0 3.8932323 1.5044547 1.6276989 2.7465456 1.6673583 3.828566 -1.6055477857589722 0.8950709700584412
Car 0.0 0 -3.5188183784484863 953.1940307617188 147.61807250976562 1105.619384765625 203.2848358154297 3.7654216 1.6503854 1.6327826 12.901089 0.9025589 22.46726 -2.997572660446167 0.7302656173706055
Car 0.0 0 1.5561143159866333 600.1605834960938 180.79779052734375 624.1862182617188 203.25474548339844 4.318339 1.4993172 1.6557308 0.09260959 2.0947068 51.87463 1.5578995943069458 0.5899455547332764
Car 0.0 0 -1.7693897485733032 778.0317993164062 176.14939880371094 831.7977905273438 213.7998809814453 3.2763646 1.4448463 1.5057639 7.909324 1.5883719 29.662498 -1.5088086128234863 0.544049084186554
