Pedestrian 0.0 0 -1.2009294033050537 322.8466491699219 155.68505859375 376.74615478515625 260.51470947265625 0.72696584 1.7704192 0.66623163 -4.5668945 1.4808189 12.553351 -1.5498439073562622 0.5720738172531128
Car 0.0 0 -1.2569425106048584 258.0162048339844 185.64743041992188 504.4357604980469 343.1071472167969 4.3614297 1.4806812 1.6735079 -2.6533985 1.6860983 9.351942 -1.533403992652893 0.9618383646011353
Car 0.0 0 -1.704119324684143 661.2039184570312 179.46337890625 729.0601806640625 229.9401397705078 4.1669397 1.4230059 1.5809754 2.5697627 1.653209 22.98874 -1.592797875404358 0.949874758720398
Car 0.0 0 -1.959041953086853 747.9796752929688 185.23663330078125 1088.06884765625 375.0 3.7139442 1.4411075 1.5972487 2.519024 1.5946484 7.0327344 -1.6150935888290405 0.9478309154510498
Car 0.0 0 -1.7463247776031494 642.0853881835938 178.75088500976562 689.608642578125 212.83407592773438 4.0351963 1.5435191 1.6381992 2.6453185 1.8509994 35.486565 -1.6719181537628174 0.9186677932739258
Car 0.0 0 -1.6185712814331055 535.62939453125 177.91806030273438 571.5026245117188 211.12620544433594 4.3519344 1.5563656 1.6036319 -2.9641201 1.8306314 36.763638 -1.699023723602295 0.8907721638679504
Car 0.0 0 -1.1020183563232422 0.0 188.1567840576172 389.6932067871094 375.0 4.132302 1.4691446 1.6095892 -2.664095 1.6066755 4.34009 -1.6525479555130005 0.8688853979110718
Car 0.0 0 -1.6182595491409302 631.73681640625 176.1077880859375 657.88134765625 201.3688201904297 4.1841583 1.7348174 1.6843256 2.4516194 1.9799355 52.180912 -1.5713109970092773 0.6107771992683411
Car 0.0 0 -2.5006346702575684 0.0 0.0 1242.0 375.0 3.6703534 1.5169077 1.5740954 2.3139434 1.4709381 1.7428967 -1.575393795967102 0.5961182117462158
Car 0.0 0 -1.4025505781173706 385.6329345703125 184.47586059570312 498.2491760253906 273.2527160644531 3.5376441 1.4882014 1.5990999 -3.2589889 1.7493174 14.376417 -1.625472903251648 0.5595386028289795
