Pedestrian 0.0 0 -1.3319042921066284 762.1524658203125 168.06005859375 784.8184204101562 205.1058349609375 0.96072197 1.6088343 0.7742253 7.2000875 1.4009994 31.934765 -1.11014986038208 0.6386660933494568
Pedestrian 0.0 0 1.8530051708221436 960.5322875976562 154.83001708984375 1027.5218505859375 284.5059509277344 0.5222865 1.7485677 0.7173501 5.3543587 1.5058877 10.1635065 2.3378794193267822 0.5915943384170532
Pedestrian 0.0 0 -2.030050039291382 917.3017578125 174.7090606689453 947.8489379882812 233.16275024414062 0.77420443 1.6922829 0.53452474 9.4731245 1.7484561 21.309324 -1.6117349863052368 0.3755016028881073
Pedestrian 0.0 0 -1.5638160705566406 869.24755859375 144.18544006347656 886.721923828125 192.4768524169922 0.796859 1.8451967 0.62831587 10.377406 0.75013983 28.050705 -1.2094786167144775 0.2615768611431122
Pedestrian 0.0 0 -1.0182796716690063 104.19561004638672 189.02700805664062 120.72224426269531 215.60186767578125 0.67359954 1.76738 0.66558033 -33.655807 2.8688276 48.767426 -1.6223499774932861 0.18806192278862
Pedestrian 0.0 0 -1.5594019889831543 681.2655639648438 158.1910400390625 693.9923706054688 191.7426300048828 0.9241576 1.8659728 0.7032286 4.3398 1.0508494 40.625793 -1.4529818296432495 0.18765383958816528
Cyclist 0.0 0 1.585225224494934 757.7950439453125 177.52236938476562 766.727294921875 204.75718688964844 1.417752 1.6055056 0.5086188 9.158353 1.8923962 43.535957 1.7925649881362915 0.1456485092639923
Car 0.0 0 -1.4974805116653442 602.8009033203125 179.3218231201172 632.7631225585938 205.48118591308594 4.1460257 1.5511693 1.611184 0.5055471 1.9827555 45.970707 -1.4864838123321533 0.7337384223937988
Car 0.0 0 1.7811713218688965 435.9892578125 185.5799102783203 468.89080810546875 207.2962646484375 3.9312565 1.5194747 1.6564583 -11.939809 2.520419 54.75968 1.5664911270141602 0.5900101065635681
Car 0.0 0 1.8028770685195923 199.1910858154297 199.08335876464844 253.93780517578125 231.2802276611328 4.2821555 1.4951801 1.7076504 -20.951159 3.0153687 39.518616 1.3153941631317139 0.14145316183567047
