Pedestrian 0.0 0 1.8489115238189697 401.92584228515625 176.32546997070312 439.69708251953125 248.06692504882812 0.9993421 1.6689391 0.63004786 -4.5829344 1.7551571 17.337288 1.5904828310012817 0.5275537371635437
Pedestrian 0.0 0 -2.431898593902588 620.9708251953125 173.7760009765625 632.5927734375 196.78341674804688 0.58981043 1.7882049 0.7118221 1.2911848 1.8614496 56.576126 -2.4090805053710938 0.26223260164260864
Cyclist 0.0 0 1.8822276592254639 397.8996887207031 176.73626708984375 441.17523193359375 251.8616180419922 1.4271832 1.7146636 0.5956024 -4.5875587 1.81187 17.268948 1.622571349143982 0.3880214989185333
Cyclist 0.0 0 -1.931160807609558 638.9144287109375 145.9509735107422 675.7398071289062 200.52842712402344 1.9298291 1.772761 0.5976163 1.5372907 0.8992669 24.444042 -1.8683533668518066 0.30393892526626587
Car 0.0 0 1.9225831031799316 189.9140625 186.628662109375 441.8288269042969 325.7736511230469 4.516303 1.4569668 1.7711943 -3.84372 1.6965519 10.264471 1.5642786026000977 0.9769311547279358
Car 0.0 0 -1.860942006111145 732.9168090820312 182.5094451904297 944.8654174804688 324.6457214355469 3.4837272 1.4003149 1.5238365 2.577897 1.5458823 9.096209 -1.5847800970077515 0.9588268399238586
Car 0.0 0 -1.626673698425293 664.8172607421875 176.27822875976562 737.3139038085938 238.15794372558594 3.9004781 1.4958265 1.714392 2.3333642 1.5989906 19.660198 -1.5085415840148926 0.9076964259147644
Car 0.0 0 3.3669726848602295 370.9753723144531 169.42686462402344 487.1425476074219 219.53846740722656 3.8938472 1.7924817 1.659927 -6.6635113 1.670252 26.674131 3.12217116355896 0.8372049927711487
Car 0.0 0 1.5771710872650146 540.9227294921875 174.9613037109375 559.3561401367188 193.49148559570312 3.7404857 1.5798777 1.5790313 -5.309253 1.7724272 63.878334 1.4942466020584106 0.4081119894981384
Car 0.0 0 -2.70207142829895 0.0 0.0 1242.0 375.0 3.7308085 1.5245181 1.5595344 3.0206203 1.5131428 1.4224005 -1.571370244026184 0.30950865149497986
