Car 0.0 0 -1.9239294528961182 611.703857421875 192.44371032714844 777.5726318359375 295.6006774902344 3.6763132 1.3663841 1.574736 1.2071959 1.7539824 12.282903 -1.8259614706039429 0.9807270765304565
Car 0.0 0 -1.7110775709152222 508.222412109375 186.18527221679688 567.5733032226562 229.9154052734375 4.021384 1.4359864 1.6588621 -2.829002 1.9778513 27.154066 -1.814886450767517 0.9687549471855164
Car 0.0 0 1.8265362977981567 28.913095474243164 210.06517028808594 228.0423583984375 342.2908630371094 3.7752643 1.4503701 1.6031042 -7.184339 2.1290104 11.105697 1.2523393630981445 0.9515978097915649
Car 0.0 0 -2.327059507369995 820.293212890625 76.0003433227539 1242.0 375.0 4.024506 1.8241149 1.6251227 3.1422224 1.4320337 5.0544324 -1.7708536386489868 0.8949689269065857
Car 0.0 0 1.9851536750793457 0.0 215.8267364501953 142.27261352539062 375.0 3.841281 1.4327649 1.6109809 -5.800253 1.9449377 6.5155816 1.257772445678711 0.8752955198287964
Car 0.0 0 1.6251606941223145 328.2697448730469 189.30746459960938 365.5270080566406 222.40184020996094 3.9807389 1.6532682 1.7444757 -14.692333 2.622924 40.346188 1.2759302854537964 0.8507399559020996
Car 0.0 0 -2.937344551086426 699.3212890625 170.0152130126953 800.4269409179688 210.9547119140625 3.601253 1.5079464 1.6220537 5.3925843 1.4037418 28.014706 -2.7471792697906494 0.8444556593894958
Car 0.0 0 -1.6352088451385498 499.9222412109375 182.5213165283203 542.8593139648438 219.885498046875 4.191108 1.5224652 1.654423 -4.119532 1.9914073 32.756973 -1.760312557220459 0.8062470555305481
Car 0.0 0 0.09779238700866699 117.81303405761719 196.86273193359375 209.45376586914062 226.52401733398438 4.4115477 1.5479859 1.6592921 -25.998262 3.007784 42.1435 -0.4549598693847656 0.6520295143127441
Car 0.0 0 -2.853236675262451 634.7070922851562 177.1568603515625 722.9933471679688 211.8743896484375 3.864727 1.5599257 1.6550156 3.2347968 1.7735786 34.27529 -2.759138345718384 0.6221948266029358
