Cyclist 0.0 0 -1.6134674549102783 1213.0469970703125 159.6555633544922 1242.0 279.0703430175781 1.7126036 1.61013 0.43171945 9.064554 1.4325264 10.532077 -0.9028162956237793 0.639780580997467
Car 0.0 0 -2.006412982940674 806.0845947265625 184.41256713867188 1053.7103271484375 324.8705749511719 3.5776799 1.4452806 1.5496584 3.8799891 1.6278578 9.547146 -1.620398998260498 0.9750135540962219
Car 0.0 0 -1.817134141921997 752.2070922851562 182.07089233398438 885.3833618164062 270.76995849609375 3.9068925 1.512677 1.6490364 4.016685 1.725782 14.681917 -1.5500881671905518 0.9694749712944031
Car 0.0 0 -1.7489904165267944 718.1519165039062 180.40728759765625 802.9970092773438 242.2437744140625 3.809031 1.5302466 1.6530465 4.0645347 1.7626468 20.24275 -1.5508357286453247 0.9593314528465271
Car 0.0 0 1.8254711627960205 399.27142333984375 184.21249389648438 493.7854309082031 247.57949829101562 3.8170073 1.4970564 1.5937947 -4.382544 1.8376238 19.673185 1.6062828302383423 0.9460622072219849
Car 0.0 0 1.7912092208862305 457.69024658203125 182.69447326660156 527.4951171875 231.8446807861328 3.981541 1.5455017 1.6027364 -4.106237 1.9219393 25.53676 1.6317768096923828 0.8413199186325073
Car 0.0 0 -2.3682665824890137 1000.3591918945312 212.29580688476562 1242.0 375.0 3.7899652 1.4513017 1.593511 3.8410313 1.7640947 3.8114038 -1.5789967775344849 0.8226886987686157
Car 0.0 0 1.7580864429473877 485.6837158203125 181.45578002929688 541.3619384765625 219.9324188232422 4.0923395 1.4731802 1.6083673 -4.061858 1.8637835 30.64429 1.6263059377670288 0.7368537187576294
Car 0.0 0 -1.4568982124328613 544.6275024414062 177.87110900878906 576.7279052734375 202.7498016357422 3.7270706 1.5236869 1.6684961 -3.1936433 1.8630642 46.85362 -1.524955153465271 0.703804612159729
Car 0.0 0 -1.758898377418518 692.7777099609375 177.44253540039062 759.8341064453125 225.22906494140625 3.8711927 1.5350533 1.6259575 3.9801342 1.7101547 25.513655 -1.6041455268859863 0.4220045506954193
