Pedestrian 0.0 0 -0.9167052507400513 71.29891967773438 157.24166870117188 99.50154113769531 205.13516235351562 0.56609386 1.9522281 0.7495929 -21.632452 1.3161981 29.700653 -1.5462054014205933 0.1787908524274826
Pedestrian 0.0 0 -1.1254570484161377 246.5834503173828 178.96768188476562 265.8768615722656 210.30715942382812 0.8321707 1.7372495 0.68320405 -19.926235 2.0850115 40.578102 -1.5819262266159058 0.16724970936775208
Pedestrian 0.0 0 -0.8545554876327515 988.3812866210938 148.8168487548828 1010.1484985351562 186.67523193359375 0.69861776 1.9149017 0.69206727 19.890123 0.69944495 36.940117 -0.3606289327144623 0.1161249577999115
Cyclist 0.0 0 2.1252670288085938 270.1373596191406 180.1754608154297 294.6297912597656 211.46742248535156 1.5095313 1.7361988 0.5639566 -18.722948 2.1624267 41.182632 1.6985677480697632 0.14850641787052155
Car 0.0 0 2.096761465072632 92.58489227294922 193.99102783203125 227.85781860351562 257.7361755371094 3.770887 1.5338148 1.5772785 -12.667101 2.191461 20.528616 1.5439022779464722 0.9636712670326233
Car 0.0 0 2.016913890838623 220.683349609375 195.29261779785156 295.0814514160156 234.35122680664062 3.416241 1.5984584 1.776705 -16.15905 2.684963 33.209393 1.5640591382980347 0.8744818568229675
Car 0.0 0 -1.6004045009613037 599.6801147460938 174.3425750732422 630.9931030273438 203.5502166748047 4.3710613 1.6565083 1.7420725 0.24031602 1.7508554 43.349884 -1.5948609113693237 0.8684083223342896
Car 0.0 0 2.498225450515747 0.0 205.48228454589844 64.86971282958984 273.28057861328125 4.0470986 1.4772189 1.6718248 -17.706818 2.4764953 19.93742 1.7720129489898682 0.6298794746398926
Car 0.0 0 2.742927074432373 706.3501586914062 177.08523559570312 805.5491943359375 213.07850646972656 3.979822 1.5157706 1.6067486 6.375102 1.7098441 31.846272 2.9404993057250977 0.11136366426944733
Car 0.0 0 1.3767743110656738 702.74365234375 173.23118591308594 738.0473022460938 196.13894653320312 4.47298 1.566714 1.6599506 7.826998 1.5952824 51.690277 1.5270538330078125 0.10756999999284744
Car 0.0 0 -0.2274980992078781 666.639404296875 165.53488159179688 709.3804931640625 181.3133087158203 3.7505128 1.4665482 1.5688561 7.3246017 0.78661966 68.06541 -0.12029939889907837 0.10731220245361328
Car 0.0 0 -2.984560966491699 692.8583984375 176.4202880859375 767.6680908203125 206.6519775390625 3.6090453 1.4935428 1.5962117 6.1874557 1.684756 37.284115 -2.82010555267334 0.10518564283847809
