Pedestrian 0.0 0 2.001540422439575 709.7138061523438 169.6745147705078 759.0166625976562 263.9388732910156 0.6388055 1.6392449 0.6711787 2.191414 1.584312 12.997593 2.1685709953308105 0.7182072401046753
Pedestrian 0.0 0 0.3038957118988037 746.0635375976562 148.73695373535156 800.279296875 261.8683776855469 0.6147721 1.6577758 0.7546615 2.4530978 1.3047336 11.050709 0.5223391056060791 0.5691640377044678
Pedestrian 0.0 0 -2.0251429080963135 984.9739379882812 146.38137817382812 1005.0108032226562 184.97219848632812 0.5818568 1.8940678 0.689084 19.01504 0.5951285 35.713657 -1.5358887910842896 0.34039872884750366
Cyclist 0.0 0 -2.583167791366577 761.3353881835938 137.89321899414062 902.9575805664062 279.0699768066406 1.7110591 1.6874074 0.60470295 2.816894 1.2698983 9.462921 -2.2938435077667236 0.7294039726257324
Cyclist 0.0 0 -2.0232319831848145 760.1627807617188 153.4662322998047 833.226318359375 273.5943908691406 1.811472 1.8566078 0.42351934 3.0308628 1.5573232 12.078697 -1.7773816585540771 0.556219220161438
Cyclist 0.0 0 1.3665357828140259 935.8652954101562 172.1481475830078 979.7251586914062 250.4483642578125 1.7859176 1.6180105 0.5080088 7.555739 1.6037827 15.835025 1.8117398023605347 0.39944151043891907
Cyclist 0.0 0 -1.366066336631775 278.4917907714844 193.71279907226562 304.6007385253906 254.32415771484375 1.5242852 1.6161436 0.38171595 -9.109457 2.233707 20.562082 -1.78310227394104 0.3946515619754791
Car 0.0 0 1.8095067739486694 417.0764465332031 184.0513916015625 464.4154052734375 212.9385223388672 4.225731 1.5061172 1.691811 -9.6730995 2.1816084 41.38111 1.5798736810684204 0.9012884497642517
Car 0.0 0 -1.537479281425476 599.864013671875 176.6251983642578 626.8095703125 202.82044982910156 4.048063 1.5990206 1.6115379 0.2217761 1.8541341 46.68606 -1.532728910446167 0.8773532509803772
Car 0.0 0 -0.9284771680831909 0.0 180.4222412109375 374.43804931640625 375.0 4.0314136 1.4398148 1.6034373 -2.6744902 1.4986789 3.5575345 -1.573117733001709 0.8684718608856201
Car 0.0 0 2.0741615295410156 154.94696044921875 195.4723358154297 303.8368835449219 263.8905944824219 4.135773 1.4641302 1.6432024 -9.811222 2.122657 18.905691 1.5954643487930298 0.8279856443405151
Car 0.0 0 -0.5000526309013367 926.055419921875 172.08694458007812 1146.1165771484375 242.49618530273438 3.9094682 1.4641212 1.5112439 9.162564 1.4485283 15.806054 0.025296926498413086 0.4165985584259033
Car 0.0 0 0.3122161626815796 981.63232421875 152.5852813720703 1045.829345703125 179.209228515625 3.5227327 1.7802899 1.7585133 27.993423 0.4253192 50.133553 0.8214681148529053 0.3955284655094147
