Pedestrian 0.0 0 -1.6984858512878418 823.2060546875 161.86024475097656 839.8821411132812 200.3231964111328 1.210117 1.7179322 0.57464105 10.04592 1.2272584 32.86919 -1.4018689393997192 0.1707964688539505
Pedestrian 0.0 0 -1.6687953472137451 890.522216796875 162.97328186035156 908.2392578125 202.3861846923828 0.67433983 1.7515486 0.6763935 12.982881 1.3127978 32.481133 -1.2885431051254272 0.1630031019449234
Pedestrian 0.0 0 -1.8690598011016846 1172.401123046875 157.7622528076172 1242.0 280.7925109863281 1.6471024 1.7363093 0.48494914 9.124139 1.5236791 11.0338745 -1.1781179904937744 0.1603745073080063
Cyclist 0.0 0 -1.8690598011016846 1172.401123046875 157.7622528076172 1242.0 280.7925109863281 1.6471024 1.7363093 0.48494914 9.124139 1.5236791 11.0338745 -1.1781179904937744 0.4642241299152374
Car 0.0 0 1.9007508754730225 360.2967529296875 180.77845764160156 404.4120178222656 204.92819213867188 4.1038494 1.5556657 1.6711501 -15.71446 2.1269474 49.908936 1.5957149267196655 0.8757068514823914
Car 0.0 0 1.9915951490402222 318.6097717285156 176.07537841796875 360.80242919921875 198.25660705566406 3.7116652 1.5906478 1.5914412 -20.27672 1.8414657 54.194332 1.6335713863372803 0.6262000203132629
Car 0.0 0 2.1718039512634277 143.05328369140625 172.3459014892578 238.40023803710938 212.88796997070312 4.44846 1.8161237 1.7396945 -20.005814 1.793721 34.603703 1.647612452507019 0.27112194895744324
Car 0.0 0 2.6866726875305176 230.67852783203125 169.65489196777344 290.5887145996094 194.6006317138672 4.0665793 1.9882822 1.8386058 -28.875881 1.7336576 59.674084 2.2359933853149414 0.20658054947853088
Car 0.0 0 -2.1351685523986816 729.7079467773438 162.9784698486328 780.1192016601562 189.64271545410156 3.5318694 1.694657 1.633427 9.522006 1.0673721 47.79636 -1.9385228157043457 0.17576870322227478
Car 0.0 0 -1.1650604009628296 1000.9697875976562 163.4665069580078 1072.066650390625 195.69618225097656 3.8713086 1.5027757 1.6097383 20.932867 1.0654225 35.432774 -0.6314501166343689 0.118240587413311
Car 0.0 0 -2.271791934967041 33.36185836791992 189.96180725097656 122.48959350585938 221.00367736816406 3.623355 1.466979 1.7218918 -27.106348 2.368337 36.73996 -2.9074323177337646 0.11088337749242783
