Cyclist 0.0 0 1.7323062419891357 425.0009460449219 178.6336212158203 466.43292236328125 270.74383544921875 1.6847516 1.7394186 0.55708927 -3.348623 1.8635358 14.589073 1.5066847801208496 0.9377689957618713
Car 0.0 0 -1.696026086807251 631.13134765625 183.3224334716797 693.354248046875 230.4044189453125 4.107102 1.4484147 1.6474661 1.6958532 1.845231 25.225248 -1.6288987398147583 0.974582850933075
Car 0.0 0 3.4921066761016846 244.4007110595703 185.41860961914062 429.5894775390625 243.48687744140625 4.3563733 1.4652085 1.6687788 -7.2894616 1.8187318 19.425356 3.1331124305725098 0.9539288282394409
Car 0.0 0 -0.595598578453064 841.1104736328125 185.60330200195312 1196.8941650390625 309.76251220703125 3.9697673 1.4689294 1.607102 5.310905 1.6586943 9.7268305 -0.09582716226577759 0.9350119829177856
Car 0.0 0 2.4059224128723145 958.9677124023438 181.45361328125 1242.0 375.0 4.158189 1.6298809 1.6664997 5.7218103 1.7225109 6.827294 3.103454828262329 0.9115477800369263
Car 0.0 0 -0.4781460464000702 817.5218505859375 169.62416076660156 1098.628662109375 277.7994689941406 3.9365458 1.6789958 1.6421095 5.6417055 1.629223 12.098916 -0.04182130843400955 0.9051850438117981
Car 0.0 0 -2.7824060916900635 307.2095642089844 182.14273071289062 452.59619140625 237.8449249267578 3.914315 1.6092939 1.6262325 -7.010612 1.9054325 22.060406 -3.090104579925537 0.7971181273460388
Car 0.0 0 -1.596528172492981 617.930419921875 179.22079467773438 647.551025390625 207.07920837402344 3.6738782 1.454153 1.5525662 1.1985408 1.8267386 40.341118 -1.5668267011642456 0.7121731638908386
Car 0.0 0 0.630233108997345 0.0 164.4669952392578 228.13829040527344 339.236328125 4.009133 1.7404482 1.6837704 -6.831917 1.6572838 8.156912 -0.06699540466070175 0.706184446811676
Car 0.0 0 3.895928144454956 0.0 203.71824645996094 73.80703735351562 375.0 3.9278789 1.4874278 1.5518733 -6.954066 1.7781832 5.774147 3.0180931091308594 0.6875774264335632
