Pedestrian 0.0 0 2.559828996658325 990.4732055664062 122.7765121459961 1063.63037109375 252.37762451171875 0.7776423 1.7523087 0.39842844 5.7792234 0.9735129 9.77241 3.0938873291015625 0.4982008934020996
Pedestrian 0.0 0 -0.06163664162158966 775.6517944335938 158.4082794189453 793.1589965820312 190.10227966308594 0.94437706 1.8037084 0.48832723 10.281268 0.54785115 40.560772 0.18661284446716309 0.36019089818000793
Pedestrian 0.0 0 -0.41628074645996094 509.6010437011719 164.98992919921875 521.0675659179688 187.20494079589844 0.8460962 1.898714 0.5081227 -7.7003727 0.5742672 60.86233 -0.5421332120895386 0.3514130115509033
Pedestrian 0.0 0 -2.0110316276550293 981.9168090820312 147.47462463378906 1030.3311767578125 216.25277709960938 1.533375 1.7044743 0.47749305 10.320985 0.8876289 18.29937 -1.49749755859375 0.133536696434021
Cyclist 0.0 0 1.2561872005462646 878.9736938476562 156.70831298828125 904.0890502929688 194.11936950683594 1.9023728 1.7237694 0.53842366 13.560411 0.6289884 33.54096 1.6403899192810059 0.3581511080265045
Cyclist 0.0 0 -1.9585435390472412 978.5545043945312 137.10940551757812 1023.17822265625 205.43507385253906 1.5835872 1.7111248 0.449486 10.307089 0.62605983 18.515152 -1.4505832195281982 0.33191484212875366
Car 0.0 0 -0.4724818468093872 1064.590576171875 152.7098388671875 1224.0 201.90753173828125 4.3018894 1.52312 1.7128336 17.762085 0.66431475 23.117548 0.18265247344970703 0.9338674545288086
Car 0.0 0 1.3007341623306274 443.0440673828125 172.7845001220703 495.62994384765625 205.1756134033203 3.6351616 1.5005523 1.6178082 -6.72856 1.1445783 34.73747 1.1094059944152832 0.9151819348335266
Car 0.0 0 1.955625295639038 173.14125061035156 183.6895751953125 275.95050048828125 233.26675415039062 4.4976034 1.604685 1.6920077 -13.5842085 1.7317449 25.50373 1.466210961341858 0.8981917500495911
Car 0.0 0 -0.821606457233429 0.0 204.3713836669922 296.7251281738281 370.0 3.9161587 1.4491959 1.5997031 -3.1709263 1.6311891 3.3724566 -1.5762152671813965 0.8408693075180054
Car 0.0 0 -1.5065269470214844 339.2908630371094 175.72775268554688 377.6913757324219 206.64822387695312 3.5793111 1.422944 1.5425662 -11.980561 1.204784 34.463673 -1.8410876989364624 0.3838883340358734
