Car 0.0 0 -1.9768054485321045 359.427001953125 191.05023193359375 494.5656433105469 268.8129577636719 3.8230617 1.4823397 1.6306038 -4.3801727 1.954577 16.700119 -2.233311653137207 0.9533990025520325
Car 0.0 0 1.5092498064041138 774.6444702148438 170.0355987548828 846.7557983398438 232.81861877441406 3.5111477 1.4500551 1.5457455 5.014798 1.3853185 18.537304 1.7734506130218506 0.9522784948348999
Car 0.0 0 1.3190325498580933 858.2704467773438 172.45953369140625 984.5403442382812 243.03924560546875 4.2514005 1.4541835 1.693636 7.132202 1.4464139 17.08842 1.7144231796264648 0.9284339547157288
Car 0.0 0 -1.7506299018859863 252.3004608154297 187.72366333007812 316.6160583496094 228.2569122314453 4.046503 1.4384618 1.6737677 -13.3212595 2.0870514 29.312695 -2.1771812438964844 0.9021741151809692
Car 0.0 0 -1.731640100479126 231.04737854003906 184.82467651367188 283.8251647949219 220.57891845703125 4.047573 1.5064876 1.593253 -16.660221 2.1047378 33.924076 -2.1881449222564697 0.8175824284553528
Car 0.0 0 0.4627869129180908 948.3773803710938 163.2002716064453 1142.1478271484375 223.4066619873047 4.160071 1.4295353 1.5987262 11.42605 1.2006758 19.310246 0.9970879554748535 0.7468371391296387
Car 0.0 0 -2.872175693511963 438.18719482421875 177.7169647216797 527.3477783203125 211.51828002929688 3.7250226 1.4839236 1.5546924 -5.804262 1.7124215 32.89725 -3.046814441680908 0.7440484166145325
Car 0.0 0 -2.2001686096191406 496.2674865722656 152.35653686523438 778.5992431640625 312.1545715332031 4.3383613 1.786028 1.7535719 0.0939461 1.5572902 10.336462 -2.191080093383789 0.6795600056648254
Car 0.0 0 1.6120610237121582 32.253353118896484 188.671875 76.66710662841797 223.70140075683594 3.7118776 1.638724 1.6808935 -28.896137 2.5064092 37.559746 0.9562981128692627 0.6273496747016907
Car 0.0 0 -2.8285634517669678 378.0221252441406 179.2247772216797 455.4943542480469 207.83135986328125 3.6337385 1.4547459 1.5584286 -10.164253 1.7978958 37.94954 -3.090257167816162 0.5852560997009277
Car 0.0 0 2.130730390548706 200.85894775390625 190.198486328125 247.8092498779297 212.45213317871094 3.5130274 1.5465637 1.5080227 -29.241892 2.9066923 54.759636 1.640250563621521 0.5362163186073303
