Pedestrian 0.0 0 -1.6347050666809082 725.96728515625 172.544677734375 802.6832275390625 335.7074890136719 0.72823954 1.5746545 0.7142871 1.4998243 1.5720272 7.370122 -1.4339457750320435 0.7374646663665771
Pedestrian 0.0 0 -1.243934988975525 487.82275390625 166.84498596191406 506.8564147949219 207.35443115234375 0.6940176 1.8501683 0.6834997 -5.2436857 1.5760791 33.351765 -1.3998820781707764 0.26551249623298645
Pedestrian 0.0 0 -0.2551886737346649 903.8271484375 139.3824462890625 956.8139038085938 221.88943481445312 1.0126287 1.9075105 0.65481687 7.520586 1.1340268 17.08244 0.1595296859741211 0.22321513295173645
Pedestrian 0.0 0 1.292227029800415 429.78912353515625 198.42416381835938 467.8197021484375 263.736083984375 1.7782615 1.7167438 0.58838934 -4.668067 2.4800653 20.60543 1.0694420337677002 0.18429718911647797
Cyclist 0.0 0 -1.5688517093658447 31.027708053588867 128.368896484375 109.77461242675781 346.5387878417969 1.7245058 1.8432893 0.5473514 -5.247459 1.4677984 6.9470005 -2.2157719135284424 0.4060381352901459
Cyclist 0.0 0 1.292227029800415 429.78912353515625 198.42416381835938 467.8197021484375 263.736083984375 1.7782615 1.7167438 0.58838934 -4.668067 2.4800653 20.60543 1.0694420337677002 0.3139205574989319
Car 0.0 0 -1.6588488817214966 725.4926147460938 182.37271118164062 785.6810913085938 228.31703186035156 4.113746 1.400989 1.6677941 4.9147162 1.7595572 25.016802 -1.4648627042770386 0.9137823581695557
Car 0.0 0 -1.5955666303634644 716.0170288085938 174.16937255859375 747.7618408203125 203.80117797851562 3.8648052 1.608127 1.689971 6.909412 1.6876081 41.36756 -1.4300694465637207 0.7318105101585388
Car 0.0 0 -2.561143398284912 262.1476135253906 191.47801208496094 449.2202453613281 265.197998046875 3.7603197 1.4977895 1.6385313 -5.8322835 1.9570292 16.530643 -2.900325059890747 0.711883008480072
Car 0.0 0 -0.2296287715435028 767.6168212890625 176.5143280029297 846.383056640625 207.05712890625 3.6548975 1.535204 1.6382207 10.1154175 1.7295675 37.358265 0.034798622131347656 0.5983284711837769
Car 0.0 0 -1.6922049522399902 775.0430908203125 180.6396484375 1011.0487670898438 375.0 3.8869026 1.4531002 1.6034473 2.4862342 1.5549569 7.337628 -1.365512490272522 0.4601656496524811
Car 0.0 0 -2.75669264793396 420.12957763671875 159.91673278808594 519.4971313476562 194.7722625732422 4.327547 1.6014897 1.7060473 -6.693992 1.0074254 34.401047 -2.9488778114318848 0.25221583247184753
Car 0.0 0 0.32208919525146484 564.6987915039062 184.9752960205078 611.5529174804688 204.18174743652344 3.6337562 1.5522885 1.686632 -1.8722289 2.6051898 61.321503 0.291567325592041 0.20987646281719208
