Pedestrian 0.0 0 1.9889047145843506 440.5239562988281 144.52609252929688 526.6975708007812 308.8569030761719 0.87472624 1.6863705 0.6345296 -1.3192117 1.3083068 7.87164 1.82285737991333 0.8218557834625244
Pedestrian 0.0 0 -1.3996210098266602 696.6289672851562 156.82089233398438 722.508544921875 212.41204833984375 0.7839554 1.7445247 0.698262 3.4443986 0.9711679 23.021538 -1.2511062622070312 0.6054086685180664
Pedestrian 0.0 0 -0.7641878724098206 924.525634765625 92.00636291503906 1142.53662109375 374.0 0.67924976 1.584078 0.73187065 2.2133853 1.1616081 3.8362885 -0.2408818006515503 0.5715263485908508
Pedestrian 0.0 0 -0.8580337166786194 868.9548950195312 143.46969604492188 994.5134887695312 365.8981018066406 0.6249054 1.7140652 0.7171917 2.6875787 1.4223937 5.990017 -0.43628111481666565 0.554539144039154
Pedestrian 0.0 0 -2.1685447692871094 938.0626220703125 126.6583023071289 977.7177124023438 200.08465576171875 0.75063056 1.8812613 0.6131328 9.296806 0.47733575 18.816025 -1.7096364498138428 0.41562509536743164
Pedestrian 0.0 0 1.34914231300354 902.0498657226562 135.6901092529297 938.138916015625 205.94081115722656 0.9862674 1.7910676 0.66251546 8.32125 0.6243061 18.859322 1.7646770477294922 0.29354700446128845
Pedestrian 0.0 0 1.078803539276123 24.593114852905273 110.83112335205078 131.44149780273438 282.89959716796875 0.83560246 1.8007243 0.64005286 -5.8593497 1.062525 7.9837427 0.4456796646118164 0.2751171588897705
Pedestrian 0.0 0 -2.039757013320923 687.3060302734375 148.23158264160156 713.34619140625 197.51480102539062 0.9189388 1.8229005 0.6240214 3.7053099 0.59339726 27.103586 -1.9038900136947632 0.2522391080856323
Pedestrian 0.0 0 -0.6173524856567383 925.4735717773438 159.0723419189453 1000.923828125 297.3111572265625 0.6285421 1.7002641 0.6001649 4.563959 1.4257551 9.177759 -0.15587946772575378 0.2356652468442917
Pedestrian 0.0 0 1.5581653118133545 505.0787048339844 158.76559448242188 534.7928466796875 252.2286376953125 1.3922831 1.7077013 0.5410641 -1.6226953 1.2935783 13.847584 1.4415147304534912 0.1766374409198761
Pedestrian 0.0 0 -1.4140560626983643 553.1234741210938 166.13589477539062 571.1553344726562 210.45350646972656 1.6002445 1.6621729 0.45437002 -1.5282693 1.0869603 27.758257 -1.4690569639205933 0.135476216673851
Cyclist 0.0 0 -1.4172977209091187 553.188232421875 166.16766357421875 571.212646484375 210.6382598876953 1.6275239 1.6665817 0.45465294 -1.5252895 1.0930188 27.749926 -1.472208023071289 0.48781469464302063
Cyclist 0.0 0 1.5581653118133545 505.0787048339844 158.76559448242188 534.7928466796875 252.2286376953125 1.3922831 1.7077013 0.5410641 -1.6226953 1.2935783 13.847584 1.4415147304534912 0.15390482544898987
Car 0.0 0 -1.634394645690918 669.621826171875 155.72601318359375 700.1734008789062 183.20079040527344 3.8476677 1.6414843 1.6462275 5.1784463 0.10237393 44.877895 -1.5195130109786987 0.3932567238807678
Car 0.0 0 1.772952914237976 455.46209716796875 142.79136657714844 566.0697631835938 224.16107177734375 4.253142 1.60639 1.6585188 -1.9443614 0.84345776 16.367258 1.6547112464904785 0.18860198557376862
Car 0.0 0 2.1072347164154053 176.69883728027344 157.5310516357422 329.197265625 226.37847900390625 3.7809281 1.4396287 1.5075448 -8.076525 0.9396621 16.969927 1.6630264520645142 0.18278768658638
