Pedestrian 0.0 0 -2.011575698852539 1106.2821044921875 155.5336151123047 1153.094970703125 235.11715698242188 0.68946856 1.7026831 0.59472823 11.338546 1.3324728 15.827092 -1.3899269104003906 0.41185665130615234
Pedestrian 0.0 0 2.214634895324707 1070.8265380859375 100.4260025024414 1145.3990478515625 232.81712341308594 0.66856194 1.7978072 0.58162665 6.966024 0.814628 10.17811 2.8148224353790283 0.21502681076526642
Cyclist 0.0 0 -1.9377620220184326 308.7644958496094 182.43064880371094 361.0824890136719 255.6025390625 1.8943975 1.7768105 0.621233 -7.1843123 2.0370696 18.667875 -2.3051393032073975 0.3114030957221985
Car 0.0 0 1.3662748336791992 683.9334716796875 190.13815307617188 803.3109130859375 273.6258239746094 4.0822 1.4549177 1.675764 2.653728 1.876134 15.497137 1.535869836807251 0.9693849086761475
Car 0.0 0 -2.028606414794922 804.4317016601562 196.21212768554688 1242.0 375.0 3.7371728 1.4374732 1.5709828 2.6316354 1.6680841 5.2350116 -1.5628019571304321 0.9480942487716675
Car 0.0 0 1.759164810180664 405.1305847167969 191.01422119140625 511.2248840332031 268.6203918457031 3.6828063 1.4605714 1.670829 -3.3433566 1.9178069 16.296892 1.5568193197250366 0.9448935389518738
Car 0.0 0 2.136310577392578 0.0 190.7222900390625 364.532470703125 375.0 4.147918 1.4653939 1.6355675 -3.3427641 1.6462786 5.2090483 1.5657762289047241 0.9174335598945618
Car 0.0 0 -1.7047860622406006 668.929931640625 186.1623992919922 736.0950317382812 239.3231964111328 3.2768993 1.4038635 1.5447315 2.6375618 1.8316633 21.524118 -1.582854151725769 0.9133722186088562
Car 0.0 0 1.4480421543121338 655.791748046875 183.58201599121094 710.2188720703125 228.60560607910156 3.5979035 1.4718417 1.5263817 2.547341 1.8898548 26.269386 1.5447099208831787 0.8164226412773132
Car 0.0 0 1.4291976690292358 676.1231079101562 178.89251708984375 725.2745361328125 213.38699340820312 4.2822866 1.4293613 1.6133908 4.012177 1.7223585 32.80778 1.550886869430542 0.228115051984787
