Pedestrian 0.0 0 2.934420108795166 717.7852783203125 184.1452178955078 740.298583984375 226.8245391845703 0.7922246 1.7505826 0.74323386 4.9339986 2.2294738 30.18765 3.0964319705963135 0.354718953371048
Pedestrian 0.0 0 1.9274652004241943 806.6722412109375 166.14862060546875 862.4525146484375 248.4239501953125 0.9801775 1.8605598 0.9757371 5.2457438 1.7092838 16.99992 2.2267699241638184 0.1878674179315567
Pedestrian 0.0 0 -1.700466513633728 614.393798828125 161.93959045410156 628.1050415039062 198.7118377685547 1.643208 1.7639712 0.462082 0.5070781 1.2407632 35.452282 -1.686164379119873 0.15519127249717712
Cyclist 0.0 0 -1.7257863283157349 613.6057739257812 164.71974182128906 628.1809692382812 200.96669006347656 1.7058096 1.740315 0.45646614 0.4898936 1.3501251 35.51679 -1.711993932723999 0.5049929618835449
Car 0.0 0 -0.9211732745170593 652.8768920898438 197.0677947998047 744.6713256835938 244.0086669921875 3.6140616 1.5237435 1.5619267 3.345894 2.4972405 27.156075 -0.7985813617706299 0.8501038551330566
Car 0.0 0 -3.448561668395996 1083.794189453125 184.94906616210938 1242.0 301.0165100097656 4.387331 1.5190263 1.6832193 10.221512 1.7393415 11.453211 -2.7199289798736572 0.7908728718757629
Car 0.0 0 -1.7266716957092285 537.7117919921875 169.170166015625 599.2528076171875 220.72265625 4.7684364 2.1440709 2.0365794 -2.0032053 1.9912181 32.55375 -1.7881295680999756 0.19143660366535187
Car 0.0 0 -1.5570104122161865 617.758056640625 153.76902770996094 648.135009765625 184.0753936767578 3.8016534 1.7380751 1.7430136 1.3680501 0.6439066 43.31597 -1.525437831878662 0.15662136673927307
Car 0.0 0 -2.7355260848999023 270.2083740234375 159.2345733642578 348.4411315917969 187.83941650390625 4.4539766 1.8526623 1.7069781 -19.826134 0.97092485 47.608376 -3.1301257610321045 0.1462862342596054
Car 0.0 0 -1.900237798690796 0.0 197.66127014160156 94.19277954101562 245.26158142089844 4.4220314 1.4293499 1.4925691 -20.052921 2.3655858 25.392296 -2.5686817169189453 0.1324404925107956
Car 0.0 0 -0.5835520029067993 12.248614311218262 165.09457397460938 109.29276275634766 196.27093505859375 4.0712814 1.654641 1.7007388 -30.750938 1.2431786 40.494263 -1.233035683631897 0.12263693660497665
