Pedestrian 0.0 0 -0.3318895101547241 757.8810424804688 172.97804260253906 792.1865234375 237.89874267578125 0.71993786 1.6536126 0.5601041 4.3639092 1.4636105 18.318401 -0.09802313148975372 0.21177852153778076
Pedestrian 0.0 0 -0.23736602067947388 849.4097290039062 144.89797973632812 937.7999877929688 285.3931884765625 0.9911934 1.8105234 0.54426444 3.7886755 1.3534049 9.447023 0.14404034614562988 0.19210831820964813
Pedestrian 0.0 0 -2.5819032192230225 1078.020263671875 25.310237884521484 1224.0 370.0 0.8769118 1.666761 0.5327316 3.0520039 0.96018976 3.7225463 -1.8951632976531982 0.16916684806346893
Pedestrian 0.0 0 -1.3221322298049927 225.4766082763672 180.9005126953125 247.4110870361328 222.92637634277344 0.6961238 1.6346414 0.616935 -14.570816 1.652183 27.9139 -1.8032177686691284 0.16005809605121613
Pedestrian 0.0 0 0.7721549868583679 151.69435119628906 174.9709930419922 169.01329040527344 202.1743927001953 0.9964628 1.9271076 0.47584805 -31.70428 1.5367218 50.41977 0.21082305908203125 0.12750306725502014
Pedestrian 0.0 0 -0.41125962138175964 872.4285888671875 113.83251953125 981.2066040039062 266.1477355957031 1.0831462 1.8317512 0.5975911 3.9360805 1.0316851 8.801827 0.009254217147827148 0.12127436697483063
Pedestrian 0.0 0 -2.7165634632110596 472.00531005859375 169.58242797851562 483.7950439453125 190.17782592773438 0.85658276 1.7753325 0.5488863 -11.002203 0.83542323 61.313972 -2.8941142559051514 0.10330598801374435
Pedestrian 0.0 0 1.567752718925476 778.0819702148438 134.9365234375 805.029541015625 222.22946166992188 1.2984446 1.8302463 0.54866534 4.049121 0.87655133 15.516665 1.8230133056640625 0.10308238863945007
Cyclist 0.0 0 2.1292455196380615 422.2402038574219 172.44320678710938 441.3393249511719 197.9372100830078 1.4432467 1.6435106 0.53382033 -11.346741 1.1254513 46.344936 1.8891364336013794 0.3060224652290344
Cyclist 0.0 0 1.8473701477050781 240.18824768066406 172.56118774414062 259.0501708984375 202.87802124023438 1.6633942 1.7023532 0.5350965 -20.38741 1.2579614 40.564457 1.3816503286361694 0.13740547001361847
Cyclist 0.0 0 -2.3227882385253906 1076.786865234375 0.0 1224.0 370.0 1.4666677 1.7488906 0.48051015 3.0445924 0.8691714 3.5148237 -1.60895574092865 0.13417991995811462
Car 0.0 0 -1.7044482231140137 544.6942138671875 165.48809814453125 571.751220703125 186.40249633789062 3.776508 1.6000867 1.6482676 -3.7318754 0.4528342 56.1033 -1.7708683013916016 0.4107905328273773
Car 0.0 0 -1.5334919691085815 723.0830688476562 158.88156127929688 743.3338623046875 177.02525329589844 3.8892424 1.5589143 1.650747 11.583686 -0.3217352 63.618885 -1.3533856868743896 0.18148724734783173
Car 0.0 0 2.3722057342529297 0.0 180.7610626220703 130.66079711914062 221.633544921875 3.9669344 1.4500521 1.6816565 -20.631157 1.4623519 27.193449 1.7231717109680176 0.16098366677761078
Car 0.0 0 1.46609365940094 343.33935546875 176.56480407714844 374.0052795410156 200.91070556640625 3.6854527 1.5039718 1.4876546 -15.938532 1.2622266 45.65708 1.13022780418396 0.13123396039009094
Car 0.0 0 0.6764122247695923 0.42326298356056213 156.66322326660156 101.39385223388672 187.8744354248047 3.6595397 1.4688861 1.5640966 -26.669529 0.348511 34.075256 0.012330770492553711 0.10780301690101624
