Pedestrian 0.0 0 1.1591672897338867 341.52703857421875 115.67241668701172 396.37335205078125 221.5926055908203 0.90624475 1.83956 0.6305812 -4.4258127 0.84682137 13.075858 0.832798957824707 0.24041911959648132
Pedestrian 0.0 0 1.5208866596221924 298.5935363769531 160.05947875976562 337.64227294921875 230.55880737304688 1.0403972 1.811391 0.9097841 -7.8237367 1.4830099 19.200058 1.1339442729949951 0.1488417237997055
Pedestrian 0.0 0 2.0201447010040283 274.779296875 162.20326232910156 319.5013732910156 228.33404541015625 1.0947477 1.79754 0.74735725 -8.77851 1.5083941 20.171278 1.6096676588058472 0.13359540700912476
Pedestrian 0.0 0 0.12888793647289276 657.8223876953125 163.85891723632812 671.4691772460938 188.8173828125 0.95060176 1.8411667 0.5308866 4.032583 1.1779648 53.580753 0.2040081024169922 0.12178751081228256
Pedestrian 0.0 0 1.5089349746704102 737.7659301757812 144.05075073242188 783.7437744140625 256.99517822265625 0.9022077 1.8318448 0.7012707 2.4803932 1.365043 12.195146 1.7095898389816284 0.10787792503833771
Cyclist 0.0 0 1.4119620323181152 336.026123046875 116.16979217529297 388.9442443847656 226.13352966308594 1.6968389 1.8723264 0.6458416 -4.596696 0.90753573 13.182764 1.0764548778533936 0.17013593018054962
Car 0.0 0 1.7717221975326538 368.5328674316406 185.82940673828125 482.5614013671875 270.7923278808594 3.794648 1.5217103 1.6211824 -3.845735 1.8344994 15.440406 1.527619481086731 0.9608936309814453
Car 0.0 0 1.7420645952224731 438.10546875 176.880126953125 517.9960327148438 238.30335998535156 4.144385 1.6288072 1.6485748 -3.8604457 1.7606341 21.480732 1.5642460584640503 0.9197613596916199
Car 0.0 0 1.7871946096420288 523.0078125 178.50112915039062 565.55810546875 206.458251953125 3.625982 1.4144962 1.5590953 -3.5532641 1.7362552 39.166332 1.6967198848724365 0.7497079968452454
Car 0.0 0 -2.8763349056243896 379.6540222167969 168.32823181152344 462.3290710449219 200.22921752929688 3.495914 1.4773815 1.6098162 -8.962071 1.2681448 34.233723 -3.1323795318603516 0.145065575838089
Car 0.0 0 1.708276391029358 776.859130859375 184.60215759277344 871.9940185546875 259.3618469238281 4.2847557 1.5236564 1.6578251 5.3224154 1.8498538 17.71638 2.000121593475342 0.12275046855211258
