Car 0.0 0 -1.7569786310195923 698.2276611328125 189.14561462402344 803.7134399414062 268.90869140625 3.5752835 1.4371222 1.5541581 2.8520145 1.8284147 15.520221 -1.5752449035644531 0.9759594798088074
Car 0.0 0 0.5203728079795837 40.02890396118164 191.81944274902344 363.9305114746094 301.8813171386719 4.059104 1.5105451 1.5713881 -6.1014366 1.8213252 10.99378 0.013706684112548828 0.9574639797210693
Car 0.0 0 -0.2354992926120758 763.5213012695312 175.7847137451172 923.3399658203125 230.099853515625 4.0646877 1.4695612 1.6249475 6.504752 1.5573812 20.576262 0.07068824768066406 0.938694417476654
Car 0.0 0 0.4791216254234314 170.45826721191406 180.2010955810547 424.9447937011719 278.12774658203125 3.983081 1.6422151 1.5963553 -5.6448407 1.7864566 13.183347 0.07456088066101074 0.9079121351242065
Car 0.0 0 3.817196846008301 0.0 191.8367156982422 205.07135009765625 334.40655517578125 3.6503224 1.4083701 1.5238123 -6.888401 1.644501 8.149746 3.1154792308807373 0.8885850310325623
Car 0.0 0 0.48112839460372925 241.07278442382812 178.2402801513672 427.85968017578125 253.9099578857422 3.4845228 1.5263101 1.4990023 -5.951794 1.6504805 15.634581 0.1173861026763916 0.884317934513092
Car 0.0 0 -1.6955580711364746 635.1288452148438 179.96180725097656 667.3349609375 204.58718872070312 4.206866 1.5726805 1.6861889 2.7524726 2.0817277 49.479362 -1.6399866342544556 0.8752416372299194
Car 0.0 0 3.316932439804077 394.694580078125 176.3759765625 502.93682861328125 218.498046875 4.159256 1.6873611 1.706322 -6.673505 1.83878 30.001745 3.0980587005615234 0.8309464454650879
Car 0.0 0 0.4038130044937134 272.7967834472656 181.23031616210938 465.3164367675781 249.34310913085938 4.266432 1.5827559 1.5985852 -5.9702497 1.8031452 17.97706 0.08316946029663086 0.7801748514175415
Car 0.0 0 3.416283369064331 294.8180847167969 180.10069274902344 441.76043701171875 234.90646362304688 3.6898284 1.4758259 1.4863878 -6.822932 1.6901785 20.475245 3.0946273803710938 0.765205442905426
