Pedestrian 0.0 0 -1.017019510269165 894.2828979492188 101.3714599609375 1060.975830078125 370.0 0.6417533 1.7010872 0.7383536 2.363554 1.239524 4.616623 -0.543844997882843 0.3431769907474518
Pedestrian 0.0 0 -1.5979697704315186 199.591064453125 187.22256469726562 217.54507446289062 230.42379760742188 0.75420016 1.5740932 0.56284314 -14.8170395 1.830833 26.370916 -2.1098809242248535 0.2725827395915985
Pedestrian 0.0 0 0.46550339460372925 1166.72900390625 121.58512878417969 1217.29541015625 215.71163940429688 0.6336135 1.8224922 0.4634882 11.6348295 0.68340564 14.06831 1.1565065383911133 0.19593453407287598
Pedestrian 0.0 0 1.6892224550247192 756.0778198242188 177.44110107421875 791.5067749023438 258.20159912109375 0.6156358 1.725324 0.6897145 3.6672466 1.6615942 15.507586 1.9214372634887695 0.15115730464458466
Pedestrian 0.0 0 -0.23319083452224731 306.6493225097656 169.88711547851562 324.3879089355469 196.51251220703125 1.0408472 1.8179613 0.5209295 -19.972292 1.0946312 48.78667 -0.6217572689056396 0.14708369970321655
Pedestrian 0.0 0 2.8349697589874268 426.0897216796875 171.24156188964844 439.4822082519531 195.24652099609375 0.827582 1.7422172 0.54199696 -12.600937 1.0715448 51.757168 2.5961532592773438 0.14430680871009827
Pedestrian 0.0 0 1.352853536605835 755.6458740234375 191.0338897705078 793.02490234375 271.54681396484375 0.62724465 1.5422075 0.5928729 3.2888153 1.7563121 13.939139 1.584557056427002 0.14316149055957794
Cyclist 0.0 0 -1.725522518157959 714.01708984375 139.2772979736328 738.758056640625 196.33897399902344 1.7329108 1.6969169 0.48831466 3.711925 0.47258767 21.891071 -1.5575567483901978 0.49884751439094543
Cyclist 0.0 0 -1.8328808546066284 963.662841796875 140.6435546875 999.2049560546875 202.25439453125 1.6829993 1.6302496 0.44252524 10.366726 0.57721573 19.573507 -1.3458107709884644 0.30253493785858154
Cyclist 0.0 0 0.27672135829925537 320.95306396484375 175.3060302734375 356.1241149902344 208.81777954101562 1.6087569 1.7335619 0.6361568 -13.93175 1.4662967 36.954945 -0.08379532396793365 0.16704308986663818
Car 0.0 0 2.179145097732544 4.0478434562683105 147.84921264648438 160.9908447265625 211.2698211669922 3.7046049 1.5720063 1.6296567 -14.160359 0.7642874 19.390738 1.548395037651062 0.49978408217430115
Car 0.0 0 -0.9358327388763428 7.412139415740967 185.1321563720703 122.85853576660156 229.0303192138672 3.611122 1.5119513 1.617375 -20.151482 1.6993041 26.547253 -1.585119605064392 0.35694581270217896
Car 0.0 0 -1.6017996072769165 557.5825805664062 163.5384979248047 577.250244140625 180.77420043945312 4.0616884 1.5274658 1.6682848 -3.4455423 0.025475908 64.74905 -1.6549632549285889 0.33487242460250854
Car 0.0 0 1.6022756099700928 323.1541442871094 172.6559600830078 354.9154357910156 201.16897583007812 3.3726795 1.4676577 1.504371 -14.351232 1.0653199 38.227833 1.24314284324646 0.1808232218027115
Car 0.0 0 1.1576471328735352 789.3111572265625 151.34701538085938 832.4052124023438 173.58169555664062 3.7706308 1.5047091 1.6016171 14.815843 -0.51757413 51.046738 1.440126657485962 0.15650251507759094
