Car 0.0 0 -1.7153959274291992 679.714599609375 179.2084503173828 763.6280517578125 243.26901245117188 3.9802594 1.5044839 1.6322842 2.82806 1.6926198 19.328436 -1.57011079788208 0.961871325969696
Car 0.0 0 2.0395214557647705 138.00331115722656 198.05711364746094 343.1844482421875 307.09454345703125 3.837217 1.4837569 1.602746 -6.249102 1.9927224 12.632136 1.5801239013671875 0.9576387405395508
Car 0.0 0 -3.727871894836426 946.8746337890625 165.53721618652344 1242.0 265.1465759277344 4.2588825 1.5528777 1.6897084 8.123784 1.4391692 12.101155 -3.1366524696350098 0.9478567242622375
Car 0.0 0 -1.285001277923584 376.1510009765625 185.44390869140625 463.3055419921875 238.89979553222656 4.1278 1.5327638 1.6712207 -6.188342 1.9841803 23.758944 -1.5398036241531372 0.9343777298927307
Car 0.0 0 2.7318873405456543 808.7741088867188 160.51409912109375 981.55908203125 219.6113739013672 4.4424114 1.6736869 1.7265446 8.311558 1.324568 21.380941 3.1026463508605957 0.7601797580718994
Car 0.0 0 -0.5907472372055054 1132.3597412109375 149.68231201171875 1242.0 190.37612915039062 4.395782 1.4910514 1.6496378 22.70765 0.6423814 27.474913 0.09993672370910645 0.666178822517395
Car 0.0 0 1.7270702123641968 459.8404541015625 185.10313415527344 506.3118896484375 218.92233276367188 3.9946272 1.4684912 1.604916 -6.095039 2.0937276 34.795086 1.5536600351333618 0.6376828551292419
Car 0.0 0 2.617227554321289 883.129638671875 154.22610473632812 1124.75390625 239.7753143310547 4.192839 1.6976073 1.7090935 8.140489 1.3283199 15.240029 3.1078219413757324 0.6191247701644897
Car 0.0 0 2.6308481693267822 0.0 240.4412384033203 158.50570678710938 375.0 3.9348452 1.5071998 1.6054674 -3.8461587 1.9426613 2.613144 1.6568293571472168 0.5780609846115112
Car 0.0 0 1.7352718114852905 479.8006591796875 183.3604736328125 519.02587890625 212.74566650390625 3.7919602 1.5085351 1.5673242 -6.16209 2.1236067 40.30721 1.5835683345794678 0.495924174785614
Car 0.0 0 -0.7871044278144836 1205.377197265625 142.99778747558594 1242.0 189.0884246826172 4.1617093 1.5022111 1.6664654 22.843397 0.52947915 24.419634 -0.035044245421886444 0.48477956652641296
