Pedestrian 0.0 0 1.4133431911468506 1119.618896484375 146.15614318847656 1149.8040771484375 207.03335571289062 0.6257188 1.9186738 0.6934352 16.799593 1.0775925 23.17397 2.0406079292297363 0.18641185760498047
Pedestrian 0.0 0 0.6620723009109497 1009.5856323242188 140.9902801513672 1033.783935546875 193.25128173828125 0.5743269 1.9506915 0.5567955 15.532738 0.76170564 27.300993 1.1793434619903564 0.18153750896453857
Car 0.0 0 -1.9341727495193481 52.012638092041016 204.9227294921875 198.0738067626953 279.0116882324219 3.8329322 1.4280012 1.621143 -11.653078 2.2711668 17.195898 -2.529751777648926 0.9398565888404846
Car 0.0 0 1.4141807556152344 541.2697143554688 182.38442993164062 617.4564208984375 235.40646362304688 4.1203485 1.3864365 1.6540669 -1.0713398 1.7041149 21.835598 1.3651561737060547 0.9172834157943726
Car 0.0 0 1.6066023111343384 466.609375 181.427978515625 519.1851196289062 230.5561065673828 3.2754805 1.3716118 1.4991546 -3.6291018 1.6593049 22.4597 1.4464040994644165 0.9016827344894409
Car 0.0 0 -2.166558027267456 225.7628936767578 172.7212677001953 457.1859436035156 292.4743957519531 4.328017 1.8490597 1.8020718 -5.0145035 1.847368 13.116286 -2.5317230224609375 0.7697868347167969
Car 0.0 0 3.3621864318847656 114.86152648925781 188.5158233642578 223.62417602539062 226.05836486816406 3.786427 1.5092579 1.6824013 -19.226622 2.225599 31.578817 2.8152883052825928 0.4897906482219696
Car 0.0 0 1.0409880876541138 532.3778686523438 166.4684600830078 612.2650146484375 201.43296813964844 4.133143 1.4879862 1.7860602 -1.8270004 1.2165943 32.91972 0.985546350479126 0.2815101146697998
Car 0.0 0 3.548394203186035 0.0 191.2624053955078 107.3417739868164 224.80943298339844 3.774787 1.4718977 1.6194772 -26.421232 2.378818 34.2797 2.891741991043091 0.2575264573097229
Car 0.0 0 -1.3461939096450806 797.2698974609375 155.97293090820312 879.2546997070312 215.09927368164062 3.54393 1.6134348 1.591816 6.856837 1.1531434 21.617369 -1.0390410423278809 0.2567148208618164
Car 0.0 0 -2.95393705368042 898.8932495117188 152.87454223632812 1027.5919189453125 204.043701171875 3.7481186 1.6359222 1.5894941 12.065856 0.99751943 24.822195 -2.5014781951904297 0.22477994859218597
Car 0.0 0 1.0005948543548584 143.8655242919922 185.21197509765625 218.46214294433594 211.304931640625 4.506382 1.425883 1.6264085 -25.490126 2.1891255 42.804573 0.46349072456359863 0.18233129382133484
