Pedestrian 0.0 0 0.5193850994110107 392.4732666015625 166.97567749023438 418.68182373046875 214.5653839111328 0.7013297 1.7715075 0.6954674 -7.767582 1.5530472 27.277842 0.24196982383728027 0.18492528796195984
Pedestrian 0.0 0 -1.5800096988677979 1173.3414306640625 140.50372314453125 1200.349853515625 193.45054626464844 0.6622262 1.9530237 0.7850258 21.62733 0.7600926 27.11493 -0.9067234992980957 0.17387330532073975
Cyclist 0.0 0 -0.2717313766479492 1186.378662109375 155.5059814453125 1242.0 195.83694458007812 1.8507451 1.7279712 0.682983 26.463726 0.98505676 31.6043 0.4253702163696289 0.16230902075767517
Cyclist 0.0 0 0.42880886793136597 1020.294677734375 165.62136840820312 1050.9423828125 194.02561950683594 1.5746734 1.8014377 0.6541717 27.443432 1.3430922 46.590954 0.9611225128173828 0.15968558192253113
Car 0.0 0 -2.270216226577759 437.3349914550781 205.31222534179688 777.7600708007812 375.0 3.4047265 1.4308516 1.5572611 -0.25509316 1.8388892 7.2745647 -2.3052682876586914 0.961578369140625
Car 0.0 0 -1.955552339553833 325.0348815917969 204.9567108154297 534.8900756835938 339.99639892578125 4.170594 1.4897096 1.6362635 -3.0029652 2.0817099 11.138605 -2.218891143798828 0.9483770132064819
Car 0.0 0 -1.8582779169082642 259.9123840332031 207.52676391601562 401.71551513671875 302.1373596191406 4.0284767 1.4754878 1.6155503 -5.90807 2.2901306 14.859535 -2.236708879470825 0.9339366555213928
Car 0.0 0 -1.7948024272918701 197.3131561279297 203.75048828125 296.3743591308594 277.8899230957031 3.300012 1.5674207 1.5604689 -9.4096155 2.4353771 18.491537 -2.2655134201049805 0.8682523369789124
Car 0.0 0 0.6654746532440186 207.60589599609375 186.16537475585938 271.7296447753906 210.18666076660156 3.6398244 1.5436852 1.6072565 -25.036894 2.46454 48.757748 0.19108891487121582 0.3605947494506836
Car 0.0 0 1.5322824716567993 148.26548767089844 209.90867614746094 202.09112548828125 256.9164733886719 3.7796476 1.5224286 1.6751047 -17.33201 3.0973275 28.618368 0.9877369403839111 0.17299017310142517
Car 0.0 0 0.342446506023407 1022.483642578125 165.96923828125 1102.482177734375 191.7124481201172 3.9725406 1.562856 1.6900233 28.686468 1.1452441 45.88328 0.901193380355835 0.17147228121757507
Car 0.0 0 -0.21494919061660767 296.7554931640625 177.09449768066406 365.2793273925781 202.62814331054688 3.9182024 1.5878142 1.6706175 -18.276766 1.876227 47.233723 -0.5841492414474487 0.14738599956035614
