Pedestrian 0.0 0 -0.605624258518219 868.0225219726562 164.77296447753906 925.04833984375 217.76678466796875 1.7675089 1.7920928 0.6587046 9.928496 1.1019119 24.824135 -0.22515808045864105 0.122417151927948
Cyclist 0.0 0 -0.6005777716636658 867.0612182617188 165.83624267578125 924.0570678710938 219.08094787597656 1.7567223 1.8006094 0.6703261 9.895118 1.1463737 24.826014 -0.22129733860492706 0.662090539932251
Car 0.0 0 -1.5041813850402832 709.435791015625 180.0852508544922 767.5372924804688 230.7408905029297 3.9672656 1.6192518 1.7351633 4.5961885 1.4563838 25.110867 -1.3231494426727295 0.9340486526489258
Car 0.0 0 2.1339526176452637 0.0 214.1184844970703 95.69599914550781 362.6888122558594 3.9988089 1.4296811 1.6018791 -9.003004 1.9115715 9.843948 1.3931444883346558 0.7987769842147827
Car 0.0 0 -1.3034648895263672 120.50189208984375 198.7375946044922 180.8094482421875 231.3428192138672 3.802014 1.4463177 1.5736185 -22.605053 2.1562717 35.630676 -1.86881422996521 0.7713567614555359
Car 0.0 0 -1.0606396198272705 0.0 196.09410095214844 115.78579711914062 241.67669677734375 4.2895136 1.4763207 1.7102565 -20.318653 1.9139171 26.59396 -1.7130613327026367 0.7600384950637817
Car 0.0 0 1.8018112182617188 789.5363159179688 177.66624450683594 826.3299560546875 199.1761932373047 4.1454062 1.4929596 1.6655482 14.528453 0.97009933 52.107964 2.0737202167510986 0.7426548004150391
Car 0.0 0 2.144376277923584 0.0 210.48757934570312 110.38189697265625 280.7714538574219 4.245148 1.3901404 1.6538397 -14.612261 2.1013892 17.99584 1.46237313747406 0.7423014044761658
Car 0.0 0 2.1570005416870117 41.86435317993164 195.1322021484375 125.87030029296875 225.50881958007812 4.0499544 1.4577441 1.6055386 -27.528776 2.0100353 37.893356 1.5287227630615234 0.5165159106254578
Car 0.0 0 1.7006371021270752 321.4532165527344 186.778564453125 359.0093994140625 213.73838806152344 4.0258613 1.4862912 1.5498867 -15.606649 1.5834053 42.009563 1.3449363708496094 0.3321637809276581
Car 0.0 0 1.5226938724517822 150.42269897460938 203.64952087402344 202.89144897460938 247.09524536132812 3.8436995 1.546773 1.6478138 -17.70502 2.3543205 29.388481 0.9804766178131104 0.3279993534088135
