Pedestrian 0.0 0 -3.0619735717773438 822.7587280273438 148.8358154296875 870.7737426757812 231.03585815429688 0.9871318 1.8037302 0.6060332 5.3025174 1.2770529 16.299406 -2.7474524974823 0.4192678928375244
Cyclist 0.0 0 -3.2047767639160156 821.8781127929688 148.90841674804688 873.8059692382812 231.30247497558594 1.0774863 1.8144616 0.5853379 5.31044 1.2874957 16.304394 -2.889906406402588 0.15624043345451355
Car 0.0 0 -2.122161865234375 796.007080078125 180.33445739746094 1194.483154296875 375.0 3.3478525 1.3910838 1.5020986 2.96743 1.4767377 6.472002 -1.6922597885131836 0.9738757014274597
Car 0.0 0 1.9477665424346924 163.18177795410156 193.51504516601562 339.92889404296875 302.0774841308594 3.449641 1.475638 1.4980583 -5.92458 1.8778352 12.255477 1.4974682331085205 0.954698920249939
Car 0.0 0 -1.867161750793457 734.3115844726562 177.90126037597656 888.9188232421875 274.520751953125 3.471448 1.3499215 1.4794228 3.1267006 1.4467843 12.027947 -1.612837791442871 0.9524435997009277
Car 0.0 0 2.222679853439331 0.0 204.18064880371094 209.3262176513672 375.0 3.824279 1.5423228 1.5683192 -5.9099584 1.9435507 7.2963634 1.5418789386749268 0.9065546989440918
Car 0.0 0 -2.749168872833252 320.6792907714844 179.1273193359375 420.28082275390625 210.0987548828125 4.4774756 1.5110002 1.7384099 -12.15387 1.8389179 36.643795 -3.069427251815796 0.856961727142334
Car 0.0 0 -0.3945257067680359 782.6121826171875 173.39735412597656 860.4180908203125 202.53695678710938 3.526372 1.4574338 1.5078628 10.799222 1.4864173 37.065258 -0.11101700365543365 0.45021599531173706
Car 0.0 0 -2.513256072998047 0.0 0.0 1241.21484375 375.0 3.5965025 1.5132108 1.5495292 2.104817 1.3604374 1.5439055 -1.5753237009048462 0.37955543398857117
Car 0.0 0 -3.2781155109405518 680.8580932617188 165.74476623535156 739.43212890625 186.35694885253906 4.230785 1.5463632 1.6592613 7.568334 1.0133739 54.958652 -3.1412665843963623 0.3031165301799774
Car 0.0 0 1.0750350952148438 277.53765869140625 184.6446990966797 328.57611083984375 209.23614501953125 3.2097986 1.457106 1.6647106 -19.606651 2.2358987 45.98345 0.6719920635223389 0.29319730401039124
