Pedestrian 0.0 0 3.531672239303589 0.0 168.46978759765625 42.563018798828125 254.77774047851562 0.76726305 1.8811277 0.62654305 -13.340303 1.7859291 16.136408 2.8408491611480713 0.5447862148284912
Pedestrian 0.0 0 -2.4828031063079834 385.53570556640625 163.84295654296875 404.5221252441406 202.98670959472656 0.52700305 1.786072 0.6935891 -9.969945 1.3752694 33.338352 -2.7733912467956543 0.4008396565914154
Pedestrian 0.0 0 -1.4476430416107178 379.073486328125 159.05909729003906 394.6363220214844 199.43540954589844 0.39874992 1.9250335 0.67083406 -10.75391 1.2676876 34.65376 -1.748544692993164 0.3418883979320526
Pedestrian 0.0 0 -0.7301911115646362 716.0509643554688 175.78582763671875 748.1832885742188 232.98548889160156 0.78396046 1.7987411 0.6532207 3.8836615 1.8954442 23.222668 -0.5644887089729309 0.26884767413139343
Pedestrian 0.0 0 -0.8243146538734436 729.6678466796875 172.3536834716797 757.7686157226562 225.6830596923828 0.754023 1.73119 0.5480341 4.3781815 1.7153065 23.865305 -0.6428782939910889 0.23372909426689148
Car 0.0 0 3.1398558616638184 214.56134033203125 189.83139038085938 391.48553466796875 260.1390075683594 4.044251 1.594249 1.7374853 -7.915787 2.0724924 18.716896 2.739746570587158 0.926856279373169
Car 0.0 0 1.665224552154541 458.5124206542969 185.87574768066406 517.3848266601562 232.74441528320312 4.5908585 1.4902589 1.709114 -4.447032 2.0130708 26.596111 1.4995510578155518 0.916772723197937
Car 0.0 0 1.474339485168457 472.49261474609375 174.88787841796875 497.94268798828125 195.76876831054688 3.916762 1.5463667 1.5686598 -9.729422 1.7103155 55.936535 1.3021255731582642 0.4900076687335968
Car 0.0 0 1.4575366973876953 453.8658447265625 174.13893127441406 477.5611572265625 192.3960723876953 4.0221457 1.5667782 1.6245426 -12.923617 1.6856519 64.38537 1.259446144104004 0.2699800431728363
Car 0.0 0 1.255748987197876 633.9928588867188 158.8235321044922 673.5228271484375 185.94119262695312 3.6702878 1.8447664 1.7354664 3.0264869 0.8906563 51.07717 1.3149330615997314 0.21418672800064087
