Pedestrian 0.0 0 -1.2912466526031494 789.6988525390625 161.9129638671875 807.178466796875 198.2268524169922 0.95514584 1.8684403 0.6461103 9.812106 1.3058544 37.69769 -1.0366125106811523 0.35026147961616516
Pedestrian 0.0 0 1.1146363019943237 983.398193359375 141.14939880371094 1018.62255859375 201.28073120117188 0.9037803 1.8637785 0.64628804 12.313641 0.88144827 22.825424 1.6093593835830688 0.18430469930171967
Pedestrian 0.0 0 -0.689307451248169 975.4402465820312 122.29373931884766 1094.7713623046875 299.84521484375 0.9537079 1.8448046 0.60825515 4.566099 1.3198287 7.871983 -0.1636905074119568 0.14895282685756683
Pedestrian 0.0 0 -1.4227521419525146 308.8795471191406 166.28948974609375 331.7814025878906 218.31292724609375 0.5693233 1.8327584 0.6837522 -10.386458 1.6018522 25.773106 -1.8058385848999023 0.11727004498243332
Pedestrian 0.0 0 1.5260841846466064 352.6022033691406 157.8634033203125 369.7021484375 199.68588256835938 0.56818074 1.8235483 0.6880982 -11.02717 1.1702847 31.848846 1.192767858505249 0.10548677295446396
Pedestrian 0.0 0 1.6463181972503662 327.7880554199219 165.98046875 347.37432861328125 214.96173095703125 0.5708388 1.8402135 0.65760714 -10.411266 1.582335 27.471998 1.2840650081634521 0.10526575893163681
Car 0.0 0 1.7743353843688965 521.920166015625 177.25779724121094 586.0982666015625 218.389892578125 3.851014 1.4173487 1.6757101 -2.0822942 1.5967034 27.308477 1.698231816291809 0.9337748885154724
Car 0.0 0 -1.6577458381652832 580.7684326171875 177.28787231445312 613.2302856445312 203.17257690429688 3.9597075 1.4539777 1.6003904 -0.855724 1.7329576 43.284412 -1.6775130033493042 0.41133928298950195
Car 0.0 0 -1.747754693031311 535.7813110351562 174.13711547851562 578.4074096679688 203.86221313476562 3.5316496 1.4965695 1.6587429 -2.8971157 1.5686399 38.406937 -1.8230441808700562 0.39483562111854553
Car 0.0 0 3.2914226055145264 275.5625915527344 156.9605255126953 369.47076416015625 193.97056579589844 3.6885958 1.5890762 1.6505501 -12.79078 0.90702635 32.198708 2.9132933616638184 0.12739861011505127
