Pedestrian 0.0 0 2.8797214031219482 509.4237365722656 175.20169067382812 524.3065795898438 200.5354461669922 0.8468962 1.6531935 0.60045606 -6.1767845 1.809874 47.60257 2.750684976577759 0.2559222877025604
Pedestrian 0.0 0 1.9190458059310913 282.7999267578125 143.6010284423828 333.9487609863281 223.01705932617188 1.0599409 1.813419 0.8016589 -7.1469636 1.1458025 17.022215 1.5215359926223755 0.19130365550518036
Pedestrian 0.0 0 -1.7293001413345337 1079.3477783203125 173.8060760498047 1242.0 375.0 0.810892 1.7519495 0.6820517 2.5798192 1.7574394 3.3677185 -1.0756099224090576 0.15788231790065765
Cyclist 0.0 0 1.8804420232772827 509.7416076660156 175.51707458496094 523.7403564453125 200.8061981201172 1.2379936 1.641774 0.56764 -6.1829915 1.820404 47.638535 1.7513737678527832 0.17324768006801605
Car 0.0 0 1.7519608736038208 434.8254699707031 182.27862548828125 530.751220703125 249.2089080810547 4.038288 1.4751943 1.709102 -3.1771648 1.7437322 18.500263 1.5818837881088257 0.9544384479522705
Car 0.0 0 1.6733827590942383 529.5345458984375 181.69436645507812 572.9614868164062 213.91046142578125 4.2969537 1.4360765 1.69928 -2.866281 1.8981681 35.516594 1.5928547382354736 0.8912402391433716
Car 0.0 0 1.4729959964752197 662.4524536132812 180.7826690673828 713.197265625 226.4154052734375 3.9461937 1.6592429 1.6265221 3.0054858 1.9989123 28.89803 1.5766265392303467 0.8635651469230652
Car 0.0 0 -1.6905566453933716 649.95068359375 185.0832977294922 689.661865234375 217.2559051513672 3.4435074 1.4586271 1.5534147 2.8824575 2.09535 35.792206 -1.6101969480514526 0.36676833033561707
Car 0.0 0 1.5886383056640625 555.6068725585938 180.71864318847656 578.5366821289062 205.2277374267578 3.7236807 1.6194359 1.5470101 -3.020087 2.1939404 50.779648 1.5292339324951172 0.3608039319515228
Car 0.0 0 1.3169976472854614 532.2996826171875 181.6320037841797 577.01708984375 210.87051391601562 3.9133031 1.567764 1.6626122 -3.3108034 2.1058917 42.080235 1.238481044769287 0.17784808576107025
Car 0.0 0 1.808406949043274 560.7821655273438 182.45391845703125 591.95361328125 204.3946075439453 3.9015994 1.6402441 1.6238867 -2.6816516 2.4374394 57.818657 1.7620598077774048 0.14104989171028137
