Car 0.0 0 -1.4034314155578613 463.2629089355469 182.11558532714844 517.7008056640625 222.1353302001953 3.6416948 1.4884917 1.5491441 -4.6285906 1.3743175 28.55929 -1.5641039609909058 0.9448093771934509
Car 0.0 0 -1.317474126815796 338.7185363769531 187.51828002929688 407.1517333984375 228.41485595703125 3.5924118 1.3779932 1.5230306 -8.532439 1.4691551 26.26404 -1.6315898895263672 0.9344857931137085
Car 0.0 0 -1.5898587703704834 580.365966796875 177.63914489746094 610.5401000976562 207.12684631347656 3.1330936 1.5744388 1.611269 -0.745041 1.171035 39.97395 -1.608494758605957 0.9327999949455261
Car 0.0 0 -1.3471394777297974 373.7646789550781 186.4792022705078 483.356689453125 257.8326416015625 4.1780357 1.5105097 1.6683449 -4.2218833 1.5459046 17.389286 -1.5853174924850464 0.905951976776123
Car 0.0 0 -1.3339794874191284 411.6604309082031 179.5382537841797 460.1818542480469 209.4446563720703 3.6476278 1.4698776 1.6294221 -8.851448 1.1919674 37.153667 -1.5678585767745972 0.7098211050033569
Car 0.0 0 -1.1583210229873657 213.89111328125 188.84327697753906 345.6985168457031 250.84271240234375 4.1853848 1.4276364 1.5907519 -8.474577 1.5347322 18.894636 -1.5799415111541748 0.6627371907234192
Car 0.0 0 -1.3318530321121216 390.274658203125 179.62840270996094 429.3010559082031 202.60597229003906 3.8464723 1.4317939 1.5820053 -12.842229 1.0847659 46.73562 -1.6000189781188965 0.6109887361526489
Car 0.0 0 1.4931244850158691 516.4721069335938 179.07872009277344 544.5913696289062 202.27589416503906 3.6232717 1.4787762 1.5742902 -5.184299 1.0886874 47.74782 1.3849714994430542 0.5680065155029297
Car 0.0 0 -1.2564308643341064 307.51300048828125 175.9088897705078 367.5310363769531 208.8072967529297 3.64435 1.4540838 1.5779593 -12.597682 1.0438616 33.62428 -1.6149036884307861 0.5349563956260681
Car 0.0 0 -1.4835591316223145 490.8526306152344 179.61460876464844 528.16748046875 209.30130004882812 3.8598187 1.5138861 1.6576525 -5.257607 1.2293879 38.622112 -1.6188569068908691 0.43605780601501465
