Pedestrian 0.0 0 0.30158448219299316 260.6452941894531 184.4937286376953 281.7897644042969 222.93666076660156 0.7167162 1.7529299 0.6932273 -15.777535 2.300545 33.5286 -0.13824276626110077 0.43110373616218567
Pedestrian 0.0 0 3.3095126152038574 243.69009399414062 187.09422302246094 267.11419677734375 226.87203979492188 0.8101854 1.7002035 0.7444912 -15.587683 2.3345492 31.648317 2.851860523223877 0.4162222743034363
Pedestrian 0.0 0 -0.5750110149383545 664.2935791015625 172.09669494628906 695.7704467773438 233.78378295898438 0.6550818 1.673466 0.583886 1.8896877 1.6532794 19.981663 -0.4807203412055969 0.36679184436798096
Pedestrian 0.0 0 -2.6083357334136963 694.8817138671875 163.47726440429688 744.6643676757812 232.12399291992188 1.1921003 1.7602062 0.540473 2.849898 1.5201304 19.083935 -2.4600963592529297 0.35433292388916016
Pedestrian 0.0 0 -0.35693472623825073 677.0833740234375 168.84947204589844 727.830078125 237.52842712402344 1.1258197 1.6870469 0.60208493 2.2707744 1.5890367 18.143894 -0.23242847621440887 0.3457567095756531
Pedestrian 0.0 0 -3.5631465911865234 974.56201171875 81.92330169677734 1117.2591552734375 294.77960205078125 0.9291195 1.7731885 0.54453 3.7382565 1.016053 6.330411 -3.02972412109375 0.23046836256980896
Cyclist 0.0 0 -2.489014148712158 693.4220581054688 159.83216857910156 769.4327392578125 242.36659240722656 1.730386 1.792244 0.55131173 2.7016017 1.5098314 16.48422 -2.326568126678467 0.7279286980628967
Cyclist 0.0 0 -2.154850721359253 693.653564453125 164.33544921875 745.2301025390625 234.0780487060547 1.6544003 1.7610369 0.5170258 2.8226633 1.5462968 19.075312 -2.0079421997070312 0.32937055826187134
Cyclist 0.0 0 -1.5197234153747559 1054.0589599609375 147.41925048828125 1079.443115234375 219.20372009277344 1.7475439 1.7189112 0.45317054 11.433332 1.1102226 18.119532 -0.956824779510498 0.3080669939517975
Cyclist 0.0 0 -0.35693472623825073 677.0833740234375 168.84947204589844 727.830078125 237.52842712402344 1.1258197 1.6870469 0.60208493 2.2707744 1.5890367 18.143894 -0.23242847621440887 0.28645870089530945
Cyclist 0.0 0 -1.4562433958053589 666.1730346679688 172.08712768554688 691.2933959960938 235.94383239746094 1.2274978 1.707366 0.55762446 1.862225 1.68722 19.947384 -1.3631563186645508 0.275788277387619
Cyclist 0.0 0 0.4366253912448883 242.109130859375 186.4652557373047 269.3050537109375 225.94496154785156 0.84655064 1.7033437 0.72858274 -15.628733 2.3098793 31.757994 -0.02069806680083275 0.10116376727819443
Car 0.0 0 2.1797142028808594 0.0 200.76779174804688 165.83285522460938 281.59375 3.8563921 1.514513 1.5964336 -12.347062 2.240616 16.809637 1.5461924076080322 0.9651095867156982
Car 0.0 0 -1.31502366065979 305.0049743652344 178.30397033691406 500.76446533203125 318.6590881347656 4.11884 1.624446 1.7032923 -2.8087761 1.7202517 10.571151 -1.5747251510620117 0.9560999870300293
Car 0.0 0 -1.6198865175247192 589.1087646484375 176.4600067138672 617.4738159179688 203.33636474609375 4.0890427 1.6481371 1.6364292 -0.50640273 1.8933173 46.894676 -1.6306848526000977 0.7414620518684387
Car 0.0 0 1.743753433227539 458.6030578613281 185.3842315673828 488.9908142089844 206.11474609375 3.9104867 1.449542 1.6202843 -10.328435 2.4356024 54.791824 1.557436466217041 0.2761257588863373
Car 0.0 0 2.215247631072998 49.90812301635742 164.55374145507812 130.76190185546875 195.79165649414062 4.2132425 1.770204 1.7251848 -30.895483 1.3001996 43.01039 1.5923278331756592 0.2639283835887909
