Pedestrian 0.0 0 1.8330003023147583 521.02197265625 162.2455291748047 538.0008544921875 200.0021514892578 0.8741929 1.8911006 0.65356636 -3.9982877 0.7417348 36.483078 1.723842978477478 0.3156929314136505
Car 0.0 0 -1.3239860534667969 378.1876525878906 184.52972412109375 475.7271423339844 245.2402801513672 3.6400433 1.401877 1.5730103 -4.5557156 1.3871683 18.418854 -1.5664594173431396 0.9580951929092407
Car 0.0 0 -1.1023105382919312 75.6103515625 189.32606506347656 364.3809814453125 331.1062316894531 3.9428608 1.4001688 1.5576308 -4.6130176 1.4651183 9.183572 -1.5678060054779053 0.9542526602745056
Car 0.0 0 -1.3887262344360352 428.606201171875 180.40725708007812 491.87445068359375 225.23159790039062 3.890335 1.5362017 1.6123518 -5.4106326 1.37254 26.592422 -1.589451551437378 0.9232997894287109
Car 0.0 0 -1.265384316444397 320.660888671875 182.05166625976562 400.03656005859375 225.1293182373047 4.149169 1.4698173 1.6001755 -9.085405 1.362991 26.616552 -1.5943272113800049 0.9075903296470642
Car 0.0 0 -1.5496941804885864 574.2490234375 176.40420532226562 610.3161010742188 209.45791625976562 3.7610576 1.5157021 1.6538832 -0.7441343 1.112776 34.84063 -1.5710492134094238 0.8924570679664612
Car 0.0 0 -0.9622888565063477 6.047526836395264 177.63746643066406 203.3803253173828 251.95150756835938 4.395118 1.6050234 1.7711985 -12.152411 1.4424808 17.726135 -1.563260793685913 0.7574461102485657
Car 0.0 0 -1.3980737924575806 411.03399658203125 169.69187927246094 454.5147705078125 200.19805908203125 3.4609363 1.4854311 1.5914981 -8.930665 0.73066413 36.778164 -1.6362884044647217 0.535996675491333
Car 0.0 0 2.0543079376220703 124.57383728027344 188.0390167236328 291.01904296875 264.3748779296875 3.892831 1.4285268 1.4867312 -8.4756365 1.4984394 15.551194 1.5552998781204224 0.3038500249385834
Car 0.0 0 1.911966323852539 315.25164794921875 181.3064422607422 376.5958557128906 215.02928161621094 3.795717 1.4976552 1.5296668 -12.273564 1.3251734 33.824226 1.5638784170150757 0.28069186210632324
