Pedestrian 0.0 0 2.5350122451782227 991.0901489257812 117.55711364746094 1064.0277099609375 247.05535888671875 0.77668697 1.7456182 0.39627916 5.77429 0.89882797 9.751492 3.0696356296539307 0.5399375557899475
Pedestrian 0.0 0 -2.5546746253967285 984.681884765625 148.9132843017578 1034.4820556640625 223.8990478515625 0.9486316 1.8652326 0.5748448 10.332866 1.0811248 18.135391 -2.036785364151001 0.3585129678249359
Pedestrian 0.0 0 -1.265273094177246 788.2468872070312 164.6089324951172 806.65380859375 196.50465393066406 0.7641298 1.6810172 0.75476414 10.27599 0.8449137 37.784435 -0.9997320175170898 0.3067019581794739
Pedestrian 0.0 0 -0.3338831961154938 508.224609375 165.03233337402344 521.20263671875 186.38636779785156 0.98573095 1.8252162 0.5414763 -7.7576537 0.5043274 60.891037 -0.4606027603149414 0.28097712993621826
Pedestrian 0.0 0 0.058876439929008484 769.8438110351562 158.15843200683594 798.1531372070312 190.37306213378906 1.5465165 1.8258556 0.51449686 10.258895 0.56096965 40.547733 0.3066840171813965 0.16230429708957672
Pedestrian 0.0 0 1.8688842058181763 308.3715515136719 172.56936645507812 340.2571105957031 219.8716583251953 1.8876266 1.7541277 0.614792 -10.795373 1.4615483 27.180138 1.4908123016357422 0.14682313799858093
Cyclist 0.0 0 1.8725074529647827 307.8702697753906 172.90663146972656 340.15179443359375 220.73196411132812 1.890739 1.7737018 0.6224616 -10.808214 1.4936008 27.18386 1.4940745830535889 0.3953631520271301
Cyclist 0.0 0 1.0516908168792725 875.2344360351562 158.83267211914062 907.0518188476562 196.65863037109375 1.8794688 1.742575 0.53356016 13.536488 0.74585575 33.53468 1.4353452920913696 0.38734111189842224
Cyclist 0.0 0 0.058876439929008484 769.8438110351562 158.15843200683594 798.1531372070312 190.37306213378906 1.5465165 1.8258556 0.51449686 10.258895 0.56096965 40.547733 0.3066840171813965 0.2267981320619583
Cyclist 0.0 0 -2.50913667678833 981.1494750976562 149.07374572753906 1037.4354248046875 223.72915649414062 1.1253625 1.8504769 0.58517563 10.3306265 1.0731133 18.153706 -1.991774559020996 0.12857714295387268
Car 0.0 0 1.1066615581512451 459.640625 170.88916015625 527.8749389648438 205.52598571777344 3.6799197 1.4731678 1.5626355 -5.107232 1.0658803 32.017597 0.9484808444976807 0.9342367649078369
Car 0.0 0 -0.8207019567489624 0.0 202.44349670410156 295.8968505859375 370.0 3.9799643 1.458203 1.6151838 -3.203033 1.627179 3.3888836 -1.5779138803482056 0.8379510641098022
Car 0.0 0 -0.4892651438713074 1169.1549072265625 141.81997680664062 1224.0 195.52940368652344 4.2054296 1.6040645 1.6632397 20.778704 0.45042494 22.451101 0.25746607780456543 0.7115308046340942
Car 0.0 0 2.0661537647247314 78.03170776367188 185.9853515625 230.47251892089844 249.85336303710938 4.6851277 1.6465079 1.7932253 -13.184318 1.8298187 21.029234 1.5061521530151367 0.6343396306037903
Car 0.0 0 3.5585405826568604 223.68206787109375 181.6300506591797 334.3002624511719 221.9818572998047 3.4274795 1.4703219 1.611919 -12.243821 1.515728 26.634174 3.1276466846466064 0.3623547852039337
