Car 0.0 0 -1.8777416944503784 722.8380737304688 175.2453155517578 903.3094482421875 297.299072265625 3.3596153 1.4838604 1.5354823 2.713967 1.5249125 10.556362 -1.6260985136032104 0.9656380414962769
Car 0.0 0 -1.716191053390503 661.9930419921875 178.42141723632812 722.8167724609375 225.70913696289062 3.4391978 1.4558005 1.5421734 2.6671379 1.6576823 24.36828 -1.6071738004684448 0.9621080756187439
Car 0.0 0 0.6342039108276367 0.0 179.5126953125 320.9986877441406 308.3718566894531 4.0138445 1.4719113 1.6270332 -6.0901494 1.5661224 9.250541 0.051976919174194336 0.9538196325302124
Car 0.0 0 -0.17671120166778564 709.4822387695312 173.85630798339844 817.8502197265625 215.90846252441406 4.094993 1.665059 1.7217845 6.178951 1.7077225 29.53151 0.02954578399658203 0.9224578142166138
Car 0.0 0 0.48914462327957153 84.56609344482422 182.84585571289062 372.9363098144531 283.923583984375 4.006161 1.5539193 1.5309385 -6.26053 1.7317468 12.0288105 0.009262323379516602 0.8876233696937561
Car 0.0 0 3.5533242225646973 145.3565216064453 142.72222900390625 370.04107666015625 232.01806640625 3.6462803 1.6585692 1.645727 -6.8909717 1.0992634 14.289817 3.1039938926696777 0.8800384402275085
Car 0.0 0 0.2736038565635681 292.11041259765625 180.39434814453125 460.4858093261719 240.5225830078125 4.101922 1.5522205 1.5749598 -6.3298836 1.7675401 19.70368 -0.03723606467247009 0.8599761128425598
Car 0.0 0 0.30223459005355835 341.5481872558594 175.10235595703125 490.1332092285156 229.41873168945312 4.088454 1.583446 1.5676486 -5.8867536 1.6549678 21.969212 0.04043006896972656 0.6884827017784119
Car 0.0 0 2.3538694381713867 0.0 72.51509094238281 142.5546417236328 375.0 4.171714 1.5155481 1.6478252 -4.243019 1.3447279 3.3937047 1.4577118158340454 0.6476022601127625
Car 0.0 0 -1.6835217475891113 628.8556518554688 175.43678283691406 653.6209106445312 195.89706420898438 3.6590126 1.5837181 1.5890349 2.465312 1.7991598 58.203243 -1.6411900520324707 0.6155876517295837
Car 0.0 0 3.455946683883667 201.99453735351562 178.22406005859375 397.9248352050781 247.44651794433594 3.9120507 1.5103444 1.5497986 -7.154305 1.6429964 16.829653 3.053990364074707 0.5887901782989502
