Pedestrian 0.0 0 -0.2948792278766632 511.0791931152344 162.23678588867188 531.51708984375 197.31478881835938 0.9492718 1.8265163 0.55098546 -4.7108297 1.274035 38.01232 -0.41817957162857056 0.5018081665039062
Cyclist 0.0 0 -1.6694151163101196 313.98541259765625 172.75527954101562 328.4624328613281 216.782470703125 1.5662904 1.6159227 0.35212842 -10.958726 1.6126574 27.255491 -2.051708221435547 0.4161474108695984
Cyclist 0.0 0 2.8471293449401855 510.1630859375 161.63180541992188 530.7774658203125 196.99618530273438 0.9598338 1.8410461 0.5471606 -4.753507 1.257184 38.005157 2.7227001190185547 0.11765851825475693
Car 0.0 0 1.1060453653335571 463.03460693359375 163.17135620117188 521.083984375 192.35968017578125 3.9591272 1.585145 1.6739229 -6.826473 1.0596627 41.27544 0.9421408176422119 0.7783246636390686
Car 0.0 0 -1.9826163053512573 504.39825439453125 161.30252075195312 556.818359375 188.26416015625 4.079864 1.5461359 1.6420374 -4.8748703 0.88406557 43.551613 -2.094085454940796 0.7276310920715332
Car 0.0 0 0.8431432843208313 692.621826171875 158.1993865966797 757.8458251953125 183.79515075683594 4.4246354 1.606385 1.7432493 7.510956 0.6870225 47.613167 0.9996035099029541 0.4842686951160431
Car 0.0 0 -2.1554887294769287 551.722900390625 159.1995849609375 613.6248779296875 186.37779235839844 4.2487173 1.5797138 1.720589 -1.7578584 0.78641814 44.162544 -2.1952719688415527 0.3878263533115387
Car 0.0 0 -2.5203840732574463 761.4249267578125 157.49551391601562 822.9635009765625 179.6237030029297 4.0602403 1.5207115 1.6644865 12.976416 0.4655899 51.66986 -2.27433180809021 0.2826300859451294
Car 0.0 0 0.9088260531425476 825.7346801757812 161.41465759277344 878.1788330078125 183.85372924804688 4.1438932 1.6777456 1.6727326 18.753002 0.8227955 56.178112 1.231008529663086 0.2411832958459854
Car 0.0 0 -0.6847454309463501 924.3462524414062 157.69122314453125 988.9548950195312 178.84368896484375 4.6975527 1.6649195 1.6692237 27.904163 0.4718087 58.15329 -0.23735709488391876 0.19218260049819946
