Pedestrian 0.0 0 0.22747327387332916 593.9374389648438 160.05807495117188 622.4595336914062 219.8802490234375 0.63696975 1.5821067 0.6689793 -0.09152892 1.2440529 19.476225 0.22277379035949707 0.38507208228111267
Pedestrian 0.0 0 -1.480978012084961 681.7190551757812 163.51202392578125 698.2022094726562 208.01983642578125 0.686639 1.692474 0.57386124 3.04454 1.3375895 27.82799 -1.3720057010650635 0.2431192249059677
Pedestrian 0.0 0 -0.6821799874305725 665.3132934570312 162.7701873779297 684.8682861328125 200.25631713867188 0.70118666 1.7679927 0.61275834 3.0709596 1.2927585 34.47784 -0.5933439135551453 0.1434260755777359
Pedestrian 0.0 0 1.9658260345458984 179.27481079101562 161.15640258789062 261.3866271972656 284.30645751953125 1.5683284 1.7146063 0.5252351 -5.8682647 1.5520995 10.849763 1.4700227975845337 0.13210658729076385
Pedestrian 0.0 0 1.6013972759246826 753.33154296875 145.16107177734375 792.8201293945312 236.58106994628906 0.7349604 1.699975 0.7202966 3.0889595 1.1853769 13.859539 1.8206892013549805 0.11058323830366135
Cyclist 0.0 0 1.9627208709716797 171.3109130859375 116.60041046142578 257.649169921875 243.85858154296875 1.6570035 1.7338743 0.5294917 -5.8585405 0.9677851 10.680621 1.4610141515731812 0.31049472093582153
Cyclist 0.0 0 -1.6340724229812622 691.6958618164062 153.88595581054688 710.8173217773438 205.35675048828125 1.6777867 1.7061967 0.5416169 3.0769875 1.0777861 24.769081 -1.5104786157608032 0.12961702048778534
Car 0.0 0 -1.6346248388290405 617.725830078125 163.55169677734375 685.5636596679688 223.1585235595703 3.9730139 1.4605259 1.566739 0.9949351 1.2329528 19.673595 -1.58409583568573 0.9296968579292297
Car 0.0 0 2.295778751373291 0.0 201.84649658203125 261.523681640625 375.0 4.1041255 1.4633212 1.6283324 -3.6943414 1.7042214 3.9061623 1.5382426977157593 0.8785836100578308
Car 0.0 0 0.867790937423706 1000.7573852539062 87.39376068115234 1242.0 375.0 3.822737 1.5522233 1.602981 3.7504132 1.3303362 3.8370545 1.641770601272583 0.14303092658519745
Car 0.0 0 -1.531934380531311 611.026123046875 162.98715209960938 645.0933227539062 196.8251953125 3.7313037 1.6533006 1.6121922 0.93586123 1.1715717 37.164463 -1.5067580938339233 0.12955278158187866
Car 0.0 0 0.8317235708236694 1088.8531494140625 197.408203125 1242.0 375.0 3.7701182 1.4458381 1.5629864 6.5984144 1.7489258 6.9949355 1.5879597663879395 0.12530599534511566
Car 0.0 0 0.9577556848526001 562.3012084960938 168.35430908203125 608.0908203125 191.92100524902344 3.7413063 1.727575 1.6189797 -1.9444675 1.3980796 54.86997 0.922332763671875 0.12461822479963303
Car 0.0 0 -2.614771842956543 420.4475402832031 158.2769775390625 512.0629272460938 191.66629028320312 4.3512444 1.6427848 1.6819185 -7.402491 0.9259395 36.996983 -2.8122477531433105 0.11623436212539673
Car 0.0 0 1.9282413721084595 545.0031127929688 164.91497802734375 581.0523071289062 184.99020385742188 4.179369 1.6059679 1.6310495 -3.8823633 0.97122335 59.95454 1.8635765314102173 0.1137739047408104
