Pedestrian 0.0 0 -2.1711580753326416 1151.8289794921875 124.08552551269531 1191.9755859375 203.64334106445312 0.5409222 1.7989744 0.5121141 12.870239 0.6965718 16.597923 -1.5115902423858643 0.2570977509021759
Pedestrian 0.0 0 3.503343105316162 219.2550811767578 181.13597106933594 254.08816528320312 226.90084838867188 1.0931023 1.8032937 0.6185613 -15.004947 2.140043 28.933338 3.024923324584961 0.23047055304050446
Pedestrian 0.0 0 -2.022958755493164 800.3756713867188 155.00640869140625 827.4133911132812 201.04156494140625 0.9419793 1.7700379 0.67410326 7.937415 1.0841613 28.26348 -1.7491745948791504 0.17187857627868652
Cyclist 0.0 0 0.06121399998664856 255.25637817382812 181.84109497070312 300.5447998046875 223.31312561035156 1.8245156 1.8214561 0.59453875 -15.00757 2.2349424 32.55814 -0.37070590257644653 0.7647414207458496
Cyclist 0.0 0 3.433363914489746 218.02719116210938 181.2528839111328 252.80516052246094 227.04347229003906 1.1015927 1.7988634 0.63443303 -15.041735 2.1405897 28.909195 2.9536008834838867 0.1475878357887268
Car 0.0 0 -1.5557125806808472 592.361328125 173.18934631347656 623.0516357421875 203.4309539794922 4.0544696 1.61934 1.6458658 -0.13558127 1.6395686 40.715202 -1.5590425729751587 0.8607190251350403
Car 0.0 0 1.8509180545806885 386.8690185546875 173.61448669433594 460.890625 215.6346435546875 4.040074 1.4607487 1.6446028 -6.957235 1.491929 27.197624 1.6004852056503296 0.7392390370368958
Car 0.0 0 2.316746234893799 998.0486450195312 157.78158569335938 1066.5791015625 180.25146484375 4.6176295 1.6065395 1.6553795 31.018562 0.52925706 53.05006 2.8458423614501953 0.3393280506134033
Car 0.0 0 1.8633393049240112 326.01922607421875 167.34396362304688 424.72705078125 224.30392456054688 4.350016 1.5731725 1.6814911 -7.0886936 1.4213493 22.114859 1.5531467199325562 0.23555652797222137
Car 0.0 0 1.336294412612915 780.2565307617188 170.58644104003906 835.6787719726562 204.07264709472656 3.9111655 1.4932873 1.6535546 9.256325 1.3925253 34.153217 1.6009598970413208 0.17671605944633484
Car 0.0 0 -1.8965816497802734 303.9626770019531 183.69349670410156 359.5023498535156 215.9380340576172 3.9159825 1.6374795 1.7082558 -15.525964 2.2706223 40.068394 -2.266254186630249 0.16229590773582458
