Pedestrian 0.0 0 0.09544616937637329 811.2711791992188 163.76812744140625 832.57177734375 204.66705322265625 0.83996016 1.7771506 0.6960218 9.311208 1.3827071 31.82867 0.38004636764526367 0.1940428912639618
Car 0.0 0 1.8217060565948486 405.4381103515625 180.90406799316406 458.4015197753906 215.142333984375 3.8269882 1.5314665 1.6007756 -8.631085 1.9448502 35.09605 1.5805639028549194 0.9557041525840759
Car 0.0 0 2.2505664825439453 0.0 199.31590270996094 156.05474853515625 334.9543762207031 3.7318347 1.4783401 1.5441822 -8.573084 1.9311224 10.462478 1.5641002655029297 0.8811140060424805
Car 0.0 0 -1.5792067050933838 598.4287719726562 175.6067657470703 625.43798828125 201.9092254638672 4.1835713 1.5589815 1.6175894 0.06797981 1.7401779 45.300087 -1.5777060985565186 0.7805076837539673
Car 0.0 0 2.2535855770111084 0.0 195.59828186035156 134.17242431640625 276.9633483886719 3.4961102 1.4023885 1.400792 -11.93369 1.9366815 15.176426 1.5872353315353394 0.41387253999710083
Car 0.0 0 1.8228189945220947 378.0440979003906 172.9916534423828 455.08758544921875 220.52110290527344 4.0455923 1.5008544 1.5959699 -6.5915475 1.506336 24.822021 1.5632572174072266 0.36075717210769653
Car 0.0 0 1.9152960777282715 235.3529052734375 186.7894287109375 381.6352844238281 268.6045227050781 4.2798924 1.4994018 1.6409352 -6.572572 1.853373 16.133606 1.5284404754638672 0.21808785200119019
Car 0.0 0 1.8200337886810303 425.6046447753906 167.6040496826172 485.3180847167969 204.00958251953125 4.1346126 1.5178813 1.632602 -6.848676 1.2993495 32.178776 1.6103307008743286 0.19240020215511322
Car 0.0 0 1.7367300987243652 420.5489196777344 176.7177276611328 444.3819885253906 193.24171447753906 3.8851054 1.4996632 1.5759357 -16.818432 1.8770593 68.41146 1.4956684112548828 0.1819455325603485
Car 0.0 0 1.6515157222747803 470.51422119140625 170.7006072998047 507.94244384765625 204.1304473876953 4.0112805 1.7314917 1.7008446 -6.583948 1.6203148 39.439545 1.4861032962799072 0.16175568103790283
