Pedestrian 0.0 0 2.458770990371704 940.943115234375 170.77073669433594 1094.8338623046875 374.0 0.7723319 1.6497403 0.68829656 3.155259 1.5737965 5.579667 2.973430633544922 0.7461026906967163
Pedestrian 0.0 0 -1.4086960554122925 154.1803436279297 169.50949096679688 181.29278564453125 231.06077575683594 0.77331847 1.8684379 0.6045279 -13.46832 1.5055758 22.274439 -1.9525302648544312 0.6088427901268005
Pedestrian 0.0 0 1.6758004426956177 708.6047973632812 161.20736694335938 728.7380981445312 210.7974853515625 0.6278351 1.8557936 0.69345784 4.434527 1.097422 27.273457 1.8369848728179932 0.4196353554725647
Pedestrian 0.0 0 -1.3941650390625 754.5320434570312 157.1924285888672 771.1932373046875 198.51995849609375 0.5135816 1.8759211 0.6667005 7.399147 0.77349794 32.969532 -1.1733990907669067 0.3314533233642578
Pedestrian 0.0 0 -1.6431190967559814 657.7927856445312 158.22726440429688 671.3286743164062 194.33282470703125 0.6502296 1.8295293 0.64303684 3.2182848 0.65113163 36.726574 -1.5557141304016113 0.21655696630477905
Pedestrian 0.0 0 2.4325454235076904 1138.354736328125 85.83697509765625 1238.0 286.144287109375 0.71867937 1.8245647 0.62810755 5.6756945 0.95456517 6.8610144 3.12367582321167 0.20730291306972504
Pedestrian 0.0 0 -2.3918521404266357 1126.6617431640625 147.5775146484375 1162.70947265625 204.57955932617188 0.7162852 1.7896898 0.57795644 17.32714 0.725734 22.953766 -1.7452406883239746 0.2044164389371872
Pedestrian 0.0 0 -2.0940639972686768 959.0689086914062 160.6448974609375 981.5048828125 201.47113037109375 0.5838992 1.828273 0.7040181 16.659727 0.8952865 32.474667 -1.6200650930404663 0.18894098699092865
Pedestrian 0.0 0 0.3351767659187317 573.1557006835938 127.23158264160156 621.0942993164062 217.6532440185547 0.8746713 1.8730797 0.5966674 -0.124566786 0.7501492 15.300666 0.32703566551208496 0.15084882080554962
Pedestrian 0.0 0 -1.886488914489746 836.3123168945312 156.65640258789062 853.4364013671875 194.77865600585938 0.66835964 1.8217492 0.6038932 11.73427 0.63545406 34.66189 -1.5600639581680298 0.14547820389270782
Pedestrian 0.0 0 -0.860602855682373 993.1157836914062 165.09344482421875 1026.350341796875 218.16986083984375 0.70648783 1.6410612 0.5914691 12.81963 1.1349016 22.605175 -0.3447180688381195 0.12574775516986847
Cyclist 0.0 0 1.330365777015686 959.1957397460938 166.0590057373047 1082.9930419921875 374.0 0.781523 1.6086267 0.64937043 3.1483219 1.5007997 5.543388 1.846879482269287 0.22855089604854584
Cyclist 0.0 0 2.5180201530456543 707.7947998046875 163.38418579101562 751.479736328125 212.7982177734375 1.4714967 1.7792132 0.67017233 4.7061296 1.1279811 26.482487 2.6938912868499756 0.15285103023052216
Car 0.0 0 -0.9770463705062866 996.4034423828125 176.9415740966797 1208.2471923828125 277.4455871582031 3.0921931 1.5275756 1.46933 8.4214325 1.4595953 12.161131 -0.371380090713501 0.8218966722488403
Car 0.0 0 2.0995218753814697 1036.33837890625 169.35748291015625 1163.3577880859375 223.2652130126953 3.327044 1.4254853 1.4860781 14.107129 1.105567 20.36882 2.7052536010742188 0.29423975944519043
