Pedestrian 0.0 0 -1.8908703327178955 820.6461181640625 156.7982940673828 839.760498046875 196.8753662109375 0.758132 1.8907961 0.66664743 10.463437 1.133662 34.425972 -1.595802664756775 0.18763180077075958
Pedestrian 0.0 0 1.0050089359283447 1104.1241455078125 170.36111450195312 1160.3946533203125 268.3976135253906 0.5802908 1.7465737 0.6155487 9.4630375 1.7025192 13.15924 1.6284503936767578 0.1828126758337021
Pedestrian 0.0 0 -0.01622718572616577 0.0 191.08721923828125 17.252429962158203 233.8329315185547 0.61990064 1.797989 0.62969244 -26.055542 2.5970669 31.16388 -0.7125850915908813 0.18280328810214996
Pedestrian 0.0 0 1.8656102418899536 220.42750549316406 180.1163330078125 262.40106201171875 254.7994842529297 0.98366076 1.774123 0.666242 -9.120563 1.9590002 17.78657 1.3917925357818604 0.16693580150604248
Pedestrian 0.0 0 1.5847837924957275 301.2524719238281 166.3115997314453 335.7034912109375 240.66909790039062 1.1221629 1.830937 0.7931319 -7.4857965 1.6701984 18.430801 1.1989810466766357 0.1584779918193817
Pedestrian 0.0 0 1.5905163288116455 367.46649169921875 157.3599395751953 402.72314453125 232.6973419189453 1.0849607 1.8930987 0.8516485 -5.886592 1.504118 18.768372 1.2865893840789795 0.15794400870800018
Cyclist 0.0 0 -2.102445363998413 834.5792846679688 138.80946350097656 876.3179321289062 193.8976287841797 1.6909928 1.6931021 0.46525583 7.773118 0.64712167 23.048508 -1.7771735191345215 0.18027043342590332
Cyclist 0.0 0 0.22657093405723572 620.9024047851562 156.84384155273438 654.607177734375 190.91384887695312 1.7482545 1.8284634 0.56803405 1.4740459 0.9695902 39.223007 0.26413440704345703 0.16250333189964294
Car 0.0 0 -1.0153858661651611 940.0714111328125 185.2100372314453 1133.784423828125 269.4469299316406 3.7556918 1.4467995 1.5989081 8.51227 1.7214093 14.4328165 -0.48251068592071533 0.9628903269767761
Car 0.0 0 2.569175958633423 655.0592041015625 159.01837158203125 721.2763671875 181.9801025390625 4.409133 1.5504675 1.6565722 5.447818 0.6165882 50.44705 2.6767499446868896 0.2656441628932953
Car 0.0 0 -3.1102185249328613 598.4100952148438 155.70596313476562 668.3630981445312 183.20057678222656 3.9443643 1.5456777 1.6187655 1.329005 0.58201605 41.492992 -3.078199863433838 0.12493839859962463
Car 0.0 0 -1.8550255298614502 830.0372924804688 141.05740356445312 898.8917846679688 183.6863555908203 3.8424428 1.7053367 1.7525891 10.737368 0.4336976 30.825155 -1.5198379755020142 0.12389809638261795
Car 0.0 0 -0.4394957423210144 652.9127197265625 159.4510040283203 724.384033203125 185.31497192382812 4.3166795 1.6285009 1.6797516 5.079478 0.7849516 46.92512 -0.3316691219806671 0.12021397054195404
