Pedestrian 0.0 0 1.7270042896270752 1003.0611572265625 146.02792358398438 1023.6942138671875 193.6068878173828 0.49235535 1.9640276 0.68565977 16.836058 0.857024 30.187107 2.235757827758789 0.33528923988342285
Pedestrian 0.0 0 -1.638037085533142 918.62109375 187.09722900390625 938.5264892578125 235.06101989746094 0.8173693 1.6269584 0.5816832 11.095163 2.1351967 25.242414 -1.2239118814468384 0.3146330416202545
Pedestrian 0.0 0 -1.1306226253509521 815.8504638671875 161.45945739746094 839.8923950195312 206.50872802734375 0.670288 1.8007504 0.7189306 8.81499 1.3456355 29.328758 -0.8386540412902832 0.2966466248035431
Pedestrian 0.0 0 2.831447124481201 677.6106567382812 179.81182861328125 702.5496826171875 224.52154541015625 0.8006506 1.6880323 0.62213075 3.0326707 1.959662 27.74377 2.9403247833251953 0.29281842708587646
Pedestrian 0.0 0 2.5421981811523438 476.85040283203125 152.257080078125 500.04443359375 198.41455078125 0.7077877 1.909053 0.66787 -5.15048 1.0575316 30.32578 2.373965263366699 0.23461078107357025
Car 0.0 0 1.3255982398986816 321.0889587402344 185.95635986328125 407.2122497558594 237.24961853027344 4.034231 1.3935788 1.6306152 -7.8985333 1.8472468 22.825956 0.9924619197845459 0.8788169026374817
Car 0.0 0 1.5291800498962402 254.2852325439453 183.31430053710938 309.5398254394531 232.0064239501953 3.3273566 1.3606318 1.4364281 -10.433701 1.7169843 22.744915 1.099092721939087 0.8726652264595032
Car 0.0 0 -2.245526075363159 0.0 174.36752319335938 253.8257598876953 294.5263366699219 4.4394655 1.9612037 1.7751296 -9.103847 1.9926229 13.308393 -2.8454792499542236 0.8174547553062439
Car 0.0 0 -2.672691822052002 383.5777282714844 152.4545135498047 488.1475524902344 187.2467498779297 4.289377 1.4969698 1.6085442 -7.8191624 0.61962 32.317024 -2.910081386566162 0.5082141160964966
Car 0.0 0 -3.598243236541748 949.5449829101562 176.27114868164062 1087.8353271484375 219.0253448486328 4.103164 1.4898511 1.5471739 14.694452 1.6183408 26.167355 -3.0865707397460938 0.2255626916885376
Car 0.0 0 -3.1051390171051025 665.7398071289062 165.7191162109375 756.6703491210938 207.5728759765625 3.4543715 1.5873095 1.5727115 3.9550934 1.3170761 28.436193 -2.9669389724731445 0.2075033336877823
