Pedestrian 0.0 0 0.9695213437080383 621.6070556640625 151.00323486328125 668.587646484375 237.09500122070312 0.9207272 1.8880627 0.65817255 0.94851094 1.2204657 16.315256 1.027592420578003 0.7647075653076172
Pedestrian 0.0 0 -1.753231167793274 0.0 172.71426391601562 110.95587158203125 374.0 0.7605902 1.57937 0.6248275 -4.237687 1.5203255 5.425928 -2.416283130645752 0.7327461242675781
Pedestrian 0.0 0 0.09489361941814423 496.1158752441406 165.89212036132812 537.1116943359375 234.096923828125 1.0902188 1.8750888 0.54222244 -2.3879368 1.4471506 20.029867 -0.023765133693814278 0.5796436667442322
Pedestrian 0.0 0 1.0132431983947754 324.4081726074219 162.43006896972656 354.2737731933594 218.61441040039062 0.74880487 1.8037868 0.6160576 -8.612344 1.1926484 23.532524 0.6624071598052979 0.4655132293701172
Pedestrian 0.0 0 -2.4167304039001465 555.6812133789062 191.13845825195312 630.4466552734375 310.1611022949219 0.749559 1.6199573 0.78823894 -0.16303809 1.7681996 10.405296 -2.4323978424072266 0.35459110140800476
Pedestrian 0.0 0 -2.7681100368499756 455.9640808105469 163.40830993652344 483.6262512207031 211.42733764648438 0.8312365 1.7299417 0.60675824 -4.8288884 1.0792173 26.253212 -2.950011968612671 0.34460604190826416
Pedestrian 0.0 0 -1.659040927886963 423.2286376953125 164.29986572265625 437.3181457519531 197.58335876464844 0.7799426 1.9201149 0.7333267 -9.991275 0.9286289 41.923923 -1.892996072769165 0.3110898733139038
Pedestrian 0.0 0 1.850179672241211 553.4410400390625 157.29336547851562 600.942138671875 249.9248504638672 0.4560289 1.6874131 0.7916289 -0.48839632 1.2477225 13.399411 1.813746690750122 0.28990334272384644
Pedestrian 0.0 0 1.6498534679412842 609.8618774414062 146.2401580810547 629.6808471679688 197.10731506347656 0.84043324 1.7793689 0.64278406 0.6357213 0.54701734 25.576534 1.6747039556503296 0.28669944405555725
Pedestrian 0.0 0 0.02869974821805954 638.8711547851562 142.5535888671875 671.55224609375 220.58738708496094 0.78127706 1.8703494 0.59111446 1.285501 0.9380616 17.548498 0.10182332992553711 0.27624934911727905
Pedestrian 0.0 0 3.7471742630004883 56.563446044921875 179.6065216064453 130.91111755371094 303.4866943359375 0.55978364 1.499299 0.52333367 -6.3649282 1.4777243 8.956342 3.129328727722168 0.2651970088481903
Pedestrian 0.0 0 -3.029118061065674 515.269775390625 175.343017578125 548.435791015625 242.2431640625 0.808795 1.7262155 0.55802995 -1.8490736 1.5685228 18.817345 -3.127068042755127 0.22505538165569305
Pedestrian 0.0 0 -2.9316766262054443 561.215087890625 160.44863891601562 590.6356201171875 228.5868377685547 0.6746632 1.8063129 0.6556324 -0.71584237 1.2494168 19.42113 -2.9685189723968506 0.18981538712978363
Cyclist 0.0 0 1.7594255208969116 303.2328796386719 158.12876892089844 377.00177001953125 304.34698486328125 1.606263 1.6288196 0.56494886 -3.219702 1.3698257 8.837376 1.4100439548492432 0.8852204084396362
Cyclist 0.0 0 -2.9317879676818848 493.56195068359375 166.89674377441406 539.1978149414062 234.49462890625 1.1837599 1.8575816 0.51939875 -2.3983371 1.4574403 20.04941 -3.0508434772491455 0.17214930057525635
Car 0.0 0 1.919309377670288 56.103614807128906 187.1884765625 328.1795959472656 335.7361755371094 4.3204947 1.4402866 1.6089045 -4.968642 1.5337393 9.384779 1.4323910474777222 0.9613198637962341
