Pedestrian 0.0 0 2.8353965282440186 424.09521484375 171.62290954589844 457.7559814453125 228.726806640625 0.9399013 1.8553293 0.6346809 -5.6595488 1.8156886 23.953688 2.6033809185028076 0.5341771841049194
Pedestrian 0.0 0 1.4396004676818848 381.7532043457031 180.541259765625 402.5246276855469 228.58656311035156 0.56471604 1.6922737 0.6453391 -7.875025 1.9730474 25.927013 1.1447176933288574 0.3318033516407013
Pedestrian 0.0 0 1.928648829460144 959.9297485351562 141.25074768066406 1041.769287109375 275.26055908203125 1.0689807 1.5853838 0.573054 4.885017 1.2118638 9.101221 2.4212570190429688 0.21498869359493256
Pedestrian 0.0 0 -1.5632907152175903 0.0 172.09231567382812 13.052165031433105 212.9918670654297 0.48380533 1.744045 0.7730755 -26.356823 1.7119229 31.198349 -2.2647666931152344 0.19590874016284943
Cyclist 0.0 0 1.6077661514282227 967.6019287109375 125.23314666748047 1020.4036865234375 263.1315002441406 1.4251733 1.5633548 0.52938974 4.715707 1.0238346 8.92688 2.0937647819519043 0.3243412673473358
Cyclist 0.0 0 -2.269639730453491 796.8403930664062 150.82826232910156 861.3856811523438 225.3704833984375 1.6842045 1.6214384 0.42852727 4.9461675 1.1426936 16.550037 -1.9792277812957764 0.218984454870224
Car 0.0 0 -1.884113073348999 202.47134399414062 185.71278381347656 314.1218566894531 252.8931427001953 3.6391592 1.609645 1.7200121 -9.812663 1.9989659 19.918613 -2.341853618621826 0.964397132396698
Car 0.0 0 -1.6288948059082031 116.08834075927734 188.38516235351562 157.68751525878906 220.0648193359375 4.0631027 1.5081937 1.6184334 -25.336985 2.383509 38.5326 -2.210556983947754 0.6713337898254395
Car 0.0 0 -1.8926174640655518 167.35472106933594 189.67532348632812 252.15521240234375 242.18890380859375 3.2436988 1.5967257 1.5868905 -13.773067 2.2119544 24.692 -2.401425361633301 0.4639216363430023
Car 0.0 0 -1.886783242225647 135.33445739746094 188.99732971191406 219.20423889160156 233.8627471923828 3.9457693 1.5552373 1.6718138 -17.063581 2.2321596 28.314543 -2.4291443824768066 0.45162808895111084
Car 0.0 0 -1.6578893661499023 202.33380126953125 169.53268432617188 243.344970703125 199.01565551757812 3.6156802 1.486762 1.6057398 -20.637863 1.319633 38.334713 -2.151751756668091 0.2868591547012329
