Pedestrian 0.0 0 0.5859986543655396 388.0680236816406 151.9561309814453 466.8006896972656 272.2074279785156 0.99116224 1.7939973 0.66024363 -2.80632 1.3698204 11.018582 0.3366110324859619 0.9202021360397339
Pedestrian 0.0 0 1.0902040004730225 647.844482421875 149.9352264404297 711.2444458007812 247.74913024902344 1.0114735 1.7546055 0.8070071 1.3449535 1.2079701 13.297502 1.1910045146942139 0.7654082179069519
Pedestrian 0.0 0 -0.583797037601471 111.24458312988281 166.1983184814453 168.1798095703125 256.8824157714844 0.7656722 1.7223033 0.5364544 -9.170373 1.4523156 13.88092 -1.1676198244094849 0.7603234052658081
Pedestrian 0.0 0 0.46144405007362366 0.0 187.29823303222656 56.08449935913086 277.6669921875 0.86538076 1.7052212 0.6088248 -11.411168 1.8432946 13.791087 -0.22980055212974548 0.7125624418258667
Pedestrian 0.0 0 0.40117931365966797 93.81741333007812 177.80564880371094 141.58277893066406 257.84271240234375 0.642742 1.6502503 0.6168192 -10.329049 1.5963204 14.94042 -0.2037171870470047 0.5730743408203125
Pedestrian 0.0 0 0.2649608254432678 396.8487548828125 170.5249481201172 453.3773498535156 278.46051025390625 0.8066164 1.7846577 0.5800342 -3.0829682 1.6213764 11.980983 0.013103008270263672 0.4610231816768646
Pedestrian 0.0 0 -0.010393783450126648 761.4091186523438 153.1133270263672 779.8378295898438 183.75119018554688 1.1023628 1.8774964 0.5189472 10.228499 0.20058931 43.69647 0.21954679489135742 0.35178300738334656
Pedestrian 0.0 0 -0.7241370677947998 1020.1851196289062 144.68670654296875 1075.6883544921875 195.80075073242188 1.7346042 1.8251374 0.61919236 16.063276 0.5478701 25.68986 -0.16533862054347992 0.1013094112277031
Cyclist 0.0 0 -1.505608320236206 942.7088623046875 147.5997772216797 964.46337890625 206.58900451660156 1.8555931 1.7224162 0.47826427 10.611619 0.76333547 21.56337 -1.0482900142669678 0.7999730110168457
Cyclist 0.0 0 -0.0022137463092803955 322.5196533203125 158.51051330566406 428.1497802734375 257.90447998046875 1.773994 1.7154171 0.5598127 -4.164946 1.337552 12.741142 -0.3181537091732025 0.6961052417755127
Cyclist 0.0 0 -0.7744684219360352 1022.35693359375 146.23814392089844 1077.068603515625 196.70108032226562 1.7639729 1.7993324 0.6040796 16.129 0.57919806 25.688236 -0.2138044536113739 0.5547945499420166
Car 0.0 0 -1.1209502220153809 7.936883449554443 191.495361328125 405.72210693359375 370.0 3.8320906 1.4306148 1.561819 -3.2148848 1.564414 6.570745 -1.5759789943695068 0.9568698406219482
Car 0.0 0 1.6621627807617188 456.7236328125 169.68260192871094 488.4488830566406 194.22637939453125 4.1249423 1.5645913 1.7142775 -8.79172 0.8763547 47.200302 1.4780091047286987 0.7535657286643982
Car 0.0 0 -3.8138427734375 1142.5794677734375 146.27854919433594 1224.0 195.07009887695312 3.8857553 1.4689552 1.551637 19.374659 0.4402194 22.147219 -3.0951192378997803 0.6109582185745239
