Car 0.0 0 -1.4107460975646973 437.3673400878906 184.63314819335938 507.2442321777344 236.42135620117188 3.4218397 1.488366 1.6111706 -4.1770673 1.4727548 22.385849 -1.5952187776565552 0.9765708446502686
Car 0.0 0 -1.1979057788848877 213.4520263671875 188.4016571044922 420.4793395996094 307.4024658203125 3.5844955 1.4703627 1.6415123 -4.1525064 1.5272073 10.770779 -1.5658799409866333 0.9674051403999329
Car 0.0 0 -1.6012722253799438 595.2632446289062 180.67153930664062 633.059814453125 213.69253540039062 3.3208258 1.4329001 1.6176659 0.21560737 1.2368436 32.86926 -1.594712734222412 0.9480468034744263
Car 0.0 0 -1.4320825338363647 487.29638671875 183.39732360839844 538.3896484375 220.4330291748047 4.025642 1.4421012 1.5720104 -3.9275098 1.3724282 30.006605 -1.5622308254241943 0.9347209334373474
Car 0.0 0 -2.3651950359344482 937.6821899414062 179.8250732421875 1241.0 376.0 3.8199272 1.50242 1.627437 3.235324 1.492669 3.3817472 -1.6019213199615479 0.850858747959137
Car 0.0 0 -0.8792635202407837 0.0 192.01461791992188 188.1188507080078 317.87371826171875 3.9179683 1.4737512 1.6027306 -8.237445 1.5940347 10.611136 -1.5393863916397095 0.8387508392333984
Car 0.0 0 -1.3755360841751099 414.26300048828125 180.54464721679688 464.88897705078125 213.15020751953125 3.8867695 1.4293537 1.5712675 -7.7975907 1.2257165 33.47789 -1.6043736934661865 0.7181282043457031
Car 0.0 0 -1.6360714435577393 638.276123046875 178.05694580078125 665.7467041015625 200.6205291748047 3.6137817 1.4528307 1.5952691 2.9043045 0.9930213 48.09295 -1.57575523853302 0.7126705050468445
Car 0.0 0 -1.1127350330352783 181.8999786376953 163.17869567871094 324.71588134765625 245.93312072753906 3.6570458 1.7626774 1.5880983 -8.319156 1.2944182 17.141354 -1.5645751953125 0.6714080572128296
Car 0.0 0 -1.375543475151062 582.4304809570312 181.0423126220703 621.2553100585938 207.44993591308594 3.5965602 1.4526532 1.5723298 -0.32471594 1.2242115 41.452938 -1.3833767175674438 0.5057592988014221
