Pedestrian 0.0 0 2.45107364654541 960.2933959960938 172.18601989746094 988.3594970703125 215.81411743164062 0.7514573 1.7323313 0.6742891 14.627517 1.7061659 29.059437 2.917409896850586 0.20400772988796234
Pedestrian 0.0 0 -2.01503586769104 1113.7137451171875 131.08676147460938 1151.83544921875 202.1980438232422 0.57027596 1.8162955 0.61682534 13.538642 0.74985135 18.762428 -1.389971375465393 0.19810348749160767
Pedestrian 0.0 0 -2.2968289852142334 257.1360778808594 185.3798065185547 358.191162109375 351.01812744140625 0.7815852 1.6711838 0.6549164 -3.319969 1.8152223 7.8105083 -2.698754072189331 0.13948538899421692
Pedestrian 0.0 0 -1.3021202087402344 575.3130493164062 144.43504333496094 594.6155395507812 190.998046875 0.52371377 1.8862078 0.6762366 -1.0651388 0.7353499 29.558588 -1.3381394147872925 0.12797372043132782
Pedestrian 0.0 0 -2.4748594760894775 281.2818908691406 190.21876525878906 402.8709411621094 374.9788513183594 0.82853466 1.6430025 0.73075104 -2.6281033 1.8227025 6.975916 -2.8351542949676514 0.11506117880344391
Cyclist 0.0 0 -3.1038947105407715 862.1770629882812 171.00132751464844 893.2207641601562 203.07818603515625 1.625131 1.7878681 0.5840343 15.100288 1.6849637 40.794064 -2.749375104904175 0.17449595034122467
Car 0.0 0 -1.7720093727111816 854.1404418945312 182.96328735351562 962.8956298828125 251.08328247070312 4.469589 1.4099277 1.5959033 7.2096543 1.6948802 17.968151 -1.3904290199279785 0.9596678018569946
Car 0.0 0 -2.4760801792144775 200.91163635253906 164.45761108398438 489.5675964355469 294.3691101074219 3.635275 1.6075217 1.6014801 -3.7738504 1.5039827 10.246495 -2.828969717025757 0.7942092418670654
Car 0.0 0 0.35215261578559875 629.412841796875 173.07305908203125 685.4335327148438 194.68515014648438 3.8799074 1.5869644 1.7007326 3.5602536 1.6043663 54.5747 0.4172966480255127 0.21514596045017242
Car 0.0 0 -2.916379451751709 609.4754638671875 166.0681610107422 690.4210815429688 199.84046936035156 3.7009785 1.600533 1.6572684 1.9434495 1.2792971 35.499878 -2.8616888523101807 0.20544768869876862
Car 0.0 0 -1.6586475372314453 813.965087890625 171.24937438964844 859.6375732421875 210.48541259765625 3.789451 1.7411964 1.7182182 10.600779 1.6703455 34.051224 -1.3568394184112549 0.1745401918888092
Car 0.0 0 1.7682775259017944 843.2272338867188 162.8048095703125 873.3358764648438 184.18736267089844 4.420161 1.8942993 1.7837296 22.817928 1.0043908 66.27693 2.099848985671997 0.1260954737663269
Car 0.0 0 -2.446058750152588 0.0 187.7005615234375 401.5118713378906 345.7164611816406 3.8778336 1.4375619 1.5365292 -4.491892 1.6223707 7.8645678 -2.964999198913574 0.11935310810804367
