Pedestrian 0.0 0 0.7823405265808105 302.6971130371094 134.66464233398438 357.0299072265625 213.56150817871094 1.1256495 1.8982334 0.64701587 -6.9884434 0.97976786 17.878153 0.4097096920013428 0.3050995469093323
Pedestrian 0.0 0 -1.9865596294403076 1106.0274658203125 177.55482482910156 1156.14501953125 270.9849853515625 0.61335564 1.5561706 0.49100676 8.893334 1.6396217 12.400915 -1.3644150495529175 0.24659988284111023
Pedestrian 0.0 0 2.10304594039917 1048.083984375 125.38569641113281 1088.37451171875 200.60499572753906 0.66969705 1.7473035 0.5447422 10.843618 0.6449986 17.153511 2.666771411895752 0.21399876475334167
Cyclist 0.0 0 -1.3895407915115356 773.8339233398438 166.30404663085938 798.6224975585938 213.77764892578125 1.6495956 1.6126447 0.561405 6.164877 1.3905053 25.37499 -1.151207447052002 0.272297203540802
Cyclist 0.0 0 -3.510894536972046 904.6248779296875 125.19261169433594 1022.73974609375 211.40248107910156 1.9994031 1.6938527 0.8014199 7.0945888 0.75775903 14.654854 -3.0600380897521973 0.24696986377239227
Car 0.0 0 -1.907876968383789 763.5458984375 144.14517211914062 1019.9353637695312 308.7093200683594 4.359338 1.6966451 1.695911 3.3170223 1.401017 9.62018 -1.5758436918258667 0.9764499068260193
Car 0.0 0 1.8300235271453857 370.9141540527344 177.80921936035156 498.5550537109375 258.3794860839844 3.8967626 1.457449 1.6584361 -3.5884178 1.5761807 15.262794 1.5991084575653076 0.9703192710876465
Car 0.0 0 -1.3627336025238037 709.5723266601562 172.31895446777344 784.7374877929688 221.72756958007812 3.784187 1.3875692 1.5313767 4.268987 1.3729011 22.301575 -1.173600673675537 0.9460375905036926
Car 0.0 0 -1.3871855735778809 529.8777465820312 167.48939514160156 596.9990234375 213.04063415527344 4.496281 1.5006688 1.6232541 -1.628977 1.3242918 26.097857 -1.4495227336883545 0.9321436882019043
Car 0.0 0 1.741255760192871 452.22808837890625 175.11485290527344 511.76165771484375 216.06729125976562 3.735487 1.394648 1.5519835 -4.6941795 1.4843713 26.646774 1.566881775856018 0.8050393462181091
Car 0.0 0 -1.2435928583145142 748.2625732421875 165.97348022460938 823.0950317382812 208.18357849121094 3.7629821 1.4575644 1.5879666 6.5734873 1.2203295 26.926434 -1.0041487216949463 0.27439966797828674
