Pedestrian 0.0 0 0.025605201721191406 1200.1409912109375 209.80364990234375 1242.0 296.0558166503906 0.8382875 1.8379021 0.7592995 13.94186 2.7078772 16.416382 0.7296724319458008 0.4757252037525177
Pedestrian 0.0 0 -0.013016581535339355 968.7274169921875 196.8907928466797 998.1555786132812 249.35247802734375 0.889697 1.7374718 0.7042794 12.822763 2.5838113 24.878248 0.4628913402557373 0.38594141602516174
Pedestrian 0.0 0 -0.3452938497066498 661.5670166015625 177.96302795410156 674.6220092773438 204.31155395507812 0.74146146 1.8216461 0.62485015 4.030126 2.1819685 50.435345 -0.2655564844608307 0.13169242441654205
Pedestrian 0.0 0 -1.7225761413574219 852.0767822265625 163.7777099609375 871.5458374023438 208.56173706054688 0.6750149 1.7805294 0.64486486 10.100451 1.4200308 29.07469 -1.388222336769104 0.11939588934183121
Pedestrian 0.0 0 0.2221354842185974 1108.6029052734375 194.77096557617188 1158.5357666015625 267.1695861816406 0.9150812 1.7648803 0.651227 13.360872 2.3437166 18.483057 0.8480470180511475 0.10119227319955826
Cyclist 0.0 0 1.418560266494751 729.4815063476562 175.50604248046875 760.5087890625 241.31785583496094 1.6662388 1.7352196 0.59077543 3.663693 1.8119375 19.930902 1.6003506183624268 0.12191814184188843
Car 0.0 0 1.9762812852859497 9.520686149597168 199.1845703125 110.07720184326172 245.53921508789062 3.9098299 1.4839491 1.6418389 -20.923326 2.567008 27.571321 1.3271211385726929 0.21315942704677582
Car 0.0 0 1.3200880289077759 732.3262329101562 179.10203552246094 785.3838500976562 214.68338012695312 3.7999003 1.4600632 1.4087812 6.538418 1.7561634 32.217167 1.5203168392181396 0.1841231882572174
Car 0.0 0 -0.9449513554573059 0.0 168.0299835205078 89.2413101196289 204.57958984375 3.9901087 1.6946748 1.7596343 -27.909685 1.47136 35.481556 -1.6114661693572998 0.12998856604099274
Car 0.0 0 2.0457050800323486 216.20936584472656 189.8777618408203 286.0913391113281 222.36412048339844 4.088961 1.5416586 1.645509 -19.061905 2.4977698 38.449715 1.5854536294937134 0.10258713364601135
