Pedestrian 0.0 0 -1.3176161050796509 352.5771789550781 164.3028564453125 369.8421325683594 199.05905151367188 0.6680939 1.829185 0.7236927 -13.250445 1.3795046 38.332863 -1.6504265069961548 0.29823896288871765
Pedestrian 0.0 0 -0.14418108761310577 642.771240234375 186.59593200683594 659.6600341796875 218.0365753173828 0.83025676 1.6577202 0.5599753 2.1677902 2.3998938 38.63178 -0.08812570571899414 0.24422983825206757
Pedestrian 0.0 0 -1.152337670326233 482.3017272949219 177.5217742919922 495.44964599609375 203.90029907226562 0.79419905 1.8175662 0.6376215 -8.477637 2.1466153 50.341755 -1.31917405128479 0.17375768721103668
Pedestrian 0.0 0 -1.8548836708068848 369.3848876953125 172.35317993164062 387.21466064453125 210.3529510498047 0.58962035 1.7803217 0.66646075 -11.033408 1.7572155 34.232937 -2.166675090789795 0.1665373146533966
Pedestrian 0.0 0 -0.38500845432281494 713.8407592773438 153.10025024414062 735.605712890625 196.30068969726562 0.7366822 1.8263574 0.63083315 4.86785 0.9915989 30.891958 -0.22871698439121246 0.1468457728624344
Car 0.0 0 -1.2966017723083496 284.9337158203125 193.4900360107422 446.29296875 306.7663269042969 3.4247077 1.4229125 1.5230024 -3.7330294 1.8003049 11.437933 -1.6120747327804565 0.973934531211853
Car 0.0 0 1.7104911804199219 411.23468017578125 186.5911865234375 501.8416748046875 260.7881164550781 3.8191502 1.5606036 1.6668228 -3.7249851 1.9383644 17.859776 1.5048705339431763 0.9642755389213562
Car 0.0 0 1.7060827016830444 491.6343994140625 183.1845245361328 535.8506469726562 217.6540985107422 3.8355072 1.4836363 1.5703576 -4.533157 2.0001059 34.1249 1.574015736579895 0.7235249280929565
Car 0.0 0 -1.3879286050796509 337.9020690917969 161.87350463867188 382.4203186035156 193.6202392578125 3.7846959 1.680053 1.6828583 -13.886713 1.0993176 40.178192 -1.720703363418579 0.20440639555454254
Car 0.0 0 1.40415358543396 519.1190185546875 173.7467041015625 545.5380249023438 193.9106903076172 3.7699492 1.609571 1.5685147 -6.49022 1.6864253 59.799835 1.2960443496704102 0.17358891665935516
Car 0.0 0 1.5223315954208374 364.7315979003906 179.38255310058594 400.5399475097656 210.41473388671875 3.629617 1.4552246 1.5519534 -11.617614 1.8049135 36.633995 1.2152373790740967 0.1576659232378006
