Car 0.0 0 -0.5349881052970886 853.804931640625 183.4930419921875 1221.78759765625 302.4214782714844 4.078589 1.4653424 1.6862313 5.6287684 1.625126 9.927388 -0.01919146440923214 0.9633674621582031
Car 0.0 0 -1.6914347410202026 650.5036010742188 182.16868591308594 712.2390747070312 227.51608276367188 3.9867818 1.3602421 1.5945815 2.2927563 1.7026963 24.482447 -1.5980581045150757 0.9580568671226501
Car 0.0 0 3.480780601501465 255.0600128173828 182.57310485839844 449.9731750488281 244.88595581054688 4.295575 1.4659234 1.6216358 -6.3767233 1.720218 18.037113 3.1409614086151123 0.9376838803291321
Car 0.0 0 0.6066530346870422 0.0 193.1523895263672 303.62518310546875 312.9012756347656 4.128438 1.4401767 1.5284848 -6.5744767 1.7366475 9.73292 0.012567758560180664 0.915461003780365
Car 0.0 0 3.8420591354370117 0.0 198.68788146972656 193.24217224121094 371.8744201660156 3.8926635 1.4719518 1.534569 -6.6356115 1.7616875 7.2312036 3.09958553314209 0.904095470905304
Car 0.0 0 3.5896472930908203 32.527957916259766 194.4389190673828 333.0877380371094 292.88739013671875 4.0653324 1.4614322 1.4854344 -6.9726644 1.8478153 12.00192 3.0633437633514404 0.7519989013671875
Car 0.0 0 0.25823792815208435 359.8219909667969 177.55422973632812 487.60723876953125 221.5147705078125 4.0848603 1.4887172 1.6116412 -6.5393596 1.6600609 25.426266 0.006504535675048828 0.7151978015899658
Car 0.0 0 -1.506926417350769 551.3067016601562 178.4228973388672 578.0411987304688 201.40509033203125 3.6149142 1.4638152 1.5731992 -3.052303 1.8535546 48.6393 -1.5695980787277222 0.6414857506752014
Car 0.0 0 -1.6489195823669434 628.3628540039062 174.4362335205078 653.2288818359375 195.5248260498047 3.6740675 1.4611195 1.5067044 2.1659865 1.579888 52.131836 -1.6073951721191406 0.5704719424247742
Car 0.0 0 -1.625239372253418 642.4754638671875 179.99740600585938 681.6412353515625 213.3632049560547 4.0357566 1.42871 1.599008 2.3439517 1.7837344 33.791718 -1.5559855699539185 0.5521693229675293
