Pedestrian 0.0 0 -2.7870588302612305 541.9205322265625 165.26849365234375 614.41796875 283.65081787109375 0.9712736 1.7805289 0.6549547 -0.45879322 1.5531005 11.090562 -2.8284032344818115 0.6911159157752991
Pedestrian 0.0 0 -0.5020204782485962 988.7710571289062 120.46785736083984 1063.3487548828125 250.2774200439453 0.7820756 1.7575543 0.41896066 5.773384 0.9464209 9.789534 0.03082871437072754 0.6288080811500549
Pedestrian 0.0 0 -1.8202149868011475 0.0 173.99668884277344 21.0357723236084 240.44578552246094 0.61494774 1.778261 0.5748134 -16.467443 1.6058073 19.328754 -2.5258493423461914 0.256328284740448
Pedestrian 0.0 0 0.859038770198822 275.9963073730469 179.1616668701172 320.6283264160156 261.1205139160156 0.569859 1.6335361 0.6173327 -6.323569 1.60849 14.48891 0.44751667976379395 0.25484123826026917
Pedestrian 0.0 0 -0.043559640645980835 776.2088012695312 156.20242309570312 798.189453125 188.17359924316406 1.198427 1.8161615 0.50385326 10.431944 0.43729293 40.530243 0.2083590030670166 0.21627219021320343
Pedestrian 0.0 0 -0.6694122552871704 786.852783203125 162.95855712890625 807.5830688476562 195.88360595703125 0.93194085 1.7418954 0.54740787 10.275198 0.81527835 37.83628 -0.40423768758773804 0.21188823878765106
Cyclist 0.0 0 1.0308496952056885 874.3709716796875 156.12216186523438 906.8031616210938 194.53822326660156 1.8633457 1.7706162 0.5429901 13.514689 0.6484848 33.54596 1.4138284921646118 0.4969486892223358
Cyclist 0.0 0 -1.9882004261016846 977.94091796875 139.7289276123047 1022.8920288085938 206.25738525390625 1.5876353 1.6737986 0.41943032 10.339001 0.6496275 18.593237 -1.4807146787643433 0.43058717250823975
Car 0.0 0 -0.827687680721283 0.0 206.43814086914062 297.8466491699219 370.0 3.9397886 1.4436517 1.6050786 -3.1685083 1.6422184 3.383757 -1.5802465677261353 0.826874852180481
Car 0.0 0 1.7579509019851685 446.1083984375 170.26235961914062 485.5936279296875 197.9150390625 4.147602 1.642336 1.6732281 -8.618543 1.0356752 44.066563 1.5648088455200195 0.8173169493675232
Car 0.0 0 1.906950831413269 86.4037857055664 182.33053588867188 137.28262329101562 204.98056030273438 4.1621966 1.4756801 1.5877248 -33.843365 1.6086367 48.63529 1.2990086078643799 0.36320847272872925
Car 0.0 0 -1.4729126691818237 637.2855224609375 169.80242919921875 660.522705078125 186.72630310058594 4.1343856 1.4431456 1.6544834 3.930802 0.53213114 62.459995 -1.4100624322891235 0.25683802366256714
