Pedestrian 0.0 0 -3.105339288711548 1132.666259765625 64.6754379272461 1242.0 351.3789978027344 0.5750542 1.7950038 0.6859681 3.9269347 1.1180736 4.9622283 -2.4358856678009033 0.29414013028144836
Pedestrian 0.0 0 -1.4493989944458008 399.1197204589844 147.82728576660156 416.7180480957031 192.128173828125 0.5512213 1.9744211 0.70220405 -9.133727 0.85937804 32.48088 -1.7235230207443237 0.2421918362379074
Pedestrian 0.0 0 -1.116153597831726 686.7778930664062 168.9175262451172 703.4000854492188 207.33428955078125 0.58739454 1.8470039 0.60717195 4.101948 1.6581038 35.098568 -0.9998119473457336 0.18558569252490997
Pedestrian 0.0 0 -0.8860145807266235 98.3502197265625 133.36724853515625 137.12045288085938 202.6373748779297 0.5936682 1.978891 0.7154842 -14.3252535 0.851202 20.935993 -1.4860851764678955 0.16755232214927673
Pedestrian 0.0 0 1.8664485216140747 342.8687744140625 184.0819549560547 382.2834777832031 258.77459716796875 1.0428872 1.7231982 0.62114394 -5.9803853 2.0016522 17.336018 1.5342628955841064 0.1436033397912979
Car 0.0 0 1.827498435974121 399.04241943359375 180.25306701660156 520.539794921875 264.62908935546875 4.0663595 1.6121181 1.6762215 -3.2617154 1.8002136 16.226343 1.6291284561157227 0.9471836686134338
Car 0.0 0 -1.4610728025436401 532.8917846679688 174.88180541992188 561.6735229492188 198.6588134765625 3.2700665 1.4782865 1.5125057 -4.0664277 1.6147966 46.791195 -1.5477608442306519 0.8359593749046326
Car 0.0 0 -1.587317705154419 542.2145385742188 167.09408569335938 566.0210571289062 192.35284423828125 4.4496446 1.8479449 1.7312654 -4.327651 1.4269052 55.082214 -1.6657238006591797 0.39500707387924194
Car 0.0 0 -1.507225751876831 489.5543212890625 169.51768493652344 515.6987915039062 197.2459259033203 4.3018084 2.0098212 1.685542 -8.0986395 1.7683536 54.51032 -1.6547176837921143 0.2856559455394745
Car 0.0 0 3.115488052368164 411.98974609375 170.96168518066406 490.359130859375 199.30479431152344 4.2115526 1.5388858 1.6596388 -8.943296 1.4365009 40.486134 2.8980815410614014 0.2682790160179138
