Pedestrian 0.0 0 1.247908115386963 1186.8167724609375 99.6659164428711 1242.0 228.15576171875 0.5331469 1.8048382 0.5519672 8.766554 0.77715665 10.481284 1.9444539546966553 0.18689198791980743
Pedestrian 0.0 0 0.9365805387496948 401.8509521484375 170.88963317871094 423.7801513671875 212.306884765625 0.61464494 1.7827626 0.69506943 -8.653537 1.6985668 31.518307 0.6686272621154785 0.15890437364578247
Cyclist 0.0 0 -1.9233616590499878 838.8995971679688 156.82229614257812 883.80029296875 225.60586547851562 1.7854722 1.7444214 0.5385207 6.6116424 1.3381988 19.194332 -1.5916324853897095 0.521345853805542
Car 0.0 0 -1.7217429876327515 670.996826171875 173.10621643066406 749.7307739257812 229.4307861328125 4.1251125 1.4804295 1.6440833 2.771086 1.4888766 21.059368 -1.5909101963043213 0.9157364368438721
Car 0.0 0 -1.483154535293579 542.0838012695312 172.38592529296875 577.5677490234375 202.9929656982422 3.9614384 1.6034507 1.6130017 -2.7545109 1.5792873 39.792717 -1.5522657632827759 0.8806190490722656
Car 0.0 0 -1.677453875541687 656.6904907226562 170.70123291015625 702.1567993164062 205.4024200439453 4.029622 1.453977 1.5888157 3.0004745 1.3641338 32.25528 -1.5846980810165405 0.5965855121612549
Car 0.0 0 -1.5775599479675293 647.7371215820312 169.60740661621094 673.4973754882812 196.17869567871094 3.9658136 1.7230906 1.668244 3.3773687 1.5129143 48.81843 -1.5084877014160156 0.3494393825531006
Car 0.0 0 1.1699248552322388 870.1217041015625 173.09939575195312 1020.1065063476562 245.84400939941406 3.9366364 1.4168638 1.5731091 7.1986065 1.4233559 16.04844 1.591576337814331 0.3160419166088104
Car 0.0 0 -1.6719121932983398 670.2131958007812 173.4730682373047 722.3951416015625 215.7684783935547 3.5365644 1.4526438 1.5463442 3.075216 1.4773612 26.609564 -1.5568546056747437 0.16714727878570557
Car 0.0 0 -1.6859395503997803 632.33935546875 169.75120544433594 657.0109252929688 188.98291015625 3.456757 1.5335559 1.6346667 2.7984195 1.2864926 59.313324 -1.638794183731079 0.15744046866893768
Car 0.0 0 1.290675401687622 810.2061767578125 160.73922729492188 910.0260009765625 218.04196166992188 4.210598 1.52991 1.6673363 7.225071 1.206819 21.402391 1.6162452697753906 0.14364589750766754
