Pedestrian 0.0 0 -1.8320248126983643 869.3313598632812 153.48947143554688 896.6981811523438 206.70010375976562 0.9186768 1.7525209 0.64295465 9.122516 1.1150974 24.250237 -1.4722177982330322 0.3631918728351593
Pedestrian 0.0 0 -1.3580751419067383 116.00790405273438 168.1630096435547 138.0221710205078 211.78656005859375 0.67818516 1.9138615 0.68695056 -21.51893 1.7084157 32.09462 -1.9487159252166748 0.2413136214017868
Cyclist 0.0 0 -1.9379980564117432 867.8829956054688 154.76260375976562 898.207763671875 207.9696044921875 1.0074607 1.7485269 0.63029975 9.10892 1.1543522 24.214996 -1.5782033205032349 0.1879585236310959
Car 0.0 0 2.038006067276001 229.77188110351562 183.43325805664062 310.53936767578125 218.19387817382812 4.3087964 1.4639661 1.6664658 -15.882701 1.9931676 33.88839 1.5997295379638672 0.937172532081604
Car 0.0 0 1.75137460231781 390.1776123046875 179.9474639892578 419.6836242675781 199.74391174316406 4.1186223 1.4896384 1.5663369 -16.448776 2.080516 57.939156 1.4747555255889893 0.5493412613868713
Car 0.0 0 1.9923069477081299 259.6136474609375 172.50018310546875 316.17694091796875 199.9360809326172 4.2687225 1.6719291 1.7024444 -20.530787 1.6507252 46.103916 1.5733555555343628 0.511642336845398
Car 0.0 0 1.8178156614303589 427.4876708984375 177.8021697998047 457.6527404785156 197.8582000732422 3.4527395 1.5090266 1.5201948 -13.190056 1.9114518 56.8857 1.5899724960327148 0.47455519437789917
Car 0.0 0 2.4581477642059326 106.34208679199219 185.559326171875 196.22984313964844 219.27310180664062 3.491464 1.5010587 1.6204075 -22.506786 2.159835 35.476547 1.8928080797195435 0.415836364030838
Car 0.0 0 1.9344505071640015 303.2103271484375 172.96783447265625 344.3351745605469 197.8524932861328 3.6425896 1.7308843 1.5645157 -20.61806 1.7397411 52.03325 1.557183027267456 0.2769189476966858
Car 0.0 0 2.330188512802124 0.0 167.66099548339844 109.99520111083984 224.79954528808594 3.87331 1.8677877 1.5604941 -20.020706 1.6983927 25.585598 1.6662102937698364 0.2348758578300476
