Pedestrian 0.0 0 -0.7745543718338013 686.4690551757812 166.337646484375 729.0409545898438 245.13427734375 0.6363111 1.6736097 0.6689162 2.0859115 1.5355626 15.780874 -0.6431365013122559 0.6717867851257324
Pedestrian 0.0 0 -2.982597827911377 736.3812866210938 149.33462524414062 775.791259765625 235.88595581054688 0.7176043 1.7373499 0.5627617 2.9641268 1.2656016 14.869454 -2.7858338356018066 0.6440263986587524
Pedestrian 0.0 0 -0.643261194229126 713.1582641601562 153.96591186523438 761.8958129882812 243.4510040283203 0.6920156 1.6735133 0.6206088 2.4062545 1.320634 13.924878 -0.47214844822883606 0.3887024521827698
Pedestrian 0.0 0 -1.795802116394043 198.6226806640625 177.36065673828125 222.51390075683594 223.97804260253906 0.6951729 1.7513108 0.6627469 -15.366431 1.92755 27.676655 -2.302638530731201 0.260883629322052
Pedestrian 0.0 0 -1.412388563156128 294.38323974609375 159.3231201171875 335.0931701660156 259.5348205566406 0.71679413 1.8372747 0.60924906 -5.624449 1.5895581 13.644839 -1.8033705949783325 0.23315797746181488
Cyclist 0.0 0 -2.512895107269287 718.3530883789062 147.78750610351562 829.238525390625 253.29269409179688 1.8056278 1.6791321 0.6646365 2.722978 1.2805526 12.376584 -2.296334743499756 0.7120343446731567
Cyclist 0.0 0 1.373309850692749 885.6642456054688 168.74497985839844 918.2295532226562 230.33343505859375 1.5697155 1.5217786 0.47596976 7.4766283 1.4206073 18.640747 1.7547560930252075 0.43053188920021057
Cyclist 0.0 0 -2.701401710510254 278.8782043457031 156.8172149658203 349.20599365234375 257.4266357421875 1.0721337 1.8502929 0.6024588 -5.6151333 1.5557208 13.5938 -3.093120813369751 0.32869818806648254
Cyclist 0.0 0 -3.0205087661743164 732.7557373046875 150.2945098876953 780.805908203125 238.65206909179688 0.91108465 1.7711651 0.5594035 2.978684 1.3193083 14.869172 -2.8227996826171875 0.14419880509376526
Car 0.0 0 -1.1948175430297852 60.191932678222656 168.732666015625 453.1722412109375 375.0 3.9439514 1.6295313 1.6572975 -2.689639 1.604203 6.480373 -1.5882251262664795 0.9455602765083313
Car 0.0 0 1.8173322677612305 437.20745849609375 178.3770751953125 478.3149108886719 203.29066467285156 4.121607 1.5145044 1.6581923 -9.865113 1.8897313 46.87877 1.609919786453247 0.8440001606941223
Car 0.0 0 -1.6701939105987549 588.23095703125 169.82626342773438 619.8527221679688 194.68505859375 3.9327092 1.535358 1.6524118 -0.4571207 1.3487134 46.606384 -1.6800017356872559 0.7991621494293213
Car 0.0 0 2.041879177093506 258.1747741699219 187.3256378173828 361.0479736328125 236.74029541015625 3.939151 1.4507622 1.5901159 -10.066504 1.9810951 24.394514 1.6505117416381836 0.5428484678268433
Car 0.0 0 1.607275366783142 335.7346496582031 193.3723907470703 407.12591552734375 262.7197265625 3.7020342 1.4359391 1.5356115 -5.9529147 2.0079288 18.107544 1.2896524667739868 0.2509545385837555
