Car 0.0 0 -1.7373534440994263 689.1047973632812 180.79965209960938 780.1482543945312 247.97084045410156 3.6319385 1.426933 1.5731922 2.8726394 1.6408963 17.575033 -1.5753360986709595 0.9622406363487244
Car 0.0 0 -0.23136889934539795 752.55615234375 173.60830688476562 892.302978515625 224.75497436523438 3.9110377 1.5340891 1.6989161 6.5204606 1.5590767 22.611822 0.049379825592041016 0.9379093647003174
Car 0.0 0 0.4707600772380829 123.82502746582031 186.65785217285156 396.5306091308594 284.3503723144531 4.1070204 1.6020107 1.6533632 -6.1881104 1.8670756 12.955615 0.025160551071166992 0.9375547766685486
Car 0.0 0 -2.2701597213745117 877.4214477539062 178.81214904785156 1242.0 375.0 3.7774355 1.5009694 1.5702826 2.806405 1.5466553 3.5725563 -1.604295015335083 0.8530960083007812
Car 0.0 0 3.80926513671875 0.0 134.59080505371094 179.5869140625 319.8786926269531 3.8209956 1.6665256 1.6171753 -6.909942 1.3227348 7.446324 3.0612118244171143 0.8498616814613342
Car 0.0 0 -1.7036328315734863 634.8043823242188 176.71627807617188 664.3026733398438 199.80201721191406 3.5949492 1.5598472 1.6231722 2.7444625 1.8443656 51.227016 -1.6501095294952393 0.8414396643638611
Car 0.0 0 0.38854527473449707 305.3276672363281 178.45944213867188 478.11431884765625 239.85702514648438 4.278931 1.5952113 1.6123852 -6.0076923 1.7582867 19.935143 0.0958395004272461 0.8374975323677063
Car 0.0 0 -2.5043253898620605 0.0 189.38232421875 278.21575927734375 309.32110595703125 3.6122768 1.5252566 1.4937272 -6.900241 1.7788072 10.225339 -3.097949743270874 0.8254830241203308
Car 0.0 0 0.4049453139305115 223.01072692871094 179.1104736328125 448.1229248046875 265.22198486328125 4.093816 1.6789681 1.6365839 -5.684531 1.8182338 15.107351 0.04505658149719238 0.7999139428138733
Car 0.0 0 0.8432742953300476 0.0 220.27194213867188 111.678466796875 375.0 4.0256195 1.4874853 1.5812305 -6.1299796 1.8772428 5.0564637 -0.03779669106006622 0.7665731906890869
Car 0.0 0 0.43655550479888916 284.24005126953125 179.13536071777344 446.99920654296875 242.40805053710938 3.4780037 1.4484562 1.4445969 -5.9534173 1.6100183 17.6051 0.11046338081359863 0.7212351560592651
