Pedestrian 0.0 0 -0.8611559271812439 1077.4281005859375 140.94952392578125 1138.2601318359375 246.2205810546875 0.58449566 1.6599594 0.55984616 8.118594 1.0379665 11.486721 -0.24589355289936066 0.639825165271759
Pedestrian 0.0 0 2.5980286598205566 990.7144165039062 119.75347137451172 1062.9881591796875 248.668701171875 0.7426902 1.7435507 0.43039435 5.777447 0.9236378 9.776544 3.1317670345306396 0.5575568079948425
Pedestrian 0.0 0 -1.8112390041351318 1046.3245849609375 146.5009307861328 1102.8292236328125 249.7288818359375 0.6627462 1.7186811 0.67091364 8.038687 1.1542678 12.191733 -1.228314995765686 0.5430058240890503
Pedestrian 0.0 0 -1.090497612953186 116.97335052490234 152.59072875976562 141.6580810546875 193.0309295654297 0.8078063 1.9624786 0.71542686 -23.388527 0.60953975 34.748035 -1.6829334497451782 0.4888978600502014
Pedestrian 0.0 0 -0.1586117446422577 775.771240234375 158.7154998779297 793.4136352539062 190.36117553710938 0.91329414 1.8025926 0.49599668 10.291696 0.56309384 40.557774 0.08989691734313965 0.42146486043930054
Pedestrian 0.0 0 0.5639660358428955 120.82891845703125 107.69190979003906 204.37319946289062 241.70428466796875 0.79712856 1.8078309 0.58338064 -6.181599 0.8273185 9.825786 0.0024094581604003906 0.33888500928878784
Pedestrian 0.0 0 -2.08097243309021 974.6849975585938 139.2992706298828 1027.63818359375 208.65879821777344 1.6723205 1.7398587 0.4487871 10.338713 0.70794743 18.56773 -1.5729151964187622 0.12260910868644714
Cyclist 0.0 0 1.1355880498886108 876.603271484375 157.82321166992188 906.0249633789062 195.20970153808594 1.9015422 1.7215757 0.5377831 13.537915 0.6788096 33.516575 1.5194666385650635 0.5983914136886597
Cyclist 0.0 0 -2.08097243309021 974.6849975585938 139.2992706298828 1027.63818359375 208.65879821777344 1.6723205 1.7398587 0.4487871 10.338713 0.70794743 18.56773 -1.5729151964187622 0.5265067219734192
Car 0.0 0 0.9425233602523804 478.9410095214844 172.63705444335938 579.1605834960938 213.37750244140625 4.173723 1.4370306 1.6652707 -2.9998279 1.1612092 27.03813 0.8320271968841553 0.8999459743499756
Car 0.0 0 -0.8198492527008057 0.0 205.5940704345703 298.6409912109375 370.0 4.0076094 1.4517672 1.6135927 -3.1906292 1.6451145 3.387104 -1.575386643409729 0.8430914282798767
Car 0.0 0 -1.5841031074523926 568.2832641601562 182.88072204589844 599.2981567382812 211.86773681640625 3.304173 1.4425827 1.5566709 -1.1515766 1.5747368 37.143345 -1.6150968074798584 0.41405627131462097
