Pedestrian 0.0 0 -3.0407536029815674 669.5407104492188 168.78509521484375 691.1802368164062 208.36611938476562 0.92744493 1.7840272 0.59890383 3.1721196 1.6009886 32.90338 -2.944643497467041 0.48212701082229614
Car 0.0 0 -2.0706570148468018 808.7020263671875 180.84927368164062 1213.597900390625 375.0 3.4608603 1.4120042 1.5414475 3.0490606 1.5032933 6.43174 -1.62797212600708 0.9804115295410156
Car 0.0 0 2.072848320007324 5.712810516357422 187.45921325683594 296.643798828125 327.41864013671875 3.8756568 1.4386612 1.6023207 -5.8858504 1.6771202 9.792407 1.5316479206085205 0.9716813564300537
Car 0.0 0 1.1959229707717896 466.1163024902344 177.16915893554688 522.1170043945312 208.0715789794922 3.6860633 1.4586692 1.5546339 -5.9606414 1.6897222 36.590378 1.0344395637512207 0.9150264859199524
Car 0.0 0 1.8373985290527344 175.3040008544922 178.00799560546875 255.4130401611328 222.9817657470703 4.059691 1.5317719 1.635973 -14.818804 1.74212 27.231594 1.3390370607376099 0.6900912523269653
Car 0.0 0 2.347412586212158 0.0 183.99269104003906 107.67864990234375 375.0 4.01688 1.458985 1.6188723 -5.539707 1.5663228 4.864658 1.497223973274231 0.6659528017044067
Car 0.0 0 2.5642848014831543 547.4451293945312 171.32577514648438 608.5953979492188 194.1716766357422 4.2274613 1.5997974 1.6437298 -2.32755 1.493141 52.422504 2.519914150238037 0.5416651368141174
Car 0.0 0 2.663281202316284 660.18896484375 170.0166015625 722.5645751953125 188.67604064941406 4.5721927 1.4102714 1.6569611 6.3064284 1.1961797 56.12325 2.775179386138916 0.4637499749660492
Car 0.0 0 1.9342232942581177 111.16342163085938 174.88536071777344 195.2737579345703 214.74322509765625 3.6054754 1.4292877 1.5755005 -17.652132 1.5138683 27.9903 1.371570110321045 0.440669447183609
Car 0.0 0 -2.0801360607147217 361.0022277832031 178.2929229736328 416.6138916015625 204.98056030273438 3.607906 1.4953603 1.6102184 -13.241965 1.8336535 43.000057 -2.3788723945617676 0.39808255434036255
