Car 0.0 0 -2.311072587966919 722.2286987304688 174.29656982421875 809.5642700195312 214.15284729003906 3.379665 1.5162511 1.6241524 6.258509 1.5792305 29.450352 -2.101677179336548 0.9739106297492981
Car 0.0 0 -2.464327812194824 0.0 173.0840301513672 249.68043518066406 324.9591369628906 3.7532697 1.6157956 1.6336908 -6.5963216 1.619145 8.528472 -3.122666835784912 0.9342341423034668
Car 0.0 0 -2.182525396347046 857.0757446289062 173.47897338867188 1242.0 375.0 3.9875517 1.5394826 1.6486644 2.9255257 1.5452628 4.255926 -1.5803056955337524 0.9162746667861938
Car 0.0 0 3.4359958171844482 295.4897155761719 173.9408416748047 435.4466857910156 228.4934844970703 3.4814022 1.4951671 1.6013949 -6.967435 1.5279372 20.661034 3.110746145248413 0.9155508279800415
Car 0.0 0 -1.8039876222610474 623.7721557617188 174.96754455566406 662.9697875976562 201.8695831298828 3.2788284 1.4781802 1.5388162 1.853317 1.6057577 41.673782 -1.759544849395752 0.9143683314323425
Car 0.0 0 0.5711443424224854 70.64676666259766 184.38082885742188 394.3918762207031 292.147216796875 4.2947216 1.4998636 1.6096758 -5.8102813 1.69617 11.2585945 0.09471940994262695 0.8919298052787781
Car 0.0 0 3.4049699306488037 320.5810546875 180.7565460205078 454.0827941894531 232.81822204589844 3.7218244 1.5554223 1.6036396 -6.966728 1.8137231 22.682858 3.1069791316986084 0.7904403209686279
Car 0.0 0 0.4727921485900879 132.15284729003906 180.23410034179688 374.6896667480469 263.1020812988281 3.8185446 1.4486082 1.4962586 -6.6201787 1.595398 13.531656 0.017792463302612305 0.7893600463867188
Car 0.0 0 1.46176016330719 606.8935546875 170.8632049560547 636.873779296875 196.0496368408203 4.2131476 1.7163267 1.6766499 0.775221 1.5810219 51.3423 1.476858139038086 0.5000937581062317
Car 0.0 0 -2.2388129234313965 0.0 161.8106231689453 70.74232482910156 368.58258056640625 3.6181076 1.5056804 1.5656873 -6.997721 1.4256222 6.1254435 -3.0905821323394775 0.45963624119758606
