Pedestrian 0.0 0 1.302462100982666 928.981201171875 135.32177734375 998.4960327148438 269.0495910644531 0.78174347 1.7051053 0.6459238 4.6521163 1.2269062 9.639964 1.752082109451294 0.7628212571144104
Pedestrian 0.0 0 -1.9348516464233398 986.7866821289062 128.95504760742188 1064.266357421875 272.6731872558594 0.7826788 1.7651857 0.6236609 5.276135 1.2263645 9.293496 -1.4185031652450562 0.4664355218410492
Cyclist 0.0 0 -1.1775867938995361 1023.3512573242188 161.16444396972656 1094.8741455078125 265.99346923828125 1.7508296 1.7016463 0.40584618 7.675544 1.5122524 12.385131 -0.622779905796051 0.2644268870353699
Car 0.0 0 -2.313246726989746 898.5716552734375 187.57606506347656 1242.0 375.0 3.9923422 1.5069836 1.5958729 3.0681887 1.623129 3.6437268 -1.613388180732727 0.8884267210960388
Car 0.0 0 -0.33269524574279785 819.5991821289062 167.35484313964844 922.468505859375 204.70480346679688 3.5624192 1.4463006 1.4639491 10.284243 1.2337148 28.689732 0.011500120162963867 0.8830373287200928
Car 0.0 0 0.42192092537879944 209.08099365234375 177.88528442382812 351.8851013183594 229.0431671142578 4.727487 1.9136409 1.8230063 -12.782109 2.1163476 28.092657 -0.005081731826066971 0.7238765358924866
Car 0.0 0 3.8352246284484863 0.0 200.4026641845703 100.53350830078125 260.1162414550781 4.2245913 1.4959468 1.6811484 -16.687387 2.2822685 19.724113 3.1330339908599854 0.6909601092338562
Car 0.0 0 -2.4899182319641113 23.84400177001953 200.90830993652344 146.34613037109375 242.14553833007812 3.6110451 1.4905357 1.6296425 -20.420942 2.6168485 28.099499 -3.118364095687866 0.54180508852005
Car 0.0 0 1.1824345588684082 319.8813171386719 182.10513305664062 380.41497802734375 212.514892578125 4.0804887 1.4495782 1.5341642 -13.639617 1.9587184 37.652256 0.8348865509033203 0.3609699308872223
Car 0.0 0 -1.7066020965576172 627.3450927734375 174.69677734375 659.7825317382812 199.0288543701172 3.8217175 1.51262 1.6061757 2.1201468 1.638392 47.12725 -1.661644697189331 0.2689492702484131
