Pedestrian 0.0 0 0.8361773490905762 829.7823486328125 151.9014129638672 902.2828979492188 271.69903564453125 0.6907345 1.6654142 0.70748997 3.7913446 1.2552574 10.436777 1.1846227645874023 0.8331525921821594
Pedestrian 0.0 0 1.4991389513015747 722.8948974609375 151.9702911376953 751.6651000976562 223.3713836669922 0.9758813 1.8240511 0.6711062 3.526462 1.0708472 18.87105 1.6838797330856323 0.6608569622039795
Pedestrian 0.0 0 -0.09993715584278107 539.8426513671875 156.83595275878906 557.3575439453125 190.1772918701172 0.92582464 1.849086 0.55673647 -2.9598458 0.48204893 40.189804 -0.17345112562179565 0.3590071201324463
Pedestrian 0.0 0 1.0591245889663696 701.6334838867188 131.5229034423828 789.3840942382812 323.50189208984375 0.69752324 1.5929424 0.47786525 1.2109566 1.1796466 6.364398 1.247147560119629 0.2141544222831726
Pedestrian 0.0 0 -1.161285400390625 114.06026458740234 186.9362335205078 218.42677307128906 363.07403564453125 0.8290646 1.7317497 0.6645831 -4.5876336 1.7936655 7.5439773 -1.7076531648635864 0.19594062864780426
Cyclist 0.0 0 1.860720157623291 356.3296203613281 153.34515380859375 447.3614196777344 320.9807434082031 1.7061447 1.7172892 0.5395692 -2.2771673 1.4302304 8.214308 1.5902915000915527 0.912104606628418
Cyclist 0.0 0 2.0173940658569336 127.06482696533203 121.1197509765625 315.64453125 374.0 1.7202278 1.6539972 0.5479744 -2.780437 1.276833 5.3695054 1.5395923852920532 0.7439261674880981
Car 0.0 0 1.6150977611541748 581.0574340820312 157.6432647705078 613.2942504882812 186.7144012451172 4.051501 1.5969107 1.6867936 -0.2008063 0.28725207 41.51379 1.6102607250213623 0.6221450567245483
Car 0.0 0 -1.8115956783294678 781.8501586914062 149.7432861328125 844.7188110351562 190.0944366455078 4.0352454 1.6084592 1.644247 8.94468 0.34359095 30.682322 -1.527931571006775 0.34385916590690613
Car 0.0 0 -0.6466561555862427 871.925537109375 164.0688934326172 1005.9067993164062 230.00167846679688 2.3353145 1.4189204 1.5130705 7.643545 1.0450174 16.441244 -0.21148017048835754 0.20390263199806213
Car 0.0 0 -3.2721171379089355 917.3414916992188 162.114990234375 1133.5830078125 254.08700561523438 3.0893457 1.4543712 1.511763 7.2290535 1.1491286 12.641723 -2.7526602745056152 0.19038505852222443
