Cyclist 0.0 0 1.842286467552185 393.0780944824219 151.50460815429688 450.1643981933594 259.2021484375 1.6955163 1.8466927 0.5828991 -3.4285667 1.2697787 13.17503 1.5877009630203247 0.22633646428585052
Cyclist 0.0 0 -1.585362195968628 676.7858276367188 188.85714721679688 697.606689453125 247.54583740234375 1.6839902 1.7045292 0.5991091 2.3594673 1.8207412 21.848034 -1.4777846336364746 0.19696173071861267
Car 0.0 0 -1.5790069103240967 575.013427734375 182.16075134277344 604.7666015625 209.3896026611328 3.880062 1.4832218 1.6214865 -1.068892 1.3179427 41.12069 -1.6049951314926147 0.9454314112663269
Car 0.0 0 -1.443321943283081 433.7038269042969 187.837890625 504.3266296386719 239.27828979492188 4.4848127 1.5137851 1.7192614 -4.498811 1.6096411 23.674294 -1.6311122179031372 0.9161003232002258
Car 0.0 0 -1.4102518558502197 483.2472839355469 183.3866424560547 526.5436401367188 215.70803833007812 3.4425848 1.4828794 1.5403773 -4.948851 1.4000955 34.712326 -1.5518651008605957 0.8031242489814758
Car 0.0 0 -1.0337368249893188 20.862886428833008 190.138916015625 238.45492553710938 288.927734375 3.4543784 1.4766235 1.6355299 -8.215398 1.5766098 12.673357 -1.6088749170303345 0.7043041586875916
Car 0.0 0 -0.7855212092399597 0.0 193.70535278320312 56.43100357055664 308.1896057128906 4.1986046 1.4493446 1.6414492 -11.326258 1.6113831 11.51502 -1.5626554489135742 0.4530569612979889
Car 0.0 0 -0.9562031030654907 0.0 192.96372985839844 62.895164489746094 376.0 4.0965114 1.5037718 1.60269 -7.5200787 1.6055464 7.1692486 -1.7654800415039062 0.42395657300949097
Car 0.0 0 1.4219166040420532 516.8159790039062 180.9627227783203 546.137451171875 202.41119384765625 3.9232967 1.5523989 1.625622 -5.796191 1.245709 54.129055 1.3152421712875366 0.23234939575195312
Car 0.0 0 -1.499024748802185 431.9896240234375 179.55152893066406 463.7925720214844 205.6591033935547 3.6687772 1.5102065 1.6220696 -9.660474 1.1836909 43.51203 -1.7174994945526123 0.20538237690925598
