Pedestrian 0.0 0 -1.7880103588104248 710.8718872070312 167.7881317138672 726.9193725585938 201.3471221923828 0.87094826 1.9385743 0.7556996 6.3212905 1.6462959 42.137978 -1.6391066312789917 0.6750122308731079
Pedestrian 0.0 0 1.5171263217926025 193.78009033203125 179.41583251953125 224.60726928710938 246.9671173095703 1.0011425 1.7206268 0.6579912 -10.659902 1.9000754 19.091097 1.0078794956207275 0.16220834851264954
Pedestrian 0.0 0 -1.513535737991333 325.6286926269531 173.15582275390625 339.2212829589844 209.5447540283203 0.60020226 1.8791487 0.6295179 -14.516805 1.8954152 37.646267 -1.8815762996673584 0.12232381105422974
Pedestrian 0.0 0 -2.2312512397766113 1196.0902099609375 145.47962951660156 1242.0 237.20428466796875 0.6993163 1.7179233 0.5287702 11.760883 1.2055829 13.871675 -1.5280158519744873 0.11569350212812424
Pedestrian 0.0 0 1.552243947982788 303.9477233886719 166.47462463378906 320.7454833984375 206.08599853515625 0.5872432 1.8294158 0.7145065 -13.957481 1.5351474 33.7327 1.159925937652588 0.11538109183311462
Car 0.0 0 1.760425090789795 492.12078857421875 179.83399963378906 541.3392944335938 212.27333068847656 4.0202336 1.4165807 1.6008949 -4.425134 1.7700769 34.446224 1.632659912109375 0.9476476311683655
Car 0.0 0 3.169968366622925 484.315185546875 179.66140747070312 550.1614379882812 203.58685302734375 4.3437815 1.563681 1.6702608 -6.2704673 2.0343125 48.79652 3.0421664714813232 0.5038503408432007
Car 0.0 0 1.6072481870651245 555.5116577148438 180.66868591308594 581.1625366210938 206.37144470214844 3.914271 1.589226 1.5564442 -2.7548656 2.1285095 47.78363 1.549659013748169 0.12213491648435593
Car 0.0 0 1.7681002616882324 201.69964599609375 142.99295043945312 270.68212890625 187.78872680664062 3.4420915 1.4709655 1.5222342 -13.19574 0.49077156 25.554688 1.2914406061172485 0.11525856703519821
Car 0.0 0 1.5023784637451172 398.99822998046875 179.37283325195312 419.7003173828125 196.38217163085938 4.0014095 1.5252733 1.6199659 -19.09336 2.164089 68.50866 1.230575680732727 0.1142224371433258
