Pedestrian 0.0 0 2.223590135574341 815.86572265625 166.9434814453125 877.0262451171875 240.20855712890625 1.4592052 1.7299474 0.6845686 5.767631 1.5907453 17.730215 2.538092851638794 0.18513529002666473
Pedestrian 0.0 0 2.560838222503662 828.8070068359375 201.4221954345703 877.3613891601562 275.192626953125 0.96945983 1.8378227 0.70738816 6.278672 2.6010647 18.799343 2.883173942565918 0.12815628945827484
Pedestrian 0.0 0 1.0712579488754272 745.5072631835938 146.47401428222656 799.8405151367188 217.5399169921875 1.9161398 1.8237336 0.58037025 4.32076 1.1471131 19.514738 1.2891528606414795 0.10857848823070526
Pedestrian 0.0 0 -0.9418528079986572 220.2892608642578 169.6711883544922 244.1185302734375 208.31260681152344 0.7077869 1.7573515 0.687395 -17.425652 1.6129603 33.21172 -1.4250519275665283 0.10001988708972931
Cyclist 0.0 0 1.0712579488754272 745.5072631835938 146.47401428222656 799.8405151367188 217.5399169921875 1.9161398 1.8237336 0.58037025 4.32076 1.1471131 19.514738 1.2891528606414795 0.2593500316143036
Cyclist 0.0 0 2.257859468460083 814.8994140625 160.3919677734375 875.536865234375 234.15928649902344 1.3850123 1.7401594 0.6936585 5.720302 1.44654 17.68426 2.5707056522369385 0.18313327431678772
Cyclist 0.0 0 2.557121515274048 161.64501953125 188.1815643310547 195.19505310058594 221.43463134765625 1.4408449 1.740986 0.66565895 -23.531916 2.593081 39.298862 2.0175893306732178 0.15827114880084991
Car 0.0 0 1.7350590229034424 477.125732421875 179.0050811767578 510.5527038574219 203.05419921875 4.010811 1.5178132 1.588538 -7.804034 1.9494047 48.572857 1.575753927230835 0.8522935509681702
Car 0.0 0 2.2925283908843994 79.34727478027344 189.8184051513672 163.99661254882812 224.3730926513672 3.3014638 1.5016291 1.5989373 -23.502317 2.3611295 34.799572 1.698529839515686 0.1274266242980957
Car 0.0 0 1.977297067642212 486.9735107421875 172.81890869140625 520.956787109375 191.13418579101562 3.9391246 1.5202055 1.4499351 -9.089826 1.5176505 61.976284 1.8316690921783447 0.1025419533252716
