Pedestrian 0.0 0 1.2802882194519043 152.93463134765625 170.18251037597656 226.51385498046875 311.8407287597656 0.5450537 1.7667173 0.70417404 -5.5502276 1.7337571 9.439483 0.7487537860870361 0.6070618629455566
Pedestrian 0.0 0 -1.0199977159500122 727.3218383789062 164.4478302001953 782.85986328125 266.19427490234375 0.6460445 1.5774565 0.6350814 2.2886093 1.4474866 11.636564 -0.8258022665977478 0.5989185571670532
Pedestrian 0.0 0 -3.296290397644043 780.0612182617188 148.2450408935547 865.059814453125 270.0807800292969 1.1225767 1.7410996 0.6190509 3.073204 1.389782 10.685694 -3.0162482261657715 0.44708168506622314
Pedestrian 0.0 0 2.7384114265441895 759.9276123046875 147.24185180664062 837.4876708984375 278.8544921875 0.80690604 1.6977408 0.6741792 2.4690328 1.3677139 9.699711 2.9876651763916016 0.4235398471355438
Pedestrian 0.0 0 1.6444162130355835 694.9352416992188 168.76063537597656 707.5321655273438 199.64697265625 0.875744 1.7986374 0.6747976 5.3448915 1.5606226 42.5112 1.7694889307022095 0.3749640882015228
Pedestrian 0.0 0 -2.6170196533203125 792.7031860351562 137.53147888183594 963.5050048828125 302.0177307128906 1.6584852 1.6289417 0.6695392 2.8663645 1.2794933 7.992176 -2.272662878036499 0.12160766869783401
Cyclist 0.0 0 -2.6170196533203125 792.7031860351562 137.53147888183594 963.5050048828125 302.0177307128906 1.6584852 1.6289417 0.6695392 2.8663645 1.2794933 7.992176 -2.272662878036499 0.5312503576278687
Cyclist 0.0 0 1.2898061275482178 964.4916381835938 168.8922882080078 1020.7723388671875 255.0791778564453 1.8168851 1.6253623 0.51027375 7.6273236 1.5510077 14.545589 1.7727620601654053 0.4366532266139984
Cyclist 0.0 0 -1.9836139678955078 784.1061401367188 149.1515350341797 859.6783447265625 275.46722412109375 1.2989782 1.7502186 0.59459543 3.0517297 1.4221573 10.678295 -1.705246090888977 0.2825266718864441
Car 0.0 0 1.819044828414917 404.6421203613281 183.0653839111328 454.7013244628906 213.88180541992188 4.0062757 1.5058285 1.6639572 -9.612386 2.0807748 38.59117 1.5749298334121704 0.9242752194404602
Car 0.0 0 2.077420949935913 77.67818450927734 199.34068298339844 249.27423095703125 281.2608947753906 3.7863996 1.4689704 1.6029522 -9.78825 2.1311488 16.102846 1.5312432050704956 0.9045994877815247
Car 0.0 0 -1.5003715753555298 601.3247680664062 175.31527709960938 630.816162109375 200.0540313720703 4.1152954 1.5151409 1.6259009 0.4024266 1.6821091 46.72464 -1.4917590618133545 0.761784553527832
Car 0.0 0 2.2399492263793945 0.0 208.179443359375 269.61322021484375 375.0 3.5329883 1.490161 1.5653671 -2.4523032 1.690101 2.2001793 1.400412678718567 0.5580320358276367
Car 0.0 0 0.24781322479248047 1013.6614990234375 151.51307678222656 1083.0977783203125 178.00015258789062 3.627962 1.6856718 1.6899455 28.980139 0.32786617 47.80205 0.7928178310394287 0.45773208141326904
Car 0.0 0 -0.7935899496078491 0.0 216.93333435058594 130.6338653564453 375.0 3.8448448 1.4579023 1.5358243 -8.23434 2.1363566 9.142701 -1.5267620086669922 0.3933664858341217
