Car 0.0 0 -1.768500804901123 701.6194458007812 180.22669982910156 847.3648681640625 282.1169738769531 4.3802977 1.4839844 1.6548153 2.6950555 1.6398338 13.019244 -1.564378261566162 0.9667933583259583
Car 0.0 0 0.6810582876205444 0.0 173.43772888183594 289.3704528808594 294.0203857421875 4.1076646 1.4662266 1.547145 -6.7469006 1.4751815 9.701857 0.0734102725982666 0.8982592821121216
Car 0.0 0 3.5708730220794678 11.673914909362793 161.46229553222656 294.017822265625 260.5820007324219 3.6509936 1.4979174 1.4431013 -7.3763194 1.3261216 11.8491535 3.0140600204467773 0.8881933689117432
Car 0.0 0 -0.24886274337768555 796.001953125 175.66183471679688 961.6078491210938 237.45716857910156 3.5767667 1.4496081 1.6151657 6.543191 1.5238222 17.994385 0.09989738464355469 0.8794952630996704
Car 0.0 0 0.29387861490249634 177.1709747314453 175.45504760742188 430.4580078125 255.97698974609375 4.338647 1.476292 1.6481808 -5.9509153 1.5320483 14.328921 -0.0997542291879654 0.8772040009498596
Car 0.0 0 -0.10873229801654816 674.5833740234375 173.1747589111328 745.3003540039062 202.01840209960938 3.886623 1.6322063 1.7300539 5.706108 1.65154 41.76536 0.027050018310546875 0.8532761931419373
Car 0.0 0 3.868804454803467 0.0 166.04135131835938 142.12673950195312 326.0810241699219 3.869136 1.4279759 1.5222915 -7.2415395 1.3675469 7.300035 3.0874288082122803 0.8093181252479553
Car 0.0 0 3.3893043994903564 346.849365234375 172.86204528808594 482.9321594238281 217.33743286132812 4.2142863 1.4619682 1.5489882 -6.60049 1.4626088 24.521982 3.1263697147369385 0.7609705328941345
Car 0.0 0 0.22490954399108887 386.4649658203125 174.13682556152344 507.74993896484375 216.15614318847656 4.181635 1.5243794 1.5984253 -6.0795183 1.5742326 27.02938 0.0036687850952148438 0.7353964447975159
Car 0.0 0 0.8766906261444092 0.0 212.1812744140625 140.5231475830078 375.0 4.0285068 1.4701064 1.5876532 -5.8652563 1.7909153 5.049277 0.01667046546936035 0.6424282193183899
Car 0.0 0 0.19978320598602295 433.11761474609375 171.4972381591797 526.7923583984375 207.1214141845703 3.805095 1.5203816 1.5683044 -5.6911645 1.4628351 31.61652 0.02168440818786621 0.638973593711853
Car 0.0 0 2.911912202835083 718.5250244140625 172.4119110107422 825.3781127929688 209.27877807617188 4.052798 1.4831632 1.5996784 6.6013026 1.4657354 29.849045 3.1295650005340576 0.6379250884056091
Car 0.0 0 -0.2694823741912842 710.6011962890625 171.13217163085938 799.8449096679688 206.6439971923828 3.6116018 1.5398766 1.5861306 6.4020953 1.4655724 32.207966 -0.07326625287532806 0.6291565895080566
Car 0.0 0 2.859606981277466 731.66259765625 176.88088989257812 869.8602294921875 227.83718872070312 3.8670573 1.5138915 1.5435114 5.8055677 1.6438365 22.390558 3.1133065223693848 0.613048791885376
