Pedestrian 0.0 0 2.4427456855773926 122.31419372558594 189.6974334716797 166.2338104248047 246.16824340820312 0.9196245 1.7234062 0.7260056 -14.811708 2.2708988 22.889313 1.8684107065200806 0.38087281584739685
Pedestrian 0.0 0 -0.8668856620788574 1175.4520263671875 153.06826782226562 1242.0 275.74609375 1.0365701 1.776998 0.5698438 9.136104 1.4907581 10.815175 -0.16544821858406067 0.32382121682167053
Pedestrian 0.0 0 0.11692492663860321 726.072998046875 173.28013610839844 735.9567260742188 195.66004943847656 0.7384657 1.8186795 0.5504902 9.875401 1.8541088 59.013554 0.2827298641204834 0.1650557965040207
Pedestrian 0.0 0 1.5776522159576416 836.7767333984375 165.30349731445312 854.9403686523438 211.918212890625 0.75501686 1.7206155 0.63957465 8.813359 1.4422741 27.089447 1.8921942710876465 0.15037097036838531
Pedestrian 0.0 0 0.05203449726104736 798.6620483398438 170.7800750732422 809.2262573242188 193.572998046875 0.80955976 1.8618644 0.59739923 15.930087 1.6928116 59.34603 0.31427979469299316 0.14350898563861847
Pedestrian 0.0 0 -2.8299264907836914 733.174560546875 166.98439025878906 741.6431884765625 189.0995330810547 0.4678474 1.7318431 0.6946989 10.027034 1.2725497 56.917465 -2.655547857284546 0.11964753270149231
Cyclist 0.0 0 3.2682995796203613 177.60311889648438 185.10023498535156 235.94480895996094 235.23304748535156 1.8076985 1.7783753 0.64175963 -14.850536 2.2399993 26.538893 2.758133888244629 0.8239630460739136
Cyclist 0.0 0 -0.8110389709472656 1171.65966796875 152.8443145751953 1242.0 277.6766357421875 1.267546 1.8034921 0.58442897 9.174835 1.5147636 10.779088 -0.10586612671613693 0.16058437526226044
Cyclist 0.0 0 3.3462259769439697 122.07556915283203 190.6135711669922 166.44424438476562 247.429443359375 1.0661954 1.7382064 0.6927405 -14.819515 2.3152068 22.909582 2.772054433822632 0.15912790596485138
Cyclist 0.0 0 2.123232364654541 96.6034927368164 190.0770721435547 124.75161743164062 222.01251220703125 1.513716 1.7588471 0.62620956 -28.63089 2.7645319 41.34163 1.5175280570983887 0.14150580763816833
Car 0.0 0 -1.612924575805664 592.1064453125 173.89752197265625 625.3147583007812 205.38388061523438 4.3744264 1.7012169 1.7093394 -0.1578719 1.7646031 41.353725 -1.6167421340942383 0.7481099963188171
Car 0.0 0 1.8540124893188477 312.6789855957031 177.92111206054688 419.18280029296875 240.27102661132812 4.419239 1.5483176 1.6848983 -6.8237276 1.7085226 20.518967 1.5329606533050537 0.29816314578056335
Car 0.0 0 -2.3476955890655518 41.1771125793457 191.47732543945312 124.60172271728516 220.07383728027344 3.7129638 1.5355414 1.7781388 -30.287537 2.6363592 41.454815 -2.97867488861084 0.15749119222164154
Car 0.0 0 -2.447176933288574 3.6461341381073 202.60336303710938 91.96475982666016 229.84756469726562 4.0341263 1.5389262 1.7615757 -34.08719 3.3829598 43.767258 -3.108874559402466 0.1420208215713501
Car 0.0 0 1.9873037338256836 213.85853576660156 186.7600555419922 369.5165710449219 267.5714416503906 4.070967 1.4759852 1.6090931 -6.8569355 1.8226457 15.922381 1.58065927028656 0.12199891358613968
Car 0.0 0 -0.1827806830406189 120.88530731201172 185.18614196777344 263.6036071777344 235.5981903076172 3.888896 1.4861305 1.6507094 -13.9277725 1.9304738 24.083605 -0.7070984244346619 0.11086878180503845
