Pedestrian 0.0 0 -2.8149023056030273 454.5435791015625 173.0510711669922 471.8116149902344 199.59034729003906 1.0468317 1.7978159 0.5097538 -9.667033 1.2945255 48.211758 -3.0127899646759033 0.3960534334182739
Pedestrian 0.0 0 2.8812801837921143 583.7718505859375 169.62127685546875 599.3057250976562 196.15562438964844 0.98332644 1.8429061 0.5314264 -0.93984526 1.088642 49.493103 2.862293004989624 0.38098224997520447
Pedestrian 0.0 0 0.16243375837802887 517.3497924804688 172.4805908203125 529.1915893554688 196.2298126220703 0.858998 1.8676672 0.51013196 -6.4450073 1.2382524 55.87344 0.047591209411621094 0.3498506247997284
Pedestrian 0.0 0 -3.612666606903076 1009.7335815429688 158.52236938476562 1050.6883544921875 225.77389526367188 0.7344641 1.7261256 0.5747334 11.05582 1.1636224 18.45454 -3.072920799255371 0.3494282364845276
Pedestrian 0.0 0 3.476623058319092 0.0 191.4189910888672 20.682344436645508 226.23092651367188 0.883395 1.8116217 0.70030785 -31.75926 2.4009385 37.57948 2.7749674320220947 0.3389509916305542
Pedestrian 0.0 0 1.5511927604675293 873.3757934570312 137.41615295410156 891.6544189453125 186.6441650390625 0.98191005 1.8495344 0.63153017 10.617569 0.23235275 27.129318 1.9242364168167114 0.31266286969184875
Pedestrian 0.0 0 -2.376948356628418 942.256591796875 135.25193786621094 980.50830078125 196.33460998535156 0.88847446 1.8505393 0.60351557 11.018146 0.4812796 21.935068 -1.91145658493042 0.3078972101211548
Pedestrian 0.0 0 0.40459349751472473 521.7953491210938 170.05271911621094 536.1761474609375 195.7080841064453 0.87347937 1.7890971 0.5131344 -5.335781 1.0618477 49.67503 0.2975900173187256 0.2944314479827881
Pedestrian 0.0 0 -1.9061603546142578 807.4635620117188 150.75453186035156 824.0420532226562 189.38223266601562 0.5073359 1.9406443 0.6741289 10.651566 0.44766945 35.78588 -1.616863489151001 0.2803631126880646
Cyclist 0.0 0 -0.1514039933681488 620.9785766601562 168.15292358398438 649.0877075195312 194.50479125976562 1.8637078 1.8004718 0.6096303 2.067987 0.9581763 48.70801 -0.10897266119718552 0.6510977149009705
Cyclist 0.0 0 2.0573365688323975 400.0056457519531 180.0133056640625 422.01715087890625 210.35186767578125 1.5372038 1.6085966 0.4894378 -10.505856 1.5842012 38.28725 1.7895323038101196 0.567964494228363
Cyclist 0.0 0 -3.634385108947754 998.2088623046875 157.08651733398438 1057.1683349609375 224.43316650390625 1.1924924 1.7259251 0.5661928 10.96785 1.1274873 18.424059 -3.097428321838379 0.18791541457176208
Car 0.0 0 -1.5024473667144775 529.935546875 174.18702697753906 560.67578125 199.68309020996094 3.9315116 1.5015318 1.6266855 -3.643338 1.1311157 43.612812 -1.585792064666748 0.8930740356445312
Car 0.0 0 2.698040723800659 878.7692260742188 146.5757598876953 997.5890502929688 184.10755920410156 4.186878 1.5165772 1.5921855 13.755467 0.14726664 29.373085 3.136009693145752 0.8209841251373291
Car 0.0 0 1.6810259819030762 351.9859313964844 179.18450927734375 384.8342590332031 203.9551544189453 3.9250367 1.537658 1.6054175 -15.337231 1.4573482 45.973087 1.3590235710144043 0.1875676065683365
