Pedestrian 0.0 0 1.2380824089050293 791.3601684570312 166.20643615722656 819.0234375 214.94235229492188 0.96488094 1.8142331 0.7363591 7.351486 1.5671302 27.364164 1.5005390644073486 0.5948634743690491
Pedestrian 0.0 0 1.5091285705566406 1095.6513671875 140.70281982421875 1145.4232177734375 245.10977172851562 0.7941364 1.7948724 0.67669445 9.071661 1.2425154 12.916706 2.1214098930358887 0.33133581280708313
Pedestrian 0.0 0 1.187528133392334 813.0693969726562 164.59902954101562 839.0971069335938 212.84327697753906 0.9027351 1.7912617 0.6504681 8.115928 1.4851203 27.267134 1.476823091506958 0.3053620755672455
Pedestrian 0.0 0 1.4488941431045532 723.4969482421875 171.9857635498047 738.4050903320312 203.96444702148438 1.101492 1.6687217 0.6478382 6.3637447 1.6237731 38.21296 1.6139134168624878 0.2144082486629486
Pedestrian 0.0 0 2.2479686737060547 886.4453125 162.80630493164062 917.2373657226562 215.77813720703125 0.7870674 1.7903786 0.6291796 10.006257 1.4511375 24.85112 2.63075590133667 0.21298477053642273
Cyclist 0.0 0 -1.7980042695999146 771.2443237304688 160.6790771484375 799.7440185546875 215.0771942138672 1.6841578 1.6172268 0.48369786 5.359765 1.2556309 22.292349 -1.5620521306991577 0.894659161567688
Cyclist 0.0 0 -2.14148211479187 962.914306640625 122.08675384521484 1121.6025390625 307.8743591308594 1.721936 1.7573369 0.60081744 4.463803 1.2774951 7.6958017 -1.615875244140625 0.8267940878868103
Cyclist 0.0 0 1.4951095581054688 725.9969482421875 170.13510131835938 739.9013061523438 201.6839141845703 1.135934 1.6457691 0.640401 6.4728947 1.5042932 38.231834 1.6628254652023315 0.2130497246980667
Cyclist 0.0 0 -0.24078083038330078 1080.0660400390625 104.67740631103516 1198.0118408203125 222.1071014404297 1.4677498 1.8375987 0.5526581 8.573073 0.7710949 11.820928 0.386688232421875 0.20270751416683197
Car 0.0 0 1.257415533065796 854.7350463867188 183.11257934570312 887.6474609375 200.58917236328125 4.0704126 1.4763237 1.625395 23.618977 2.4362721 65.42918 1.6038432121276855 0.4569491744041443
Car 0.0 0 -0.6180553436279297 1041.373291015625 181.81179809570312 1103.545654296875 201.1221466064453 3.9430685 1.511654 1.7604774 37.349365 2.2486966 58.360813 -0.04876108467578888 0.23509076237678528
Car 0.0 0 1.5990849733352661 609.605712890625 185.99212646484375 684.3560180664062 255.70925903320312 3.882496 1.4265327 1.6126782 0.8992854 1.7822448 17.513872 1.650386929512024 0.21677172183990479
Car 0.0 0 -0.18632084131240845 710.6690673828125 173.59144592285156 763.9191284179688 192.152587890625 3.984327 1.4660063 1.5537107 10.15446 1.5263132 57.851696 -0.012565141543745995 0.17035718262195587
Car 0.0 0 1.4007840156555176 825.1655883789062 183.8766326904297 852.2542724609375 201.73153686523438 3.9340432 1.4799334 1.658124 20.357927 2.4957812 64.409546 1.7069180011749268 0.15134736895561218
