Pedestrian 0.0 0 -1.2859669923782349 760.4698486328125 155.69554138183594 792.4161376953125 220.39584350585938 0.95965236 1.8922259 0.69574535 4.962478 1.3907672 21.687931 -1.0610263347625732 0.7061256170272827
Pedestrian 0.0 0 -2.404479503631592 5.08264684677124 151.80760192871094 38.233741760253906 200.96783447265625 0.8259826 1.9111766 0.59324116 -23.167982 1.0933247 28.365871 -3.0893540382385254 0.3382233679294586
Cyclist 0.0 0 -1.3191618919372559 761.5740966796875 151.03189086914062 794.58203125 215.92784118652344 1.0675939 1.8832369 0.7200835 4.986887 1.2503318 21.575434 -1.0920135974884033 0.11678452044725418
Car 0.0 0 -1.9190369844436646 720.8483276367188 179.59056091308594 891.5242919921875 286.25726318359375 3.5735667 1.4921262 1.6026293 3.0607784 1.6236281 12.184618 -1.672929048538208 0.9843376278877258
Car 0.0 0 -2.0348973274230957 790.3359985351562 176.45309448242188 1172.3778076171875 375.0 3.6948898 1.4261302 1.5776215 2.9922569 1.4700637 6.8471746 -1.6229016780853271 0.9797741770744324
Car 0.0 0 1.966081976890564 190.45065307617188 187.6094970703125 365.1213684082031 295.3235168457031 3.69925 1.5842806 1.5207816 -5.807877 1.8885411 12.989789 1.5456331968307495 0.9703549742698669
Car 0.0 0 1.8383173942565918 325.5629577636719 187.61863708496094 427.00262451171875 254.41818237304688 3.5361774 1.4355221 1.5310103 -5.785078 1.8430498 18.096773 1.528909683227539 0.9531771540641785
Car 0.0 0 -1.7666758298873901 702.8756713867188 179.52064514160156 798.8339233398438 243.2565460205078 3.7988994 1.3831477 1.6023703 3.332902 1.5671521 17.964191 -1.5832313299179077 0.950055718421936
Car 0.0 0 2.7498233318328857 858.7278442382812 167.7239532470703 948.9248657226562 200.66363525390625 3.6086488 1.5057566 1.4943776 13.65597 1.271607 33.740726 3.1344027519226074 0.5291664600372314
Car 0.0 0 -2.7640697956085205 378.2208251953125 178.85595703125 453.8017272949219 206.14268493652344 3.9562159 1.5497088 1.6924576 -11.432205 1.9126004 42.51273 -3.0267677307128906 0.38732752203941345
Car 0.0 0 -1.1309258937835693 260.26324462890625 163.0035858154297 304.9715576171875 192.6674041748047 4.784758 2.563018 1.7862942 -29.32445 1.7122793 64.74483 -1.5562083721160889 0.2945791780948639
