Pedestrian 0.0 0 -0.6520131826400757 833.292724609375 167.8467559814453 973.9971313476562 375.0 0.68780524 1.6100413 0.74208784 2.1697583 1.5751325 5.53035 -0.2781306505203247 0.6240608096122742
Pedestrian 0.0 0 0.06677311658859253 1038.2283935546875 127.775634765625 1090.1324462890625 221.2783203125 0.84655935 1.820572 0.6451497 9.113448 0.9432179 14.555608 0.6261720657348633 0.2054663747549057
Pedestrian 0.0 0 -2.6980862617492676 384.8995361328125 193.95191955566406 445.6893310546875 293.47332763671875 0.8688796 1.7062799 0.62116456 -3.5273502 2.0954454 12.9121065 -2.9647610187530518 0.19646871089935303
Pedestrian 0.0 0 -0.88451087474823 546.99853515625 149.30670166015625 568.518798828125 193.0114288330078 0.63366157 1.9042765 0.7078258 -2.3492684 0.87864536 31.898415 -0.9580265879631042 0.17334167659282684
Pedestrian 0.0 0 -1.6884946823120117 624.1964721679688 183.87728881835938 641.4188842773438 227.00994873046875 0.80134314 1.6053773 0.5640613 0.8216141 2.0322778 27.493069 -1.6586191654205322 0.13883301615715027
Pedestrian 0.0 0 -1.4428985118865967 489.14013671875 187.01951599121094 516.9207763671875 250.2017059326172 0.72897816 1.6463008 0.65064394 -2.907872 2.033612 19.335812 -1.5921677350997925 0.13517342507839203
Pedestrian 0.0 0 1.4259822368621826 431.6473693847656 175.75836181640625 473.3636474609375 269.06689453125 0.79285324 1.7173108 0.6689569 -3.070819 1.7751857 13.796875 1.2069785594940186 0.13157939910888672
Pedestrian 0.0 0 2.745086908340454 836.576171875 167.69581604003906 954.7257080078125 375.0 0.7711036 1.7076696 0.60095906 2.381368 1.665818 6.2137156 3.11106538772583 0.12884339690208435
Pedestrian 0.0 0 -1.9886863231658936 867.675048828125 156.45147705078125 886.7105712890625 192.57159423828125 0.7043639 1.8665428 0.70589745 13.904803 1.0192842 37.65753 -1.6349718570709229 0.1286950409412384
Cyclist 0.0 0 -2.9591100215911865 648.3849487304688 171.19017028808594 681.2813720703125 204.62594604492188 1.7278761 1.8196516 0.6037355 2.9891355 1.7294608 39.776913 -2.884103536605835 0.13096562027931213
Car 0.0 0 -1.665231466293335 804.6293334960938 175.89364624023438 870.9243774414062 226.85768127441406 4.1426387 1.4451845 1.5985382 7.0866685 1.5512974 22.910057 -1.3652410507202148 0.9409505724906921
Car 0.0 0 -2.51825213432312 297.3048095703125 180.6171875 507.1223449707031 261.39447021484375 4.083076 1.5307193 1.7133276 -4.4813957 1.7133336 15.446756 -2.800619125366211 0.8081502914428711
Car 0.0 0 -1.6547462940216064 787.156494140625 164.57215881347656 826.1105346679688 199.037109375 4.044246 1.7660207 1.6930488 10.56541 1.3420081 39.11057 -1.390902042388916 0.3543688952922821
Car 0.0 0 -0.5611413717269897 903.52490234375 184.60719299316406 1242.0 375.0 3.9671848 1.5005174 1.5859585 3.8431225 1.5855632 4.022445 0.2014622688293457 0.19752366840839386
Car 0.0 0 -2.9269163608551025 610.7780151367188 177.91067504882812 681.9864501953125 207.18331909179688 3.7248185 1.5759174 1.7096633 2.0293224 1.8700756 40.607365 -2.876983642578125 0.15358500182628632
Car 0.0 0 1.3967716693878174 928.9125366210938 185.91004943847656 993.1644287109375 227.61814880371094 3.7738523 1.4430379 1.6199162 13.62284 1.9918606 28.271997 1.8457934856414795 0.1502506285905838
