Car 0.0 0 -1.6904850006103516 669.933349609375 180.6814422607422 733.9964599609375 232.54037475585938 3.4987187 1.4466642 1.5468627 2.7320726 1.709093 22.404476 -1.569140911102295 0.9789296984672546
Car 0.0 0 -1.9232933521270752 748.603271484375 179.04095458984375 987.935302734375 336.8432922363281 3.3474326 1.4868144 1.5483618 2.7651768 1.5758544 8.634439 -1.6133639812469482 0.9660129547119141
Car 0.0 0 0.5438271760940552 0.0 188.16029357910156 327.5259094238281 309.5889892578125 3.964013 1.5093764 1.5220437 -6.2323647 1.7378085 9.957137 -0.015432966873049736 0.938970685005188
Car 0.0 0 -0.14712686836719513 722.510498046875 173.57252502441406 840.3576049804688 220.70819091796875 4.168992 1.731374 1.6881884 6.419122 1.7601706 27.543095 0.08184337615966797 0.9289137125015259
Car 0.0 0 0.7348002195358276 0.0 185.37396240234375 256.1156311035156 361.0193786621094 4.185218 1.5251906 1.6217514 -6.1056542 1.6672395 7.276062 0.036643266677856445 0.9077697992324829
Car 0.0 0 3.584023952484131 72.42568969726562 146.35556030273438 342.5578308105469 249.77513122558594 3.7200453 1.6468064 1.6323776 -6.8043165 1.2252148 12.411244 3.0825345516204834 0.8961230516433716
Car 0.0 0 0.3253297507762909 261.33074951171875 182.61111450195312 452.08197021484375 250.49395751953125 4.1502047 1.5752668 1.5773413 -6.185281 1.8270448 17.781551 -0.009426809847354889 0.8760046362876892
Car 0.0 0 0.3587425649166107 319.5703125 177.8431854248047 481.5092468261719 238.29495239257812 4.017839 1.5850217 1.5721678 -5.78653 1.7302476 20.009378 0.07723164558410645 0.827144980430603
Car 0.0 0 3.5310873985290527 151.82485961914062 178.21536254882812 376.11224365234375 256.4939270019531 3.9062629 1.5158004 1.5267024 -7.088972 1.6337291 14.953973 3.088412284851074 0.7129685282707214
Car 0.0 0 1.5121252536773682 630.2324829101562 175.31463623046875 653.9744873046875 197.18838500976562 3.7812822 1.6319963 1.6213512 2.4424996 1.8303802 56.161915 1.5555882453918457 0.6015313863754272
