Pedestrian 0.0 0 -2.765827178955078 441.29559326171875 160.8032989501953 454.3959655761719 193.486083984375 0.54504335 1.8666044 0.62618834 -9.372034 1.1787137 41.55744 -2.9876365661621094 0.24717499315738678
Pedestrian 0.0 0 1.0899103879928589 396.2925720214844 159.1696319580078 415.11102294921875 201.46820068359375 0.5394942 1.8780922 0.63685364 -9.228192 1.2708524 32.448948 0.8128345012664795 0.21288903057575226
Pedestrian 0.0 0 1.5360044240951538 1185.5205078125 158.74868774414062 1242.0 281.4978942871094 0.7536095 1.647505 0.5902898 8.437629 1.4585454 10.160154 2.229046106338501 0.2118312269449234
Pedestrian 0.0 0 -1.3699861764907837 235.13760375976562 158.06654357910156 253.1130828857422 197.69300842285156 0.51370937 1.8522162 0.66850066 -17.307182 1.1613804 34.059837 -1.8401249647140503 0.19160838425159454
Pedestrian 0.0 0 -2.1650967597961426 1158.7435302734375 106.90892791748047 1242.0 227.0710906982422 1.5920256 1.7215315 0.47021186 9.206394 0.7771118 11.149406 -1.4748626947402954 0.10478251427412033
Cyclist 0.0 0 -2.1650967597961426 1158.7435302734375 106.90892791748047 1242.0 227.0710906982422 1.5920256 1.7215315 0.47021186 9.206394 0.7771118 11.149406 -1.4748626947402954 0.20283854007720947
Car 0.0 0 -1.9992940425872803 813.8283081054688 178.09927368164062 1203.3875732421875 375.0 3.7016459 1.4955199 1.6252022 3.1687376 1.5584316 6.7426534 -1.559970736503601 0.9739468097686768
Car 0.0 0 -1.836241602897644 730.1273193359375 175.6678924560547 871.2180786132812 274.7958984375 3.3884056 1.5364217 1.5764345 3.2175198 1.5941219 12.989411 -1.5934257507324219 0.9599562287330627
Car 0.0 0 -1.4009215831756592 414.6012878417969 180.2207794189453 516.5775146484375 256.6328125 3.9239967 1.5133276 1.6518496 -3.2424924 1.7039138 16.649046 -1.5932692289352417 0.9537119269371033
Car 0.0 0 -1.7931076288223267 684.5189819335938 180.55157470703125 786.038330078125 250.59291076660156 3.74759 1.4935808 1.6375144 2.900882 1.7035428 17.725035 -1.6308856010437012 0.946765661239624
Car 0.0 0 -1.6194562911987305 654.6592407226562 175.80706787109375 695.54931640625 212.71835327148438 3.5105474 1.4657756 1.5527893 2.6804154 1.5991715 30.719269 -1.532421588897705 0.9341984391212463
Car 0.0 0 -1.5989606380462646 624.8888549804688 173.0832977294922 647.8412475585938 195.0500030517578 3.664209 1.6485096 1.6726944 1.9922948 1.6672568 56.022305 -1.563413143157959 0.7298057079315186
