Pedestrian 0.0 0 1.8901828527450562 477.84552001953125 179.62266540527344 495.6145324707031 209.4715118408203 1.7709821 1.7387997 0.52489054 -7.431119 2.154509 43.358906 1.7204457521438599 0.12515757977962494
Cyclist 0.0 0 1.8901828527450562 477.84552001953125 179.62266540527344 495.6145324707031 209.4715118408203 1.7709821 1.7387997 0.52489054 -7.431119 2.154509 43.358906 1.7204457521438599 0.4906321167945862
Car 0.0 0 -1.9361310005187988 788.997802734375 173.8926544189453 1068.760009765625 349.25726318359375 3.5016744 1.5022432 1.5605757 3.1218438 1.5165882 7.9565125 -1.5622252225875854 0.9818354845046997
Car 0.0 0 -1.8920552730560303 648.1653442382812 178.49407958984375 711.4507446289062 218.01979064941406 3.459874 1.4843249 1.5491269 2.7448487 1.7297215 29.48479 -1.7992291450500488 0.9528821110725403
Car 0.0 0 2.054859161376953 30.62457275390625 199.88758850097656 393.56964111328125 375.0 3.8349628 1.4716293 1.6012964 -3.7259572 1.8263429 7.5190253 1.5947880744934082 0.9523335099220276
Car 0.0 0 -3.2055914402008057 782.800048828125 174.27810668945312 919.1295166015625 232.12110900878906 3.7560515 1.6337087 1.6553681 7.0981154 1.679425 21.708618 -2.8895766735076904 0.9157506227493286
Car 0.0 0 -2.408106803894043 947.9268798828125 184.5081787109375 1242.0 375.0 3.7705574 1.5203533 1.6024628 3.018615 1.598055 2.8786728 -1.5989831686019897 0.7901725172996521
Car 0.0 0 1.3647266626358032 593.2015991210938 178.1886444091797 631.0789184570312 204.95016479492188 3.6548438 1.5349164 1.5940655 0.055237025 1.8758506 44.110588 1.3659789562225342 0.6957694292068481
Car 0.0 0 -3.4428253173828125 947.620361328125 171.07611083984375 1102.84130859375 227.35960388183594 3.5650945 1.5284683 1.5376763 11.758393 1.480545 20.723005 -2.926715612411499 0.67824786901474
Car 0.0 0 2.5252859592437744 0.0 231.9037628173828 111.16572570800781 375.0 3.8332903 1.4884155 1.5724076 -3.8812418 1.8565049 2.5472667 1.5352822542190552 0.5261768698692322
