Pedestrian 0.0 0 1.7538108825683594 811.8230590820312 157.3096466064453 841.6427001953125 224.3999786376953 0.5870572 1.6447189 0.6208032 5.3878293 1.2640072 18.08838 2.043304443359375 0.6887678503990173
Pedestrian 0.0 0 0.5317506790161133 68.9951171875 169.80026245117188 105.18021392822266 233.39700317382812 0.5936973 1.7864313 0.6432276 -14.979867 1.7010102 20.614 -0.09666052460670471 0.4058501124382019
Pedestrian 0.0 0 -2.474236488342285 1218.9769287109375 132.32933044433594 1242.0 189.90696716308594 0.68983513 1.9297698 0.5809283 21.287827 0.57190454 24.57376 -1.7603648900985718 0.1586402803659439
Pedestrian 0.0 0 0.2940877676010132 716.2030639648438 161.57949829101562 736.1275024414062 193.73159790039062 0.9853078 1.7858474 0.5609659 6.4929852 1.1599776 40.54193 0.4528939723968506 0.15504729747772217
Pedestrian 0.0 0 -3.109042167663574 1194.7425537109375 146.81365966796875 1242.0 256.3942565917969 0.77524686 1.7221364 0.5674499 10.037023 1.313252 11.807342 -2.4045097827911377 0.15424881875514984
Pedestrian 0.0 0 -1.7502098083496094 793.9678955078125 163.5462188720703 810.5855712890625 202.13821411132812 0.6939939 1.8752474 0.6744686 9.39988 1.4233245 35.43074 -1.490881085395813 0.1199723407626152
Car 0.0 0 2.0533180236816406 190.4994659423828 188.04254150390625 315.0137023925781 243.32568359375 4.3754535 1.483822 1.6724234 -11.14328 2.0104537 22.788055 1.598511815071106 0.9567331075668335
Car 0.0 0 -1.5623829364776611 596.3838500976562 173.15138244628906 622.8297729492188 198.23593139648438 4.0673485 1.527022 1.6119317 -0.041803207 1.5471846 46.008923 -1.5632915496826172 0.6946258544921875
Car 0.0 0 -1.6902011632919312 671.48583984375 177.77064514160156 701.4014282226562 203.903564453125 3.3434236 1.5083168 1.4175456 4.589994 1.8196917 43.957806 -1.5861600637435913 0.14063775539398193
Car 0.0 0 2.094592571258545 0.0 184.44436645507812 20.970802307128906 264.7308654785156 4.103818 1.5094651 1.58874 -15.493226 1.807887 16.37253 1.33678138256073 0.12796156108379364
Car 0.0 0 1.897186040878296 394.9748229980469 169.3343963623047 472.55950927734375 211.62847900390625 4.2568374 1.5193758 1.6537466 -6.7994213 1.3932953 28.111372 1.6598695516586304 0.12535668909549713
Car 0.0 0 1.5968204736709595 264.94171142578125 174.02301025390625 285.08978271484375 193.9346923828125 3.8995218 1.709521 1.5292114 -29.837343 1.8174253 64.28386 1.1622620820999146 0.11973921954631805
Car 0.0 0 1.7092775106430054 460.6945495605469 175.2434539794922 501.97039794921875 207.43215942382812 3.960984 1.5933086 1.6104822 -6.7595663 1.7262375 38.020214 1.5333272218704224 0.11864390224218369
