Pedestrian 0.0 0 2.7303762435913086 808.3295288085938 145.65972900390625 854.465087890625 222.30072021484375 0.8863577 1.8193641 0.6408354 5.3114667 1.1741633 17.495428 3.025125026702881 0.41267848014831543
Pedestrian 0.0 0 -1.497792363166809 1058.787109375 101.81145477294922 1146.976806640625 237.63571166992188 0.41103914 1.7290998 0.94679564 6.523096 0.8250562 9.637315 -0.9027671813964844 0.1661032736301422
Pedestrian 0.0 0 -2.169701099395752 258.3420715332031 162.3108367919922 287.76409912109375 218.6385498046875 0.586787 1.7365144 0.61288863 -10.624218 1.4118395 22.65442 -2.6082170009613037 0.16286318004131317
Pedestrian 0.0 0 2.366969585418701 917.9794311523438 139.427001953125 949.8563232421875 201.60614013671875 0.6553065 1.8108721 0.5629614 9.55308 0.83772 21.388659 2.7870278358459473 0.11537949740886688
Pedestrian 0.0 0 -2.0040247440338135 731.9955444335938 135.55105590820312 774.6632690429688 198.92100524902344 1.6043959 1.7319454 0.56703687 4.0171413 0.712788 20.564014 -1.8111062049865723 0.10089218616485596
Cyclist 0.0 0 -2.084062099456787 728.5308837890625 139.3343505859375 775.3345336914062 202.97146606445312 1.7118446 1.7365046 0.5334633 3.9784546 0.8221918 20.582632 -1.8931249380111694 0.21915559470653534
Car 0.0 0 1.9071980714797974 28.314090728759766 186.6455535888672 421.3710632324219 375.0 4.527796 1.4345361 1.6703873 -3.1011932 1.6111389 6.8903356 1.484278678894043 0.9368135333061218
Car 0.0 0 1.7839901447296143 422.62811279296875 155.861083984375 529.2879638671875 237.30711364746094 4.313905 1.7727426 1.7061834 -3.2154164 1.403235 17.887886 1.606135606765747 0.9259545803070068
Car 0.0 0 -1.2665820121765137 645.9955444335938 163.60153198242188 696.67236328125 195.11050415039062 3.5521052 1.5206921 1.5824912 3.1350784 1.0745053 36.76372 -1.181511402130127 0.5952076315879822
Car 0.0 0 1.8365187644958496 321.8652038574219 164.29954528808594 486.5376281738281 279.13824462890625 4.0586257 1.6408377 1.6564728 -3.3404682 1.5189676 12.337112 1.5720932483673096 0.29662445187568665
Car 0.0 0 1.345649003982544 726.7402954101562 158.99302673339844 792.7561645507812 200.02320861816406 4.1109076 1.455173 1.5808856 5.605505 0.963939 27.661976 1.5455845594406128 0.19269321858882904
