Pedestrian 0.0 0 -1.6204174757003784 803.4786376953125 164.9649200439453 818.6793823242188 201.44235229492188 0.8585193 1.8153225 0.6955638 10.101964 1.4230747 36.400116 -1.3497047424316406 0.34298932552337646
Pedestrian 0.0 0 1.6323106288909912 194.10572814941406 173.90823364257812 231.78077697753906 256.3958740234375 1.0969614 1.7533299 0.6678346 -8.833564 1.7779864 15.989035 1.127568244934082 0.1898927539587021
Pedestrian 0.0 0 -1.4726519584655762 373.8973388671875 162.77931213378906 389.7495422363281 202.9750213623047 0.5498621 1.9155691 0.6776283 -11.016202 1.4358071 34.72218 -1.7798737287521362 0.18322467803955078
Pedestrian 0.0 0 -0.2999882698059082 1020.9637451171875 118.26720428466797 1164.6103515625 324.95770263671875 0.9748343 1.8322268 0.6726583 4.4847865 1.348695 6.8511777 0.2796144485473633 0.1331348866224289
Pedestrian 0.0 0 1.1600598096847534 348.04522705078125 156.80931091308594 369.0257568359375 200.6092987060547 0.5541269 1.8478414 0.6830919 -10.80113 1.1713036 30.872978 0.8235123157501221 0.12205943465232849
Pedestrian 0.0 0 -1.2506853342056274 419.8638000488281 160.4764862060547 434.3376159667969 192.49160766601562 0.76793724 1.9046404 0.63389385 -11.013597 1.1686363 43.328453 -1.499602198600769 0.10127653181552887
Car 0.0 0 1.7865417003631592 512.8534545898438 178.95773315429688 584.341796875 224.8771514892578 3.9958947 1.4115517 1.6283737 -2.0643568 1.6395621 24.82042 1.7035609483718872 0.9585312008857727
Car 0.0 0 1.6080397367477417 585.2914428710938 175.6409454345703 615.3143920898438 203.6389617919922 3.7888803 1.4983896 1.5639533 -0.54563755 1.6641438 40.905647 1.5947016477584839 0.48386767506599426
Car 0.0 0 -1.366931676864624 400.5286865234375 158.8209228515625 440.9620666503906 186.77125549316406 3.7212558 1.6542368 1.7005568 -11.679317 0.8240489 44.603848 -1.6230275630950928 0.2161361128091812
Car 0.0 0 3.301262855529785 270.3597717285156 157.9266357421875 365.8547668457031 194.8394317626953 3.6016195 1.5276914 1.5863556 -12.518212 0.9102577 31.032158 2.9178333282470703 0.13484503328800201
Car 0.0 0 -1.7644160985946655 509.3360595703125 158.84793090820312 557.1700439453125 190.8294677734375 4.050368 1.5434533 1.6804106 -4.029164 0.8678673 37.002674 -1.8728772401809692 0.11607162654399872
