Pedestrian 0.0 0 -2.5101633071899414 399.4782409667969 157.11993408203125 426.9608154296875 201.4070281982422 0.87893134 1.7859279 0.6380208 -8.098467 1.1517918 29.54864 -2.7776668071746826 0.39302000403404236
Pedestrian 0.0 0 -2.2329065799713135 777.4680786132812 167.69798278808594 794.0848999023438 199.83782958984375 0.68123037 1.8271686 0.6448753 10.0643635 1.5344039 41.460175 -1.9947651624679565 0.2857067286968231
Pedestrian 0.0 0 1.0940608978271484 108.94486236572266 166.7991943359375 137.90269470214844 211.50869750976562 0.80501515 1.8497711 0.7210251 -20.51346 1.5996222 30.358828 0.4998304843902588 0.15922968089580536
Cyclist 0.0 0 1.5203288793563843 632.7467041015625 178.48667907714844 642.292724609375 204.43565368652344 1.5583739 1.6634909 0.54633343 1.7709526 2.03981 47.374783 1.5576932430267334 0.21691791713237762
Car 0.0 0 2.142279624938965 0.0 199.7391815185547 136.03184509277344 299.2012634277344 3.4236076 1.3878878 1.524905 -10.220386 1.9319551 12.808661 1.4688036441802979 0.9418938159942627
Car 0.0 0 1.5434976816177368 428.152099609375 176.73716735839844 459.4728088378906 205.00991821289062 3.7723193 1.454088 1.5681332 -9.212018 1.6789255 39.685223 1.3154098987579346 0.4815327227115631
Car 0.0 0 1.6921768188476562 896.6851196289062 167.99920654296875 939.4808959960938 198.04779052734375 3.822383 1.4617491 1.5764648 15.862064 1.2259395 37.14619 2.095754861831665 0.22571204602718353
Car 0.0 0 0.4422374963760376 942.2579345703125 174.95956420898438 1033.81689453125 205.85153198242188 3.8140626 1.472301 1.5683485 19.100218 1.585438 36.65099 0.922652006149292 0.18927666544914246
Car 0.0 0 1.5593197345733643 902.6967163085938 162.04873657226562 935.4086303710938 191.70896911621094 3.761757 1.6308373 1.666391 17.804865 1.0370787 41.726753 1.9626306295394897 0.18703582882881165
Car 0.0 0 1.4026834964752197 629.6885375976562 177.8221435546875 664.3280639648438 201.35813903808594 3.7656243 1.4862428 1.7055702 2.4079423 1.8331889 48.36286 1.4524314403533936 0.16875438392162323
Car 0.0 0 3.480297327041626 15.315759658813477 172.6236572265625 148.52476501464844 210.23785400390625 4.295941 1.538076 1.6737279 -22.541765 1.5290155 30.919949 2.850348472595215 0.15874381363391876
