Car 0.0 0 -1.7206134796142578 667.4573364257812 176.7215576171875 738.064697265625 229.25706481933594 3.8555646 1.4939469 1.6276312 2.7862823 1.6267276 22.752413 -1.5987592935562134 0.9792710542678833
Car 0.0 0 -1.8594439029693604 728.6844482421875 181.04893493652344 929.2263793945312 313.440185546875 4.046719 1.5535069 1.6819042 2.933772 1.6992744 10.7584 -1.5932210683822632 0.9692036509513855
Car 0.0 0 -2.094813823699951 836.97900390625 197.96426391601562 1242.0 375.0 3.4335632 1.4585431 1.5585533 2.8684943 1.6950659 5.060198 -1.5791078805923462 0.9526733756065369
Car 0.0 0 -2.6841158866882324 150.76797485351562 161.2440643310547 389.7319641113281 255.24346923828125 3.73672 1.6542188 1.5971503 -6.300218 1.4502628 13.534125 -3.1197896003723145 0.9308663010597229
Car 0.0 0 -2.458315849304199 0.0 143.7555694580078 268.93182373046875 288.7059631347656 3.6888738 1.6033839 1.5617723 -6.447886 1.2818666 8.8580265 -3.087531805038452 0.9068019390106201
Car 0.0 0 0.7759571075439453 0.0 154.17564392089844 241.69692993164062 353.4872741699219 4.2491393 1.5663682 1.6279871 -5.936324 1.419935 6.5682383 0.04105067253112793 0.869568943977356
Car 0.0 0 -1.6928439140319824 646.388427734375 170.90931701660156 691.4317016601562 209.9659881591797 3.852372 1.7093128 1.616886 2.6398458 1.6245617 33.534813 -1.6142863035202026 0.8631231784820557
Car 0.0 0 0.4191928505897522 312.2203063964844 172.05299377441406 474.6258544921875 230.87339782714844 4.295482 1.6486124 1.6530832 -6.384134 1.6265197 21.314749 0.12817907333374023 0.8627842664718628
Car 0.0 0 -2.891674757003784 369.66455078125 164.20187377929688 499.1351318359375 213.74334716796875 4.261806 1.732837 1.7208608 -6.3268642 1.4305652 26.121387 -3.1293084621429443 0.812556266784668
Car 0.0 0 -2.4902987480163574 30.090608596801758 189.17291259765625 346.2590637207031 302.08563232421875 4.0481353 1.5152656 1.5735083 -6.379213 1.7882315 11.015026 -3.0152368545532227 0.7932139039039612
