Pedestrian 0.0 0 -3.1947133541107178 1090.7548828125 175.65467834472656 1112.897216796875 218.4657440185547 0.7544833 1.8207257 0.71316767 21.254303 1.9443336 31.249624 -2.5974369049072266 0.4034065008163452
Car 0.0 0 -1.3467814922332764 736.3268432617188 181.70814514160156 849.7666015625 265.173583984375 3.5072532 1.4910442 1.5719198 3.9038322 1.7016654 15.213 -1.0955898761749268 0.9703605771064758
Car 0.0 0 2.0004568099975586 519.0924072265625 175.16925048828125 757.946533203125 326.71917724609375 3.680503 1.4933487 1.6041392 0.51567864 1.5295638 9.170166 2.0566320419311523 0.9564393162727356
Car 0.0 0 -0.8113235235214233 80.9085922241211 183.9718475341797 580.7600708007812 375.0 3.2612975 1.4305335 1.5201571 -1.7068032 1.5400808 5.284548 -1.1237273216247559 0.9499136805534363
Car 0.0 0 -1.8260526657104492 1056.5653076171875 200.04617309570312 1242.0 375.0 2.9526825 1.4821355 1.4956554 5.180529 1.7950809 6.6398854 -1.1634936332702637 0.9084007740020752
Car 0.0 0 -1.6692004203796387 1018.1409301757812 188.88601684570312 1098.9766845703125 250.3737335205078 3.3864334 1.4473568 1.5403564 12.165559 1.9292736 19.810755 -1.118485927581787 0.8451083302497864
Car 0.0 0 1.6224126815795898 874.9326171875 176.94631958007812 919.731689453125 215.36416625976562 4.1186028 1.6031064 1.6828293 13.070815 1.8021249 32.8017 2.001607894897461 0.809646725654602
Car 0.0 0 0.3353373408317566 730.701904296875 169.84634399414062 834.0582275390625 207.42747497558594 3.741249 1.425323 1.5536398 6.8673053 1.3116109 29.023466 0.5676765441894531 0.6783928275108337
Car 0.0 0 -1.3149431943893433 898.8218383789062 178.18966674804688 950.8961181640625 210.01486206054688 4.1215477 1.6245874 1.6350316 17.315176 1.9340063 39.66671 -0.9033584594726562 0.4894976317882538
Car 0.0 0 -0.36101919412612915 0.0 175.6604461669922 162.6787872314453 375.0 3.7935615 1.4706568 1.5192851 -5.3262143 1.4974769 4.7576504 -1.202741265296936 0.47271928191185
