Pedestrian 0.0 0 1.8756829500198364 783.0551147460938 128.19935607910156 838.0982055664062 241.3550567626953 0.7119668 1.8138379 0.7068717 3.3031857 1.0984006 12.053873 2.1431519985198975 0.20672482252120972
Pedestrian 0.0 0 -0.19302545487880707 506.4673767089844 171.89266967773438 522.1072998046875 213.7819366455078 0.5530973 1.8094858 0.7031164 -4.233625 1.768317 31.587084 -0.3262616693973541 0.17561772465705872
Pedestrian 0.0 0 0.2760378420352936 0.0 92.2777328491211 110.10655975341797 261.82391357421875 1.241867 1.8097732 0.5973169 -6.56208 0.95004237 8.215062 -0.39796265959739685 0.16389159858226776
Pedestrian 0.0 0 -0.6958432197570801 547.5723876953125 167.3509063720703 564.01611328125 202.83889770507812 0.58956045 1.8894671 0.6716002 -2.956084 1.596827 38.859924 -0.771767258644104 0.16075679659843445
Pedestrian 0.0 0 -0.3694027364253998 935.4767456054688 122.86602783203125 1042.845458984375 274.2579040527344 1.0756339 1.8464022 0.54998857 4.719461 1.2370979 9.128495 0.10775470733642578 0.1572762131690979
Pedestrian 0.0 0 2.6518986225128174 834.1594848632812 132.919189453125 927.5725708007812 284.3178405761719 0.9821127 1.8471844 0.5077346 3.35812 1.3603057 9.119077 3.0047402381896973 0.13453687727451324
Pedestrian 0.0 0 3.4292402267456055 112.2730484008789 98.53128051757812 202.172119140625 256.55859375 0.8140127 1.8626033 0.5574014 -5.6052723 0.98694956 8.880596 2.8662078380584717 0.11283528059720993
Cyclist 0.0 0 3.428490161895752 176.18161010742188 139.63404846191406 259.7589111328125 243.62451171875 1.2543123 1.8711294 0.56839806 -7.3046255 1.2737513 13.3901615 2.929091453552246 0.14872616529464722
Cyclist 0.0 0 -1.8732078075408936 721.119873046875 154.43057250976562 738.0387573242188 188.88804626464844 1.5667567 1.7878207 0.43535027 6.292699 0.8322821 38.24013 -1.7101119756698608 0.12032206356525421
Car 0.0 0 1.9805490970611572 130.6405792236328 177.6953125 427.03173828125 357.9878234863281 4.380787 1.7146885 1.7100353 -3.8221588 1.7914495 9.181016 1.5860610008239746 0.9190763831138611
Car 0.0 0 -1.4469894170761108 662.2626953125 169.36090087890625 703.23095703125 201.69117736816406 3.350732 1.4519228 1.531927 3.451429 1.2954091 34.20464 -1.3464245796203613 0.7857179045677185
Car 0.0 0 2.232994318008423 0.0 182.77207946777344 237.958251953125 375.0 4.200763 1.6042899 1.6622734 -3.7348015 1.687029 3.809593 1.4575093984603882 0.7221880555152893
Car 0.0 0 -1.2076417207717896 414.6085510253906 157.13446044921875 478.36663818359375 199.795654296875 4.3037972 1.9927027 1.6766452 -8.096247 1.2588016 35.948948 -1.4291609525680542 0.1842268407344818
Car 0.0 0 1.8706632852554321 610.959228515625 165.80941772460938 653.1632080078125 194.20677185058594 4.2255464 1.8571695 1.7212275 1.5330596 1.3968165 49.46312 1.9016473293304443 0.15757600963115692
Car 0.0 0 1.7619904279708862 557.614013671875 165.05892944335938 593.6649169921875 191.3345184326172 3.3401017 1.6445794 1.7410078 -2.2282667 1.1570469 46.93554 1.7145509719848633 0.1391025334596634
