Pedestrian 0.0 0 -0.23748350143432617 1047.3450927734375 119.79376220703125 1183.380126953125 300.2442626953125 1.0492433 1.8008323 0.6573161 5.3551474 1.1966996 7.550711 0.3794064521789551 0.8119174242019653
Pedestrian 0.0 0 0.7536756992340088 444.12646484375 163.10240173339844 504.19757080078125 271.64892578125 0.7434017 1.7094564 0.62367743 -2.1888382 1.4371246 11.5927515 0.5670616626739502 0.755098819732666
Pedestrian 0.0 0 -0.4417916536331177 989.9866943359375 118.00234985351562 1067.942138671875 248.84225463867188 0.8273029 1.759969 0.40613532 5.7862997 0.92096466 9.746742 0.09395670890808105 0.6443344354629517
Pedestrian 0.0 0 0.383158415555954 413.1623229980469 167.67481994628906 483.72247314453125 284.0949401855469 0.96225613 1.755301 0.47409785 -2.4678335 1.5635924 10.966881 0.1618192195892334 0.5886995196342468
Pedestrian 0.0 0 -0.28652167320251465 508.1265869140625 165.27813720703125 521.0505981445312 187.06210327148438 0.994194 1.862262 0.53162235 -7.767481 0.56217486 60.882153 -0.41341835260391235 0.3207397758960724
Pedestrian 0.0 0 -0.8412694334983826 271.59765625 180.8592529296875 322.3078308105469 262.107177734375 0.7584533 1.6080126 0.5977484 -6.3280654 1.6172065 14.445909 -1.254143476486206 0.2925719916820526
Pedestrian 0.0 0 -1.3639369010925293 788.9439086914062 163.61241149902344 805.675048828125 196.21791076660156 0.75816387 1.7193799 0.72306585 10.268253 0.8302614 37.781773 -1.0985686779022217 0.24442017078399658
Cyclist 0.0 0 1.0712039470672607 973.1776733398438 138.92593383789062 1024.9498291015625 205.863037109375 1.6021564 1.6907268 0.47985122 10.335137 0.6422238 18.656557 1.577088475227356 0.44868478178977966
Cyclist 0.0 0 -0.08021903038024902 769.8790893554688 156.38304138183594 799.4462890625 188.525146484375 1.6059326 1.8255595 0.5179752 10.28733 0.45718554 40.54275 0.16827678680419922 0.2538541853427887
Car 0.0 0 -0.8178064823150635 0.0 204.4205780029297 299.39849853515625 370.0 3.89544 1.4499705 1.5963186 -3.1748185 1.6331987 3.4100332 -1.5674992799758911 0.8190551996231079
Car 0.0 0 -1.5824694633483887 652.7409057617188 167.3230438232422 678.00634765625 193.40911865234375 4.080247 1.7031463 1.6456898 4.0941453 0.84415853 48.252594 -1.49782395362854 0.8111087083816528
Car 0.0 0 1.854951024055481 445.0589599609375 171.10545349121094 487.83172607421875 197.81776428222656 3.840009 1.5836984 1.5948637 -8.551307 1.0280906 43.899006 1.6625652313232422 0.42194002866744995
