Pedestrian 0.0 0 -0.9961501359939575 597.1668701171875 178.9208984375 620.222900390625 224.5178985595703 0.61522865 1.7934313 0.70395124 -0.09343705 2.0409713 28.945555 -0.9993781447410583 0.5889127254486084
Car 0.0 0 -1.8449819087982178 829.0817260742188 173.87393188476562 959.557861328125 251.98687744140625 3.8777173 1.4772894 1.6074101 5.955414 1.5026714 15.697685 -1.4823753833770752 0.9661825895309448
Car 0.0 0 -1.4672902822494507 600.505126953125 177.7046661376953 683.8319702148438 251.2662811279297 3.763438 1.5848674 1.6646585 0.844468 1.7181876 17.78994 -1.4198570251464844 0.9534196257591248
Car 0.0 0 -2.313624382019043 0.0 205.34568786621094 245.45294189453125 340.815185546875 3.7626798 1.4259993 1.615699 -6.9669433 1.8954597 9.276443 -2.9577882289886475 0.9477407932281494
Car 0.0 0 -1.6946542263031006 807.9161987304688 176.57373046875 884.1654052734375 232.1842041015625 4.1954203 1.493451 1.6637663 6.997095 1.618072 21.88609 -1.3852187395095825 0.9443931579589844
Car 0.0 0 -1.5374877452850342 626.763671875 176.34727478027344 686.1251220703125 233.60687255859375 4.1696677 1.6326497 1.7185551 1.5011559 1.7547953 22.99324 -1.4722933769226074 0.9014748334884644
Car 0.0 0 -2.1841588020324707 1003.9696655273438 177.16162109375 1242.0 375.0 3.8732715 1.479352 1.612537 3.5477853 1.5137227 3.655555 -1.4137206077575684 0.8201103806495667
Car 0.0 0 -1.7019606828689575 785.7483520507812 168.6988525390625 836.4639892578125 211.05331420898438 3.861595 1.7669766 1.670727 8.843414 1.5939871 32.125977 -1.4333406686782837 0.7570348978042603
Car 0.0 0 -1.4834930896759033 663.33154296875 180.8371124267578 706.1024780273438 219.6620635986328 3.5108051 1.553205 1.5587364 3.2686462 1.922853 31.503466 -1.3801078796386719 0.7130671739578247
Car 0.0 0 -1.729363203048706 773.5411987304688 172.3851776123047 812.2366333007812 201.07171630859375 3.9224687 1.6247957 1.6214222 10.784034 1.5985997 42.889637 -1.4830327033996582 0.588049590587616
