Pedestrian 0.0 0 -0.1489068865776062 315.7667541503906 158.99461364746094 339.5243225097656 199.0321807861328 0.914711 1.7905823 0.67511183 -12.872322 1.1711131 32.787144 -0.5230200886726379 0.3025057315826416
Pedestrian 0.0 0 -1.6299179792404175 683.7428588867188 173.05166625976562 702.6571655273438 222.1517791748047 0.6080458 1.7808139 0.65373695 3.0070436 1.788518 26.490524 -1.516887903213501 0.20885492861270905
Pedestrian 0.0 0 -1.4616739749908447 436.093505859375 165.65673828125 450.2168273925781 199.84231567382812 0.811562 1.84912 0.66943085 -9.158507 1.4601735 39.468327 -1.6896857023239136 0.2044941782951355
Cyclist 0.0 0 -2.9568333625793457 465.7884521484375 178.59356689453125 493.5444030761719 208.160400390625 1.61619 1.821915 0.604522 -8.134793 2.1817725 44.88432 -3.1361262798309326 0.2727668285369873
Cyclist 0.0 0 -1.7426475286483765 641.1251831054688 181.0554962158203 651.0506591796875 209.58250427246094 1.3855375 1.6506045 0.35525858 2.1057167 2.1462712 42.863403 -1.6935607194900513 0.19092871248722076
Car 0.0 0 1.8204689025878906 308.9306335449219 187.4267578125 475.0389404296875 307.13775634765625 3.7994382 1.6236789 1.7614834 -3.5113907 1.9089664 12.178783 1.5397615432739258 0.9737505912780762
Car 0.0 0 -1.0680294036865234 0.0 203.8117218017578 329.2761535644531 375.0 3.4954898 1.4503732 1.569637 -3.6293643 1.7713017 5.6729007 -1.6371809244155884 0.9474948644638062
Car 0.0 0 1.701048493385315 469.9897155761719 186.7646026611328 529.6388549804688 230.39283752441406 4.342046 1.5224301 1.7978054 -4.3440866 2.1194842 28.759403 1.5511325597763062 0.9335589408874512
Car 0.0 0 1.6205716133117676 529.5044555664062 175.72007751464844 552.9937744140625 197.09349060058594 3.8380806 1.532314 1.5696965 -5.159823 1.7557393 54.20226 1.5256619453430176 0.46986937522888184
Car 0.0 0 -1.5280183553695679 497.621826171875 178.18495178222656 531.7159423828125 209.5272216796875 3.6833239 1.5342567 1.6197685 -4.9957843 1.8285273 37.87204 -1.6591733694076538 0.36146488785743713
Car 0.0 0 2.2648932933807373 0.0 193.22422790527344 76.70874786376953 375.0 4.008826 1.4956565 1.5918378 -6.598437 1.7260857 6.053711 1.4364676475524902 0.33151519298553467
Car 0.0 0 -0.20108658075332642 657.9631958007812 160.46990966796875 758.954833984375 197.754638671875 4.6040006 1.7598891 1.7673577 4.6998577 1.1757013 35.092754 -0.06795205920934677 0.20688870549201965
