Car 0.0 0 -1.222544550895691 227.2234344482422 189.85888671875 448.1888427734375 311.0393371582031 3.8295898 1.3709475 1.6697508 -3.5917263 1.4503989 10.198946 -1.5611480474472046 0.9799680709838867
Car 0.0 0 -1.5804076194763184 584.9822998046875 178.09510803222656 622.6806030273438 212.77743530273438 3.6013732 1.5325819 1.6666907 -0.23825853 1.2190607 33.576206 -1.5875035524368286 0.9203742742538452
Car 0.0 0 -1.3906081914901733 463.14263916015625 179.84930419921875 538.4769897460938 231.6491241455078 4.272956 1.4778274 1.6021188 -3.3047838 1.3258575 22.66839 -1.5353765487670898 0.9105249643325806
Car 0.0 0 1.829024076461792 366.5473327636719 182.47305297851562 435.71551513671875 223.28457641601562 3.655705 1.3687514 1.5139583 -7.410431 1.2778989 25.948055 1.550842046737671 0.8681501150131226
Car 0.0 0 -1.3776001930236816 431.5877685546875 179.87753295898438 479.8677673339844 211.46340942382812 4.009748 1.5008643 1.6372751 -7.614235 1.2483423 36.17042 -1.5850807428359985 0.8464450240135193
Car 0.0 0 -0.8756997585296631 0.0 175.44027709960938 183.11134338378906 313.5162048339844 3.9341955 1.4710383 1.6153128 -7.742045 1.3680239 9.636321 -1.5525245666503906 0.7127563953399658
Car 0.0 0 -1.239001750946045 330.06024169921875 179.14822387695312 386.0438537597656 209.8108673095703 3.540126 1.4530022 1.5688051 -12.410839 1.1666156 35.831795 -1.572433590888977 0.7019803524017334
Car 0.0 0 -1.054295539855957 197.32318115234375 187.9309539794922 340.7530822753906 260.5818786621094 3.245351 1.4592025 1.5182172 -7.5455446 1.5280291 16.239151 -1.4892666339874268 0.6976855397224426
Car 0.0 0 -1.0593345165252686 74.62345123291016 185.98756408691406 233.41563415527344 247.52020263671875 4.2029233 1.4045694 1.6040872 -11.5481 1.4279616 18.593609 -1.6151093244552612 0.6585229635238647
Car 0.0 0 1.9652132987976074 191.12503051757812 182.58584594726562 286.1618347167969 229.41151428222656 3.64703 1.447911 1.5476404 -12.294571 1.3677241 24.102 1.4935137033462524 0.5526140928268433
