Pedestrian 0.0 0 2.5557937622070312 990.2103271484375 123.96157836914062 1062.5262451171875 250.61416625976562 0.77178985 1.7113346 0.38916865 5.7647266 0.949056 9.763237 3.089163303375244 0.6510174870491028
Pedestrian 0.0 0 -2.798909902572632 986.0175170898438 152.38006591796875 1030.13232421875 224.20068359375 0.83646077 1.7909526 0.58168566 10.299252 1.091336 18.133 -2.2823643684387207 0.5487837791442871
Pedestrian 0.0 0 3.352479934692383 119.54816436767578 115.86952209472656 206.72146606445312 254.88343811035156 0.9308918 1.8500158 0.5729388 -6.1694627 0.99157697 9.833041 2.7921411991119385 0.4005267024040222
Pedestrian 0.0 0 -1.862812876701355 117.69027709960938 152.20606994628906 140.04800415039062 192.98873901367188 0.77480954 1.9736205 0.7184164 -23.408922 0.60581625 34.735027 -2.4558260440826416 0.3595591187477112
Pedestrian 0.0 0 -3.318533420562744 776.5780029296875 155.91905212402344 796.3118286132812 187.70220947265625 1.0192175 1.8081586 0.51873493 10.3865795 0.41112202 40.515713 -3.0675785541534424 0.2638726830482483
Pedestrian 0.0 0 0.8438027501106262 274.4201965332031 179.83682250976562 322.44769287109375 261.4965515136719 0.6457671 1.6221002 0.63258535 -6.3093677 1.6105556 14.462441 0.4324345588684082 0.25211676955223083
Cyclist 0.0 0 1.0891976356506348 877.1564331054688 157.22933959960938 905.7073974609375 194.6892852783203 1.687281 1.7298555 0.53017527 13.544335 0.6566994 33.511158 1.4732969999313354 0.22500105202198029
Cyclist 0.0 0 -2.639383316040039 979.486083984375 150.9244384765625 1035.7879638671875 221.63157653808594 1.1267289 1.757617 0.56326073 10.315859 1.0240322 18.197971 -2.1236815452575684 0.1454421728849411
Cyclist 0.0 0 -0.10854202508926392 774.6461181640625 155.63104248046875 794.8408203125 187.7199249267578 1.0722499 1.8253456 0.5130818 10.295673 0.4120831 40.543755 0.14014124870300293 0.10145129263401031
Car 0.0 0 -0.8122227787971497 0.0 205.433837890625 296.1216735839844 370.0 3.9551833 1.4486624 1.6071223 -3.1867092 1.6386164 3.3545158 -1.5719728469848633 0.8504105806350708
Car 0.0 0 1.809675693511963 365.6524963378906 178.75881958007812 403.0037536621094 200.358154296875 4.129135 1.4999311 1.6538314 -15.921579 1.3803195 51.207176 1.5082265138626099 0.6691741943359375
Car 0.0 0 1.0879056453704834 467.78155517578125 170.78111267089844 557.3359985351562 210.757080078125 4.297226 1.4591539 1.7092758 -3.771713 1.1059257 28.050049 0.9542436599731445 0.4531412124633789
Car 0.0 0 1.7283124923706055 86.43489837646484 182.33958435058594 124.02547454833984 205.99403381347656 3.8947053 1.538317 1.5100844 -34.142414 1.6709058 48.379642 1.1137588024139404 0.276725172996521
