Pedestrian 0.0 0 2.054170608520508 1099.911865234375 34.755184173583984 1242.0 375.0 0.5619946 1.781492 0.6847761 3.2364333 1.0847493 4.0660987 2.7264404296875 0.43525922298431396
Pedestrian 0.0 0 1.1704907417297363 883.94384765625 133.56385803222656 930.3863525390625 206.87120056152344 1.0671481 1.8945054 0.78554815 7.8363447 0.87947583 19.182623 1.5583139657974243 0.33438003063201904
Pedestrian 0.0 0 -0.594110369682312 1168.638427734375 158.31118774414062 1242.0 328.2330017089844 0.8372985 1.7032269 0.4978144 6.387496 1.5578138 7.522954 0.10984206199645996 0.26853659749031067
Pedestrian 0.0 0 1.821110725402832 397.6869812011719 164.1459503173828 424.3756103515625 221.00254821777344 0.8603043 1.816116 0.64594173 -6.513298 1.538321 23.481258 1.5505305528640747 0.12826918065547943
Pedestrian 0.0 0 0.03494700789451599 541.0924682617188 177.02659606933594 550.3677368164062 203.717041015625 0.59383214 1.7636597 0.68183124 -4.316691 2.044504 48.14331 -0.05447721481323242 0.12756243348121643
Cyclist 0.0 0 -1.9770245552062988 697.703857421875 163.9395294189453 723.0471801757812 204.583740234375 1.625927 1.7140112 0.48174354 4.2974973 1.3384364 31.273043 -1.840461254119873 0.15928402543067932
Car 0.0 0 1.7472028732299805 544.4826049804688 183.21624755859375 591.6574096679688 218.02587890625 4.0181584 1.5893797 1.6894598 -2.0844843 2.1409621 36.284634 1.6898177862167358 0.8815668821334839
Car 0.0 0 1.5657854080200195 698.4514770507812 172.68386840820312 729.7955322265625 205.74082946777344 4.376579 1.8190659 1.7120465 6.00764 1.8100622 41.986954 1.7079042196273804 0.34622061252593994
Car 0.0 0 -0.16961859166622162 652.9635009765625 150.198486328125 737.4714965820312 180.6839599609375 4.1066504 1.5334417 1.6602865 4.3183813 0.39421088 37.231174 -0.05414625257253647 0.31538692116737366
Car 0.0 0 1.911805510520935 556.688232421875 178.1429901123047 602.17822265625 204.68115234375 4.53332 1.7027345 1.7116381 -2.073682 2.08496 49.674477 1.870084285736084 0.1520254760980606
Car 0.0 0 -1.4831136465072632 581.197021484375 178.9788055419922 601.4652099609375 196.22105407714844 3.5091462 1.5203809 1.5736454 -1.7210293 2.1022215 66.69938 -1.5089106559753418 0.14274513721466064
Car 0.0 0 1.1055396795272827 891.3644409179688 141.5856170654297 985.8214721679688 193.44744873046875 3.480205 1.6215897 1.4798265 10.923864 0.64426374 24.328384 1.5275760889053345 0.1370919644832611
