Pedestrian 0.0 0 1.7186769247055054 765.063232421875 175.4573211669922 790.5198364257812 235.25503540039062 0.74352974 1.7302517 0.6335365 4.9290895 1.8094149 21.377094 1.9452942609786987 0.17252391576766968
Cyclist 0.0 0 -2.2180912494659424 1046.1416015625 192.17984008789062 1094.7696533203125 249.624755859375 1.6136162 1.761697 0.45036992 14.927086 2.4136105 23.500902 -1.6522115468978882 0.14229436218738556
Car 0.0 0 -1.6027721166610718 593.5430297851562 172.6211700439453 626.9271850585938 204.6643524169922 4.4212465 1.714412 1.7375005 -0.07202902 1.7023125 40.84048 -1.6045358180999756 0.8266580104827881
Car 0.0 0 1.8213517665863037 386.6856384277344 181.9852294921875 425.50042724609375 204.9187469482422 3.8239427 1.4389385 1.6268265 -13.752454 2.08057 48.73856 1.5463340282440186 0.7656581997871399
Car 0.0 0 2.035479784011841 180.02926635742188 182.9574737548828 249.43833923339844 213.51089477539062 4.1393127 1.5452294 1.6962572 -21.83463 2.134762 39.97477 1.535550832748413 0.6010755300521851
Car 0.0 0 0.6593517661094666 1017.9695434570312 201.43487548828125 1157.4388427734375 255.1195831298828 3.506289 1.472969 1.729248 15.579539 2.492925 23.798313 1.2389881610870361 0.2579086124897003
Car 0.0 0 -0.8548813462257385 0.0 195.23825073242188 66.24652099609375 243.96725463867188 3.9799917 1.4462415 1.736604 -21.45641 2.2920327 25.2492 -1.5592509508132935 0.2562316656112671
Car 0.0 0 1.9835935831069946 315.01708984375 179.82565307617188 362.49151611328125 203.61573791503906 3.908589 1.5350704 1.6318833 -18.658752 2.0351372 49.719715 1.624578595161438 0.19055990874767303
Car 0.0 0 1.7742493152618408 14.867774963378906 191.4134063720703 81.83399963378906 230.0905303955078 4.185001 1.5810716 1.6692094 -26.320684 2.5111072 33.894444 1.1139724254608154 0.18793947994709015
Car 0.0 0 1.8980326652526855 323.3468017578125 178.6882781982422 380.1294250488281 212.3363800048828 3.6354513 1.4870647 1.4534284 -12.262323 1.7799716 34.348457 1.5551373958587646 0.18208429217338562
Car 0.0 0 1.6139410734176636 451.38818359375 180.136962890625 470.18170166015625 196.22369384765625 3.8213782 1.4497321 1.5951042 -14.232282 2.1654828 68.85902 1.4101238250732422 0.17904071509838104
