Pedestrian 0.0 0 1.9746325016021729 926.1928100585938 134.497802734375 981.1336669921875 216.5876922607422 0.9233872 1.8352846 0.8596225 7.932124 0.9781127 16.75655 2.4167537689208984 0.4617483913898468
Pedestrian 0.0 0 1.3434829711914062 819.9158325195312 129.5791473388672 869.4378051757812 232.00875854492188 0.88377887 1.884686 0.7127312 4.403243 1.0887947 13.743246 1.6535425186157227 0.4436744153499603
Pedestrian 0.0 0 2.1270551681518555 952.890625 157.22096252441406 1024.6683349609375 289.2200622558594 0.70606416 1.8168751 0.6394762 5.394324 1.602055 10.383825 2.606175184249878 0.25053220987319946
Pedestrian 0.0 0 2.2496235370635986 951.7482299804688 169.70285034179688 978.9072875976562 222.3644561767578 0.51955026 1.4397979 0.45055163 9.820085 1.3540014 20.038452 2.705289125442505 0.2059350609779358
Pedestrian 0.0 0 -1.7718136310577393 814.0374755859375 160.41526794433594 830.9006958007812 197.66757202148438 0.78425896 1.8095151 0.650456 10.400646 1.2056665 35.46377 -1.4865376949310303 0.20220321416854858
Pedestrian 0.0 0 2.2074637413024902 382.13824462890625 131.74208068847656 433.53131103515625 201.0601806640625 1.413094 1.9149569 0.7246405 -5.83427 0.77957153 20.719284 1.932984471321106 0.12712255120277405
Cyclist 0.0 0 2.1455843448638916 389.9901428222656 127.84461212158203 438.8583068847656 197.76002502441406 1.3773543 1.9287236 0.7196916 -5.631448 0.68742895 20.667435 1.8795632123947144 0.20029668509960175
Car 0.0 0 1.7599889039993286 628.4379272460938 177.70921325683594 665.7911987304688 202.98550415039062 4.019811 1.5208715 1.6734561 2.4002042 1.8478837 46.390137 1.8116823434829712 0.7297199964523315
Car 0.0 0 0.7342924475669861 975.9356079101562 217.0124969482422 1242.0 375.0 3.686496 1.5401 1.6186192 2.566348 1.7775031 1.9684972 1.650769591331482 0.7016471028327942
Car 0.0 0 2.5282669067382812 0.0 196.96319580078125 327.71612548828125 375.0 3.9127984 1.5245934 1.612203 -2.662671 1.6684546 2.2695012 1.6633214950561523 0.368818461894989
Car 0.0 0 1.7931650876998901 642.175048828125 176.0535888671875 673.6072387695312 195.1915740966797 4.4785132 1.5096915 1.6667703 4.0074396 1.7871236 60.096394 1.8597500324249268 0.19110332429409027
