Pedestrian 0.0 0 1.8584258556365967 243.4910125732422 133.04739379882812 280.08929443359375 201.0631866455078 0.94128275 1.8368627 0.67623955 -9.689012 0.7621869 20.002789 1.407349705696106 0.5289274454116821
Car 0.0 0 -0.3443194627761841 772.4677734375 180.4525146484375 969.1654663085938 254.64987182617188 3.6642585 1.5067278 1.6771376 5.5039797 1.6811414 15.674478 -0.006626933813095093 0.9610220789909363
Car 0.0 0 3.510326385498047 196.0460662841797 188.91017150878906 407.5757751464844 263.21820068359375 3.85458 1.4613289 1.5172921 -6.4918957 1.8217348 15.358881 3.110422134399414 0.921694815158844
Car 0.0 0 3.638808012008667 0.0 173.8350067138672 323.485595703125 299.0509338378906 4.0301094 1.6296513 1.6354935 -6.496486 1.6453636 10.346549 3.0781338214874268 0.9059338569641113
Car 0.0 0 0.2287554144859314 336.31427001953125 181.59739685058594 483.7241516113281 229.6011199951172 4.3930173 1.4891951 1.6393387 -6.4994655 1.7867628 23.61773 -0.03979145735502243 0.9008421897888184
Car 0.0 0 0.6784310340881348 0.0 194.0964813232422 278.9734191894531 347.1064453125 4.1583567 1.4363664 1.5231594 -6.054878 1.6896707 7.790656 0.017749547958374023 0.900276780128479
Car 0.0 0 -1.694225788116455 636.3118896484375 182.64048767089844 686.5474243164062 219.336181640625 4.0033264 1.3743947 1.5976219 2.0400963 1.8114985 30.15454 -1.6266740560531616 0.8967534303665161
Car 0.0 0 -2.2456798553466797 0.0 218.7634735107422 161.78143310546875 375.0 4.099098 1.4750676 1.5765826 -5.8791394 1.8735806 5.340094 -3.079087734222412 0.7431097626686096
Car 0.0 0 3.5564894676208496 85.18751525878906 186.82435607910156 358.17425537109375 280.8292236328125 3.956803 1.5078913 1.5885067 -6.7558966 1.7738507 12.7817545 3.0702574253082275 0.7237781882286072
Car 0.0 0 -0.9390856027603149 1104.8262939453125 177.7485809326172 1242.0 375.0 3.9945586 1.6378323 1.6854254 6.5494127 1.6859103 5.978577 -0.10815410315990448 0.6357237100601196
Car 0.0 0 -2.8371167182922363 338.61749267578125 175.2320098876953 455.1293029785156 216.28797912597656 3.8627183 1.4723545 1.5406922 -7.892441 1.5636035 26.770912 -3.1238090991973877 0.5677215456962585
Car 0.0 0 0.23185276985168457 397.3771057128906 173.50289916992188 497.9070739746094 209.3633575439453 3.9604084 1.502167 1.6169242 -6.9806385 1.5312264 31.082012 0.010930776596069336 0.5364363789558411
