Car 0.0 0 2.0079104900360107 164.27090454101562 181.56170654296875 365.90960693359375 290.98468017578125 4.2129974 1.6679027 1.7263374 -6.1853776 1.8560107 13.4430485 1.5766750574111938 0.9514225721359253
Car 0.0 0 1.6424064636230469 517.7463989257812 179.61898803710938 556.1190185546875 209.50872802734375 4.340396 1.4558567 1.7223481 -3.8597815 1.836174 38.328808 1.5420429706573486 0.9223020076751709
Car 0.0 0 -2.3055129051208496 896.2828369140625 185.26925659179688 1242.0 375.0 3.6361058 1.5123678 1.5871576 2.8066258 1.6010368 3.2897716 -1.5992006063461304 0.9135133624076843
Car 0.0 0 1.7888449430465698 425.59765625 184.2026824951172 482.3790283203125 222.14938354492188 4.0731955 1.4530002 1.5291917 -6.6402082 1.9713255 30.887716 1.5770889520645142 0.8648659586906433
Car 0.0 0 1.8725268840789795 318.53240966796875 179.86521911621094 430.57171630859375 245.56814575195312 4.363316 1.5888655 1.7319752 -6.4380093 1.8058474 20.101711 1.562577486038208 0.8535396456718445
Car 0.0 0 -1.5869083404541016 632.4459838867188 172.03692626953125 656.1753540039062 196.7278289794922 3.9858892 1.7280436 1.6540997 2.436277 1.6712173 52.512623 -1.540547490119934 0.7994822859764099
Car 0.0 0 1.7299267053604126 488.09674072265625 181.5001678466797 524.3945922851562 207.2613983154297 4.047368 1.5075247 1.6525367 -6.5426297 2.0790606 45.62572 1.5874998569488525 0.6813895106315613
Car 0.0 0 3.8972907066345215 0.0 205.93321228027344 105.50564575195312 375.0 4.1390643 1.5324277 1.6205902 -7.313069 1.8779887 6.5435443 3.0564146041870117 0.49292340874671936
Car 0.0 0 1.5499649047851562 544.509521484375 176.2266387939453 567.0147094726562 198.8383026123047 3.7589507 1.536675 1.519417 -3.9321017 1.7871233 51.55671 1.4738447666168213 0.4434046745300293
Car 0.0 0 0.10062068700790405 1085.6583251953125 139.0735626220703 1242.0 200.96995544433594 4.0201626 1.5307688 1.6692632 15.58135 0.6956978 19.8371 0.7664358615875244 0.4223756194114685
