Pedestrian 0.0 0 1.3207223415374756 635.7898559570312 183.44137573242188 653.4248046875 217.47520446777344 1.2776525 1.6555612 0.58391446 1.6920662 2.1972802 36.206745 1.3674218654632568 0.13424119353294373
Pedestrian 0.0 0 0.3663769066333771 244.91973876953125 166.50119018554688 267.540283203125 204.62271118164062 0.8440952 1.8579082 0.59096766 -17.437397 1.5486526 35.494774 -0.0902596116065979 0.12089764326810837
Cyclist 0.0 0 1.6785157918930054 752.8460693359375 184.81248474121094 779.3286743164062 249.0664520263672 1.669521 1.7299197 0.5674089 4.429737 2.0868998 20.633108 1.8899962902069092 0.2068171501159668
Cyclist 0.0 0 1.3544248342514038 636.6002807617188 183.740966796875 652.8890991210938 217.21597290039062 1.1984035 1.6312238 0.5707016 1.700005 2.1876433 36.21171 1.401336669921875 0.1553954780101776
Cyclist 0.0 0 1.9903925657272339 470.447998046875 175.6617431640625 485.5611572265625 198.94337463378906 1.6752911 1.7847016 0.5265013 -10.334845 2.0079343 56.395657 1.809147596359253 0.14073912799358368
Cyclist 0.0 0 -1.5476144552230835 1151.5712890625 75.69061279296875 1242.0 314.6418762207031 1.8482773 1.8651812 0.64731395 5.333254 1.1071112 6.542182 -0.8636674880981445 0.1098097413778305
Car 0.0 0 2.152190923690796 0.0 192.94647216796875 250.25881958007812 300.3304443359375 4.245724 1.4006696 1.6324965 -8.075749 1.8035338 12.327566 1.5722410678863525 0.9702044725418091
Car 0.0 0 1.819218397140503 408.658203125 180.52581787109375 464.9361267089844 214.343017578125 4.201071 1.4646977 1.6179768 -8.196102 1.852431 34.318405 1.5847845077514648 0.9306702017784119
Car 0.0 0 2.2207865715026855 214.5275421142578 194.35888671875 273.1278076171875 220.53199768066406 3.5798504 1.5443221 1.6108763 -24.127146 3.0204833 47.60813 1.7517248392105103 0.33582890033721924
Car 0.0 0 0.7351050972938538 50.605648040771484 166.1116943359375 216.26393127441406 227.17379760742188 3.200813 1.4144844 1.5190743 -11.685724 1.2586589 17.704103 0.15169215202331543 0.17186163365840912
Car 0.0 0 1.552118182182312 614.3779296875 178.95213317871094 632.8778686523438 197.19923400878906 3.7494733 1.5561823 1.5830693 1.1769457 2.1188993 64.66113 1.5703178644180298 0.1442447304725647
