Pedestrian 0.0 0 -1.945452332496643 484.0093994140625 157.53013610839844 558.3006591796875 299.04949951171875 0.99262065 1.7192283 0.6325619 -1.1019475 1.4293748 9.310847 -2.0632553100585938 0.8176581859588623
Pedestrian 0.0 0 -1.9290064573287964 551.2261352539062 159.8248748779297 581.26513671875 214.18051147460938 0.9524274 1.7896466 0.7223561 -1.2176622 1.0770861 24.228888 -1.9792208671569824 0.8056752681732178
Pedestrian 0.0 0 -2.0395731925964355 616.9445190429688 156.59405517578125 661.257080078125 251.0684356689453 0.6118431 1.6307398 0.5720116 0.62476134 1.2021126 12.792652 -1.990774393081665 0.7936039566993713
Pedestrian 0.0 0 -2.541006326675415 567.3609008789062 156.86898803710938 629.4229125976562 266.8919677734375 0.79240155 1.7240603 0.6391541 -0.09052972 1.3393905 11.740109 -2.5487172603607178 0.7872475385665894
Pedestrian 0.0 0 -2.3034162521362305 843.793701171875 146.4649200439453 992.3765258789062 374.0 0.8187141 1.6112436 0.5904611 2.2234745 1.381094 5.22811 -1.9012980461120605 0.7559164762496948
Pedestrian 0.0 0 -2.8625850677490234 608.7940673828125 161.44361877441406 713.1188354492188 328.4965515136719 0.98980266 1.6801262 0.5827055 0.59425586 1.479777 7.667701 -2.78523850440979 0.6760089993476868
Pedestrian 0.0 0 0.4392043352127075 779.1405029296875 153.75704956054688 900.6681518554688 344.71484375 0.97815335 1.6745739 0.48988193 2.1985273 1.432669 6.8095884 0.7514972686767578 0.5725483298301697
Pedestrian 0.0 0 -2.510397434234619 92.02285766601562 158.95217895507812 159.5884552001953 268.7309875488281 0.71116453 1.796363 0.6350019 -8.031471 1.4286919 12.084897 -3.096959114074707 0.5352221727371216
Pedestrian 0.0 0 2.4474313259124756 643.4686279296875 165.2813262939453 721.6243286132812 307.9632568359375 0.7843865 1.6587268 0.54459697 0.94559896 1.4715267 8.792222 2.5545690059661865 0.5319730043411255
Pedestrian 0.0 0 -1.6500153541564941 498.5902099609375 158.3467559814453 536.5540771484375 252.0873260498047 0.9348771 1.7812837 0.6679876 -1.70428 1.342577 14.171602 -1.7697007656097412 0.43312448263168335
Pedestrian 0.0 0 -1.3162360191345215 475.5702819824219 160.083251953125 498.9477233886719 212.971435546875 0.713166 1.7967681 0.63907814 -3.958586 1.0702531 24.78697 -1.4746029376983643 0.4253307580947876
Pedestrian 0.0 0 1.7180694341659546 398.73162841796875 153.8092041015625 413.3516540527344 191.26133728027344 0.5437135 1.8217583 0.62010074 -9.593108 0.4757101 35.245464 1.4523268938064575 0.4113782048225403
Pedestrian 0.0 0 1.4586471319198608 610.4541015625 161.303955078125 630.6943359375 211.44964599609375 0.8880677 1.82641 0.65288115 0.68280506 1.0918733 26.631214 1.4842808246612549 0.4089052677154541
Pedestrian 0.0 0 -2.506697654724121 121.63722229003906 158.49180603027344 195.02297973632812 257.70770263671875 1.0309902 1.773643 0.5280515 -8.13841 1.363606 13.143384 -3.0611166954040527 0.39065808057785034
Pedestrian 0.0 0 0.5421757698059082 696.11083984375 159.23733520507812 717.8168334960938 203.40855407714844 0.6575664 1.8123792 0.6429751 4.381495 0.8999133 29.92833 0.6875426769256592 0.3896036744117737
Pedestrian 0.0 0 1.5769498348236084 357.8592224121094 158.58145141601562 399.1333923339844 250.74444580078125 0.79349494 1.7157713 0.740111 -4.3372087 1.2903656 13.85813 1.273634910583496 0.35226118564605713
Pedestrian 0.0 0 -0.38324931263923645 700.70947265625 162.3728485107422 776.6653442382812 288.4850769042969 0.8576334 1.6716172 0.62012625 1.8367165 1.4194145 9.907972 -0.19995242357254028 0.34988221526145935
Pedestrian 0.0 0 2.532940149307251 663.4691162109375 144.81565856933594 707.74072265625 202.5847930908203 1.3159646 1.7957357 0.5630042 2.6574578 0.6565246 22.886011 2.6485395431518555 0.16316847503185272
Cyclist 0.0 0 -2.478694438934326 114.65848541259766 158.9212646484375 202.15013122558594 259.69805908203125 1.3284227 1.7989855 0.5133533 -8.139838 1.3972 13.147639 -3.0330471992492676 0.4722426235675812
Cyclist 0.0 0 2.6909799575805664 662.8678588867188 144.71446228027344 712.1361083984375 203.04193115234375 1.4677436 1.8199025 0.549213 2.7181249 0.6732489 22.909605 2.8090734481811523 0.3905930817127228
Cyclist 0.0 0 1.4502830505371094 498.7222595214844 160.90736389160156 537.4856567382812 254.93704223632812 1.0818281 1.7643894 0.6241996 -1.6846355 1.379246 14.075883 1.331167221069336 0.17956316471099854
Cyclist 0.0 0 -1.606941819190979 713.9883422851562 162.12515258789062 762.9198608398438 288.9427795410156 0.84777683 1.6719295 0.62839466 1.834012 1.4178252 9.932919 -1.4243583679199219 0.15595407783985138
Cyclist 0.0 0 1.5739469528198242 360.7602844238281 159.31016540527344 400.04144287109375 255.6632080078125 1.1701523 1.762064 0.6921796 -4.2828684 1.3575319 13.794882 1.2729144096374512 0.14107021689414978
Cyclist 0.0 0 -1.6046416759490967 611.2496948242188 159.91656494140625 630.1958618164062 211.57630920410156 1.049047 1.8774248 0.6644863 0.6872434 1.0940833 26.630384 -1.5788406133651733 0.11755503714084625
Cyclist 0.0 0 -2.479775905609131 85.46920013427734 158.32855224609375 164.42068481445312 270.01690673828125 0.92593104 1.8252357 0.61247706 -8.039616 1.4478527 12.0764065 -3.067129135131836 0.1007632464170456
Car 0.0 0 1.7306180000305176 462.64141845703125 171.60789489746094 550.428955078125 233.0800323486328 4.3199935 1.4800084 1.6805643 -2.4749324 1.2430408 19.47896 1.604238510131836 0.9354392886161804
