Pedestrian 0.0 0 -2.173203468322754 957.6959228515625 177.19911193847656 995.516845703125 249.8251190185547 0.5955326 1.6025513 0.51336265 8.220247 1.7029948 16.287611 -1.705808162689209 0.29468852281570435
Pedestrian 0.0 0 -1.5102465152740479 484.13702392578125 158.30184936523438 499.8041687011719 194.50390625 0.9192692 1.881442 0.76125836 -6.2464724 1.1255165 37.992126 -1.673203468322754 0.1634318232536316
Pedestrian 0.0 0 -3.788212776184082 1189.742431640625 115.5778579711914 1242.0 238.059814453125 0.6950307 1.7385843 0.46717462 8.916361 0.9259293 10.49246 -3.0838420391082764 0.11376375705003738
Cyclist 0.0 0 -1.874925971031189 705.8186645507812 180.26963806152344 720.430908203125 210.3793487548828 1.5976307 1.624769 0.33973944 5.6957855 2.0461862 40.150257 -1.7340044975280762 0.3663571774959564
Cyclist 0.0 0 2.0903687477111816 227.0298614501953 183.42054748535156 250.34146118164062 210.09873962402344 1.9518126 1.7381606 0.4994898 -25.116005 2.4672754 48.7745 1.614839792251587 0.3157818913459778
Car 0.0 0 2.1814804077148438 0.0 201.5343475341797 231.35977172851562 332.03033447265625 4.396591 1.4266742 1.6703256 -7.834196 1.9542153 11.057038 1.565055251121521 0.907124936580658
Car 0.0 0 -1.6358429193496704 586.740966796875 180.5821533203125 620.841796875 210.3489532470703 4.019422 1.52081 1.6223186 -0.4255259 1.9717329 39.998886 -1.646480917930603 0.8509174585342407
Car 0.0 0 1.7603126764297485 413.9134521484375 186.268798828125 471.6465148925781 226.26612854003906 3.7274895 1.401867 1.5415169 -6.559963 1.966302 28.44602 1.5336641073226929 0.3801083564758301
Car 0.0 0 0.7904571294784546 199.57266235351562 166.25302124023438 283.46783447265625 197.11172485351562 4.0262895 1.6163831 1.7317498 -20.066927 1.2709806 39.24303 0.31777071952819824 0.12170463800430298
Car 0.0 0 -0.005963623523712158 971.809814453125 175.38995361328125 1099.2003173828125 211.3753662109375 4.353115 1.3613411 1.5298204 17.127586 1.4708034 29.290014 0.5231735706329346 0.10546639561653137
Car 0.0 0 1.1171560287475586 730.9757080078125 167.77662658691406 806.4974975585938 204.2621307373047 4.0220356 1.4394122 1.5028322 6.597556 1.2394595 30.595388 1.3295427560806274 0.10130853950977325
