Pedestrian 0.0 0 3.0002567768096924 351.0108947753906 148.45021057128906 374.1422424316406 201.28875732421875 0.683991 1.8147585 0.61290514 -8.691163 0.97696 25.207382 2.66823410987854 0.28954362869262695
Pedestrian 0.0 0 -1.2165290117263794 775.3573608398438 150.28211975097656 819.37744140625 224.1827850341797 0.89973444 1.8255781 0.8290672 4.741378 1.26834 18.427378 -0.9646909236907959 0.2643854022026062
Pedestrian 0.0 0 -1.8729652166366577 843.742431640625 166.4408721923828 903.8692016601562 292.1479797363281 0.6637384 1.8552858 0.69169414 3.9525487 1.7609934 10.992714 -1.5277985334396362 0.2537527084350586
Pedestrian 0.0 0 -1.7137317657470703 467.8536071777344 172.38938903808594 482.0270690917969 206.56935119628906 0.69663954 1.6939011 0.60467124 -6.8133473 1.6712338 36.18279 -1.8998558521270752 0.2144709676504135
Pedestrian 0.0 0 1.5811686515808105 313.4898681640625 152.2678985595703 352.80908203125 228.04583740234375 1.0757428 1.875499 0.91695094 -7.1465516 1.3663523 18.51966 1.2128850221633911 0.17822585999965668
Cyclist 0.0 0 1.5761855840682983 329.3887023925781 169.92152404785156 364.2196350097656 242.83819580078125 1.326204 1.7926527 0.81087387 -6.7916827 1.7209164 18.49761 1.2243012189865112 0.14228367805480957
Car 0.0 0 2.059403896331787 46.91688919067383 193.8350830078125 411.3034973144531 375.0 4.4449296 1.4585453 1.697135 -3.9100947 1.7673368 8.3419485 1.6210862398147583 0.968894362449646
Car 0.0 0 1.7890597581863403 349.2294921875 184.98631286621094 477.4068298339844 274.04669189453125 4.250919 1.5154159 1.6631564 -3.9537504 1.8046083 15.018548 1.5316425561904907 0.9339982271194458
Car 0.0 0 1.721815586090088 467.57763671875 180.42523193359375 528.4500732421875 223.177978515625 3.9654946 1.4355847 1.6632503 -4.1370697 1.7391859 26.912323 1.5692856311798096 0.8971935510635376
Car 0.0 0 -1.5888358354568481 605.1243896484375 177.20266723632812 647.1112060546875 216.9910125732422 3.472634 1.4370941 1.5386158 0.5494626 1.6177514 28.175335 -1.5693367719650269 0.8966825604438782
Car 0.0 0 1.4907718896865845 514.7342529296875 176.38357543945312 547.451904296875 202.7790069580078 3.833268 1.4476197 1.5900227 -4.682623 1.6640962 42.14512 1.3801186084747314 0.648212730884552
