Pedestrian 0.0 0 -0.6311939358711243 1200.3485107421875 208.2422637939453 1242.0 272.2270202636719 0.8673043 1.759311 0.72395283 17.5897 2.7925751 20.664316 0.07400298118591309 0.3009148836135864
Pedestrian 0.0 0 -1.3389832973480225 444.9598388671875 158.62184143066406 461.6666259765625 196.25778198242188 0.6649599 1.8514388 0.67698234 -7.815573 1.1516684 35.830322 -1.5537467002868652 0.1825740486383438
Pedestrian 0.0 0 -1.0890475511550903 204.37335205078125 167.8456573486328 223.92172241210938 204.60841369628906 0.59797996 1.8655114 0.67748374 -20.288376 1.6117224 36.917336 -1.5915546417236328 0.1721687763929367
Pedestrian 0.0 0 -2.058441162109375 1099.478271484375 179.6184539794922 1138.7054443359375 241.52796936035156 0.7757919 1.806665 0.67225146 15.165159 2.0133023 21.573477 -1.4457354545593262 0.1448567509651184
Car 0.0 0 1.9111762046813965 260.97772216796875 188.69374084472656 342.9509582519531 236.64373779296875 3.3142128 1.4611269 1.5739359 -10.541276 2.0435793 24.810774 1.5094183683395386 0.9269860982894897
Car 0.0 0 2.1081461906433105 0.0 195.4668426513672 162.78799438476562 307.4012756347656 4.3551626 1.4745568 1.7004455 -9.891481 1.9435697 12.684694 1.445846438407898 0.9163243174552917
Car 0.0 0 2.5122172832489014 932.8438720703125 189.00997924804688 994.686767578125 209.61859130859375 4.1748157 1.5267828 1.6497147 27.642063 2.8178434 56.46696 2.9674508571624756 0.19591310620307922
Car 0.0 0 1.3022648096084595 628.7550048828125 173.49215698242188 661.962158203125 195.13528442382812 3.6864336 1.5912421 1.608667 2.638593 1.6421149 55.13709 1.3500834703445435 0.15333203971385956
Car 0.0 0 1.4023107290267944 647.5909423828125 178.10704040527344 681.2403564453125 201.8765869140625 3.9993587 1.4986014 1.5980674 3.5805573 1.8668842 48.467724 1.4760518074035645 0.14751964807510376
Car 0.0 0 0.31175780296325684 197.13116455078125 160.69094848632812 294.708984375 192.0645294189453 4.274931 1.6004397 1.6832289 -19.116522 0.9803321 37.96551 -0.1547044962644577 0.140578031539917
Car 0.0 0 1.5724921226501465 461.4045715332031 177.69622802734375 488.2340393066406 203.50254821777344 4.075618 1.5523102 1.6213719 -8.713554 1.8782393 46.358692 1.3867003917694092 0.13911569118499756
Car 0.0 0 0.8160595893859863 840.987060546875 188.50289916992188 894.7345581054688 208.15367126464844 4.199827 1.472517 1.8226502 21.362442 2.8238828 60.00024 1.158104419708252 0.1202525645494461
