Pedestrian 0.0 0 2.6066064834594727 500.462646484375 163.19869995117188 525.4912109375 216.32472229003906 0.60799676 1.76564 0.6192562 -3.32845 1.4451051 24.40902 2.471080780029297 0.3045680820941925
Pedestrian 0.0 0 0.026012331247329712 677.59228515625 160.83192443847656 696.0265502929688 202.75857543945312 0.79499346 1.8319911 0.6398429 3.3585079 1.3070427 31.89402 0.13092780113220215 0.25137510895729065
Pedestrian 0.0 0 0.20817995071411133 540.7459716796875 174.1113739013672 582.6072387695312 217.0428466796875 1.5963153 1.7168005 0.65718424 -1.9991279 1.7690074 29.313477 0.14008712768554688 0.19944651424884796
Cyclist 0.0 0 -3.3864858150482178 978.30712890625 182.29197692871094 1103.1712646484375 268.044189453125 2.0132644 1.6258646 0.82897943 8.554321 1.8250053 14.511149 -2.853822708129883 0.4808643162250519
Cyclist 0.0 0 0.20817995071411133 540.7459716796875 174.1113739013672 582.6072387695312 217.0428466796875 1.5963153 1.7168005 0.65718424 -1.9991279 1.7690074 29.313477 0.14008712768554688 0.22662818431854248
Car 0.0 0 1.2043509483337402 177.2635498046875 183.15806579589844 289.1907653808594 235.4077606201172 4.276039 1.4417511 1.6975307 -11.992874 1.7964386 22.76175 0.7194256782531738 0.764524519443512
Car 0.0 0 -3.8597989082336426 1165.9979248046875 189.79547119140625 1242.0 297.9389343261719 4.185555 1.5259054 1.6314205 11.538515 1.8176057 11.442687 -3.0702309608459473 0.7063179016113281
Car 0.0 0 1.4647247791290283 102.77387237548828 183.02598571777344 176.75674438476562 235.6766357421875 3.7664258 1.4276865 1.508758 -14.595364 1.7689549 22.244757 0.8840551376342773 0.6003945469856262
Car 0.0 0 -0.4554976522922516 789.8363037109375 172.62448120117188 902.98486328125 209.46925354003906 4.190647 1.4759737 1.6068114 9.74695 1.4671379 29.991957 -0.14127889275550842 0.3971644341945648
Car 0.0 0 0.36079108715057373 246.88568115234375 151.9629669189453 358.853271484375 186.82891845703125 4.270292 1.502151 1.6213064 -13.584916 0.6024481 31.98096 -0.040894344449043274 0.38701745867729187
Car 0.0 0 -0.07593795657157898 690.582275390625 166.9189910888672 775.9390869140625 200.9970703125 3.8752732 1.5707903 1.66192 5.7546134 1.2975806 34.25835 0.0904853343963623 0.3766939640045166
Car 0.0 0 -2.264383316040039 0.0 175.369140625 134.69020080566406 294.5187072753906 4.496422 1.9680858 1.8028803 -11.473782 2.0189095 13.221588 -2.9791247844696045 0.31211057305336
Car 0.0 0 -2.093339443206787 172.1586456298828 152.95201110839844 260.89654541015625 190.6462860107422 4.1572423 1.5921834 1.6185417 -17.651054 0.75189334 32.24751 -2.5941548347473145 0.2570692002773285
Car 0.0 0 1.9407798051834106 437.9567565917969 158.7255401611328 516.1339111328125 203.96751403808594 3.5523872 1.4868486 1.545698 -4.6753073 1.0228835 25.600056 1.7601417303085327 0.23492810130119324
