Car 0.0 0 -1.7991364002227783 714.2152709960938 187.04225158691406 857.2971801757812 287.5538330078125 3.655935 1.4354547 1.5946959 2.8498912 1.7207212 12.652822 -1.577595829963684 0.9614429473876953
Car 0.0 0 0.6369049549102783 0.0 187.54669189453125 274.86859130859375 340.6065673828125 4.168351 1.4777882 1.5849223 -6.2137866 1.6577134 7.970721 -0.025257928296923637 0.9555104970932007
Car 0.0 0 -0.27594879269599915 786.4598388671875 175.81117248535156 972.5335693359375 242.2098846435547 3.9564385 1.526492 1.6508116 6.4153347 1.6031165 17.63868 0.07288575172424316 0.9237239956855774
Car 0.0 0 0.5356351137161255 22.57549476623535 179.56967163085938 373.3479309082031 295.748779296875 4.1246405 1.4995102 1.5165799 -5.716516 1.6025045 10.21418 0.025402069091796875 0.9133521318435669
Car 0.0 0 0.546785831451416 140.02528381347656 180.45663452148438 388.29376220703125 277.847900390625 3.7017698 1.5689373 1.5077943 -6.047638 1.7131141 12.707105 0.10258245468139648 0.878507673740387
Car 0.0 0 0.4624820351600647 198.92039489746094 176.97146606445312 437.2272033691406 259.11309814453125 4.3547716 1.5862796 1.545651 -6.0110483 1.6774876 14.971881 0.08069252967834473 0.8613170385360718
Car 0.0 0 -1.6743147373199463 636.4964599609375 178.93966674804688 668.489501953125 204.74871826171875 3.9507713 1.5537002 1.645866 2.6579692 1.9623431 46.39358 -1.617085576057434 0.8507280945777893
Car 0.0 0 3.3274590969085693 378.6796569824219 177.65040588378906 489.105224609375 222.453369140625 3.7782457 1.6080481 1.6407967 -6.5660405 1.7940762 27.009638 3.0889852046966553 0.7983334064483643
Car 0.0 0 3.5014305114746094 226.55120849609375 176.93875122070312 415.0865478515625 240.58204650878906 3.9726288 1.4652426 1.4953363 -6.959283 1.5690988 17.494576 3.1228251457214355 0.7949838638305664
Car 0.0 0 -2.804330348968506 340.6963195800781 180.35894775390625 472.41009521484375 231.88572692871094 3.6393633 1.5173428 1.4945928 -6.292772 1.7592034 22.355576 -3.0787160396575928 0.7199851274490356
Car 0.0 0 3.425999641418457 287.9975891113281 180.87525939941406 461.80596923828125 238.88417053222656 4.297402 1.512005 1.4943172 -6.4142714 1.7418805 19.835331 3.113237142562866 0.7164194583892822
