Pedestrian 0.0 0 -3.306689739227295 685.1802978515625 137.45623779296875 787.7640991210938 294.4153747558594 1.1616508 1.8646913 0.5373012 1.543909 1.3550085 8.66994 -3.1304609775543213 0.6311740279197693
Pedestrian 0.0 0 -3.448086977005005 822.7896118164062 190.4031219482422 867.7769165039062 277.9711608886719 0.65939415 1.6781503 0.7009828 4.6996026 1.8806679 13.981709 -3.123826026916504 0.15160606801509857
Pedestrian 0.0 0 -0.46898967027664185 954.889404296875 141.91624450683594 1014.069580078125 248.46177673339844 0.6999061 1.7163434 0.5180505 6.1993384 1.0964509 11.650858 0.02000141143798828 0.14425519108772278
Pedestrian 0.0 0 -1.8245198726654053 837.1113891601562 174.47183227539062 871.6751098632812 243.307861328125 0.8753188 1.6897011 0.61875015 6.2360845 1.5433271 17.8126 -1.4877612590789795 0.13891074061393738
Pedestrian 0.0 0 2.8977575302124023 637.0970458984375 169.63674926757812 698.142333984375 272.2013244628906 1.0020279 1.8317541 0.5958223 1.098621 1.6393838 12.996284 2.982090473175049 0.13080278038978577
Pedestrian 0.0 0 1.7982462644577026 685.6715087890625 159.30609130859375 724.30224609375 253.18283081054688 0.87124056 1.8502096 0.6031453 2.0098925 1.4341304 14.4448595 1.9365010261535645 0.11886993795633316
Pedestrian 0.0 0 -0.2768911123275757 766.6964111328125 139.25852966308594 823.9071655273438 243.02340698242188 0.78616 1.756711 0.753181 3.2656882 1.0601525 12.348914 -0.018358027562499046 0.10345586389303207
Pedestrian 0.0 0 -0.2924540638923645 689.1490478515625 161.95677185058594 720.5650024414062 234.04306030273438 0.6142823 1.7704009 0.6604802 2.461578 1.316587 17.733353 -0.1545248031616211 0.10129930078983307
Cyclist 0.0 0 1.4398930072784424 865.7821044921875 144.00259399414062 904.4406127929688 256.5606384277344 1.678891 1.7538885 0.37793443 4.636984 1.1868403 11.872596 1.8122366666793823 0.16282370686531067
Cyclist 0.0 0 -0.8170942664146423 1104.889892578125 141.1077423095703 1197.049560546875 249.3697052001953 1.0221316 1.7125356 0.68302846 8.898586 1.0910671 11.599224 -0.162694051861763 0.13521207869052887
Car 0.0 0 3.09395432472229 592.922607421875 180.2498016357422 687.5576171875 219.39578247070312 3.8049948 1.5739344 1.6751263 1.3933282 1.5653692 29.260878 3.141535758972168 0.12565873563289642
Car 0.0 0 -1.5644903182983398 778.3964233398438 183.5181884765625 862.4824829101562 259.6975402832031 3.5193362 1.4616392 1.5865505 4.713488 1.5381429 15.627797 -1.2715578079223633 0.11993665993213654
Car 0.0 0 -2.6664209365844727 289.2612609863281 203.39407348632812 457.0288391113281 263.9481506347656 4.0214596 1.4684299 1.5934716 -6.239068 2.1238174 19.081812 -2.9824283123016357 0.10985273867845535
