Pedestrian 0.0 0 -0.5903242230415344 922.85400390625 147.05821228027344 1052.9384765625 263.8247985839844 1.9416455 1.8870056 0.5637961 6.2426925 1.4704907 12.046493 -0.1122097447514534 0.2503683567047119
Cyclist 0.0 0 -0.5903242230415344 922.85400390625 147.05821228027344 1052.9384765625 263.8247985839844 1.9416455 1.8870056 0.5637961 6.2426925 1.4704907 12.046493 -0.1122097447514534 0.3884717524051666
Car 0.0 0 -1.6838936805725098 663.4893188476562 179.89138793945312 735.8623657226562 242.49693298339844 3.5799425 1.6561407 1.7020298 2.5084727 1.881582 21.281292 -1.5665628910064697 0.9874764084815979
Car 0.0 0 1.6989150047302246 475.6462707519531 186.42506408691406 545.8236083984375 249.34437561035156 3.349644 1.6071547 1.5896274 -2.8318405 2.0310028 20.832767 1.5638110637664795 0.9549880027770996
Car 0.0 0 2.0191478729248047 0.0 197.9167022705078 444.9701843261719 375.0 4.525468 1.5131623 1.706323 -2.8390925 1.8036076 6.0764728 1.582060694694519 0.9324865341186523
Car 0.0 0 1.147718906402588 780.923828125 183.65777587890625 1118.068115234375 375.0 3.39483 1.5575733 1.517187 2.7918627 1.6867704 6.877261 1.5333489179611206 0.923344612121582
Car 0.0 0 -1.6640055179595947 651.9287109375 183.62742614746094 705.7941284179688 230.61602783203125 3.5583653 1.5277599 1.5958561 2.376553 1.9437768 26.05455 -1.5730427503585815 0.8180387616157532
Car 0.0 0 1.622767686843872 541.554931640625 184.24282836914062 571.138916015625 210.8092041015625 4.0405803 1.5301504 1.6480311 -3.3621194 2.2783885 45.34116 1.5487515926361084 0.7911560535430908
Car 0.0 0 -1.727351188659668 638.6787719726562 178.3228759765625 691.9172973632812 219.62916564941406 4.163355 1.6313058 1.650388 2.2768729 1.8844388 31.203829 -1.6545125246047974 0.5720528364181519
Car 0.0 0 0.44930994510650635 0.0 0.0 1242.0 375.0 3.954918 1.5423719 1.6159228 2.6508677 1.5461514 1.4480264 1.5201495885849 0.5592712759971619
