Pedestrian 0.0 0 0.96449875831604 936.550537109375 149.07325744628906 990.1688842773438 230.35716247558594 0.99240494 1.7812575 0.6374091 7.9413533 1.2604834 16.34829 1.4166899919509888 0.34600672125816345
Pedestrian 0.0 0 -0.9131338000297546 1133.764404296875 61.959266662597656 1242.0 292.0061950683594 0.81758416 1.7941116 0.59770197 4.9170547 0.9296133 6.0077143 -0.22723956406116486 0.2739960849285126
Pedestrian 0.0 0 0.5704611539840698 1134.451416015625 110.79939270019531 1242.0 373.2189636230469 0.6684344 1.7435246 0.6119284 4.2840843 1.3315896 5.203083 1.2592930793762207 0.2323901653289795
Pedestrian 0.0 0 2.7640106678009033 823.137451171875 126.75528717041016 914.366455078125 274.5121765136719 0.9613353 1.7567279 0.4179171 3.0916674 1.2090037 8.803789 3.101731538772583 0.15800757706165314
Pedestrian 0.0 0 1.1118667125701904 856.9429321289062 159.82363891601562 896.3062133789062 227.2641143798828 1.0341579 1.7855408 0.60802186 7.2001605 1.4409094 19.647303 1.4631386995315552 0.14359627664089203
Pedestrian 0.0 0 2.162358045578003 231.04005432128906 178.25335693359375 267.9447326660156 238.14501953125 0.82047784 1.846151 0.7050608 -11.41555 2.0203104 22.7715 1.6976640224456787 0.1126868724822998
Pedestrian 0.0 0 -0.7397011518478394 718.1653442382812 159.54083251953125 745.8634643554688 206.90147399902344 0.76369166 1.8332934 0.7607211 4.767528 1.3183093 28.454128 -0.5736917853355408 0.11115175485610962
Cyclist 0.0 0 0.05648471415042877 739.4191284179688 144.99143981933594 782.6337280273438 207.753173828125 1.223816 1.8217648 0.5784384 4.4321737 1.0133653 21.37838 0.2609090805053711 0.18367768824100494
Cyclist 0.0 0 -2.0147547721862793 1137.0457763671875 57.94185256958008 1242.0 297.086669921875 0.9954763 1.8133831 0.6194972 4.9363794 0.9423872 6.0260477 -1.328431487083435 0.1391461044549942
Cyclist 0.0 0 3.2094478607177734 166.98365783691406 219.06707763671875 232.37086486816406 286.6404724121094 1.5366572 1.7352874 0.62315786 -11.384682 3.0550044 19.98201 2.69157075881958 0.13453134894371033
Cyclist 0.0 0 0.96449875831604 936.550537109375 149.07325744628906 990.1688842773438 230.35716247558594 0.99240494 1.7812575 0.6374091 7.9413533 1.2604834 16.34829 1.4166899919509888 0.12972624599933624
Car 0.0 0 1.7933201789855957 334.4034423828125 190.81346130371094 507.7086486816406 308.8072509765625 4.725896 1.4897997 1.7654094 -2.964373 1.8532279 12.207411 1.5550973415374756 0.9299352169036865
Car 0.0 0 1.0862098932266235 1016.7890014648438 120.70648956298828 1242.0 239.52120971679688 4.3772845 1.8526541 1.6930951 9.428709 1.0398864 13.524714 1.6950182914733887 0.32648393511772156
Car 0.0 0 1.9162540435791016 346.31964111328125 187.30892944335938 472.9232482910156 260.46392822265625 4.261222 1.5184495 1.6849631 -4.877022 1.9240236 18.032183 1.652111530303955 0.1296520233154297
Car 0.0 0 2.449204921722412 681.8001098632812 193.18641662597656 780.7032470703125 230.0207061767578 4.353283 1.4807007 1.7113943 5.5068707 2.4587624 32.859726 2.6152491569519043 0.10575530678033829
