Pedestrian 0.0 0 2.2339911460876465 977.9971313476562 173.8247528076172 1049.8433837890625 298.40838623046875 0.7825767 1.7857372 0.57699037 5.9686503 1.8011442 10.764465 2.740265130996704 0.3561081290245056
Pedestrian 0.0 0 1.062393069267273 939.3611450195312 161.39797973632812 1018.319091796875 269.4635009765625 1.5222849 1.7277796 0.5162709 6.1980186 1.5449755 12.304649 1.529007077217102 0.23493537306785583
Cyclist 0.0 0 1.0696661472320557 937.2039794921875 154.54794311523438 1018.6609497070312 264.586181640625 1.6173371 1.75393 0.5173863 6.1839747 1.4625025 12.315451 1.535017490386963 0.44460538029670715
Car 0.0 0 -1.9033379554748535 763.4707641601562 188.6586151123047 1020.3485717773438 353.121337890625 3.8704374 1.4792429 1.6175774 3.0380914 1.7146825 8.794294 -1.5707119703292847 0.9823518395423889
Car 0.0 0 -1.7781453132629395 709.441162109375 183.33993530273438 840.4545288085938 288.7798156738281 3.9467344 1.7009057 1.6448792 2.9715197 1.933524 14.004331 -1.5690605640411377 0.9786998629570007
Car 0.0 0 1.4416738748550415 651.638671875 180.57736206054688 697.7694702148438 216.66546630859375 3.6878362 1.4860848 1.5884928 2.8068528 1.8532454 32.388866 1.5281189680099487 0.8552104830741882
Car 0.0 0 1.6141880750656128 494.171875 180.538330078125 543.0796508789062 227.35238647460938 3.7961254 1.5337362 1.6005595 -3.300329 1.834378 26.236044 1.4890516996383667 0.8515679240226746
Car 0.0 0 1.6000123023986816 639.8088989257812 181.44700622558594 666.1868896484375 205.23873901367188 3.8042684 1.4555525 1.626118 2.8349247 2.045385 47.527576 1.6595897674560547 0.5747386813163757
Car 0.0 0 1.5312341451644897 525.0828247070312 182.6519775390625 558.1551513671875 212.1580810546875 4.0762725 1.4367394 1.5942118 -3.7452261 1.9911549 38.671425 1.434687852859497 0.5146054029464722
Car 0.0 0 1.686699390411377 542.49072265625 177.33485412597656 573.3771362304688 202.33047485351562 3.948463 1.5422179 1.572631 -3.398719 1.8484381 47.24233 1.614880919456482 0.5019016861915588
