Pedestrian 0.0 0 1.3749854564666748 486.2727355957031 164.101318359375 513.618896484375 231.20542907714844 0.819658 1.8878402 0.6295307 -3.2237334 1.6419588 20.789139 1.2211425304412842 0.4371799826622009
Pedestrian 0.0 0 -1.8423575162887573 0.0 130.4894561767578 22.569377899169922 204.7096710205078 0.7403133 1.946282 0.64907837 -16.377573 0.83571184 19.3948 -2.543609619140625 0.13567721843719482
Pedestrian 0.0 0 2.2817230224609375 722.8360595703125 125.29904174804688 761.918701171875 200.3166046142578 0.79676604 1.9262377 0.6524998 3.4432917 0.7055194 19.028563 2.4607396125793457 0.11950856447219849
Car 0.0 0 -0.16034016013145447 342.3576965332031 195.71084594726562 415.4660949707031 224.2715606689453 3.8665445 1.5081358 1.6557833 -13.57448 2.8996313 42.297348 -0.47088631987571716 0.727626621723175
Car 0.0 0 -1.6496620178222656 431.9222717285156 170.65423583984375 465.6282958984375 197.5643768310547 4.115889 1.6232299 1.7589129 -10.294271 1.4908974 45.746655 -1.8710029125213623 0.22602172195911407
Car 0.0 0 1.1290780305862427 907.2057495117188 176.9250946044922 964.8253173828125 204.65020751953125 3.9161768 1.5615946 1.6160843 19.40508 1.8167928 43.19027 1.5513437986373901 0.21123094856739044
Car 0.0 0 -0.5225645303726196 578.9444580078125 190.33636474609375 689.9274291992188 233.67404174804688 3.9574294 1.4836196 1.6656874 0.9105945 2.1957462 27.707901 -0.48971229791641235 0.18368779122829437
Car 0.0 0 1.4467893838882446 447.6692810058594 174.14736938476562 476.62689208984375 197.528564453125 4.2090077 1.7076095 1.6562756 -11.373039 1.8109746 55.202625 1.2436087131500244 0.1660444438457489
Car 0.0 0 1.7701572179794312 172.24658203125 184.0083465576172 205.68328857421875 206.2687225341797 3.9612436 1.6699024 1.5852513 -34.04856 2.6058986 58.390224 1.2422412633895874 0.14182907342910767
Car 0.0 0 -0.512391209602356 1034.244384765625 178.3544921875 1146.9771728515625 210.88900756835938 4.275849 1.4966022 1.5294733 22.816557 1.7663603 34.41762 0.07302165031433105 0.13463877141475677
Car 0.0 0 1.1437231302261353 493.75616455078125 183.6007537841797 534.3143920898438 202.69261169433594 3.8071613 1.3699223 1.700944 -7.52773 2.2375197 56.159286 1.0104749202728271 0.12496400624513626
