Pedestrian 0.0 0 1.8299543857574463 610.493408203125 163.39935302734375 628.7634887695312 199.81689453125 1.130385 1.7706281 0.6371929 0.56140375 0.7110444 35.577595 1.8457328081130981 0.22307372093200684
Pedestrian 0.0 0 -1.6224786043167114 835.8575439453125 166.83499145507812 853.2747192382812 208.0779266357422 0.5215623 1.793402 0.7001959 10.371233 0.99526966 31.598341 -1.305336356163025 0.21346721053123474
Pedestrian 0.0 0 -1.8345836400985718 149.6962890625 144.271484375 176.1271514892578 196.5568389892578 0.6101398 1.9113034 0.7008937 -16.586836 0.41570976 26.7385 -2.3898215293884277 0.10899842530488968
Cyclist 0.0 0 1.783366084098816 613.6394653320312 161.74330139160156 631.3035888671875 196.91102600097656 1.3980259 1.7090974 0.5969631 0.7060129 0.5695061 35.68046 1.8031506538391113 0.20533813536167145
Cyclist 0.0 0 1.8496646881103516 228.11460876464844 171.308349609375 260.8709411621094 227.87594604492188 1.4656355 1.653066 0.50391465 -11.028689 1.2477852 21.770462 1.380759358406067 0.13502137362957
Car 0.0 0 -1.6289875507354736 546.505615234375 193.0194549560547 719.9288330078125 358.913818359375 3.3873696 1.424315 1.5409629 0.096769914 1.5317167 8.058054 -1.6169790029525757 0.9666202664375305
Car 0.0 0 -1.5607576370239258 566.4664306640625 177.67823791503906 651.37255859375 254.1642608642578 3.8505812 1.445655 1.6057326 -0.009595178 1.3043213 15.516016 -1.5613760948181152 0.8473371267318726
Car 0.0 0 -1.5521799325942993 562.5315551757812 174.1626434326172 618.1475830078125 225.78842163085938 3.7860107 1.5179422 1.6354452 -0.5667275 1.1940829 23.030466 -1.5767827033996582 0.5483357310295105
Car 0.0 0 -2.7530643939971924 278.8403015136719 156.67803955078125 383.1976013183594 191.30873107910156 4.465721 1.6610119 1.7553967 -13.601784 0.2933754 35.401077 -3.1198933124542236 0.16240477561950684
Car 0.0 0 1.5267860889434814 793.8109741210938 165.45770263671875 830.4465942382812 195.04391479492188 4.1297526 1.4437585 1.6352818 10.510999 0.48073202 37.272396 1.8016530275344849 0.15137965977191925
Car 0.0 0 1.6951173543930054 220.09913635253906 180.34353637695312 244.2484588623047 196.38133239746094 3.8405042 1.4770494 1.5706842 -35.645424 1.029463 68.2751 1.2139580249786377 0.11914149671792984
Car 0.0 0 1.6075612306594849 123.93672180175781 178.62503051757812 152.1066131591797 202.7097930908203 4.120881 1.4607726 1.3508898 -29.853876 1.0621715 45.70944 1.028993844985962 0.11284346133470535
Car 0.0 0 1.617636799812317 600.71826171875 167.28921508789062 633.6614379882812 196.71575927734375 3.4778461 1.4454546 1.5404862 0.49461913 0.5660233 37.08909 1.6309720277786255 0.10875610262155533
