Pedestrian 0.0 0 -1.1826375722885132 330.6822509765625 188.37149047851562 357.012939453125 239.2852325439453 0.6331977 1.7058903 0.65570515 -9.151112 2.244541 24.699629 -1.5374536514282227 0.18389643728733063
Pedestrian 0.0 0 2.3459625244140625 0.0 166.63226318359375 61.9769401550293 290.3376770019531 0.66670036 1.7797201 0.5492129 -8.745561 1.6905671 10.7349 1.6623313426971436 0.1725195199251175
Pedestrian 0.0 0 -3.1342132091522217 670.2889404296875 162.24879455566406 688.9362182617188 192.9657745361328 1.1441234 1.8910071 0.5299329 4.2849402 1.238484 44.739063 -3.0387282371520996 0.1401052474975586
Pedestrian 0.0 0 -0.1921994388103485 894.0919799804688 114.24089050292969 1015.887939453125 354.7536315917969 0.73552155 1.7136713 0.58421046 2.5478368 1.2964065 5.5096855 0.24094200134277344 0.12676434218883514
Pedestrian 0.0 0 2.6709203720092773 909.7943725585938 199.1616973876953 963.1835327148438 277.4364929199219 0.9841304 1.7975274 0.6093008 7.6861553 2.4339993 17.115673 3.0930016040802 0.11872303485870361
Car 0.0 0 2.041043281555176 0.0 200.6123504638672 371.5923156738281 375.0 3.893445 1.4400274 1.5896103 -3.6701972 1.7753584 6.73569 1.5421333312988281 0.9433796405792236
Car 0.0 0 1.8433281183242798 299.8490905761719 179.10592651367188 470.0701599121094 300.20025634765625 4.2729664 1.7314757 1.7208916 -3.7559206 1.8603984 12.685573 1.5554732084274292 0.9292135238647461
Car 0.0 0 1.651859164237976 501.67962646484375 181.27114868164062 551.2184448242188 224.58987426757812 4.034524 1.6005712 1.689546 -3.3874648 1.9688947 29.49584 1.537514567375183 0.8980730175971985
Car 0.0 0 1.8262531757354736 301.1739807128906 197.08419799804688 351.87554931640625 228.15231323242188 3.5510726 1.4608598 1.6885045 -15.173462 2.8232298 38.693108 1.4525331258773804 0.1710778772830963
Car 0.0 0 1.631554365158081 633.537109375 182.56106567382812 664.855224609375 209.3004608154297 4.179469 1.5534945 1.7304033 2.4921153 2.1975896 45.671658 1.6860661506652832 0.10274254530668259
