Car 0.0 0 -1.339157223701477 408.8099060058594 184.9053955078125 490.5527648925781 238.57672119140625 3.4524002 1.4162929 1.5438766 -4.5001907 1.4092358 20.70511 -1.553175449371338 0.9726267457008362
Car 0.0 0 -1.3505029678344727 358.3392639160156 180.32470703125 424.8338623046875 223.51588439941406 4.336464 1.6314653 1.6909401 -8.767712 1.4478488 29.371565 -1.640592336654663 0.9490626454353333
Car 0.0 0 -1.1988096237182617 145.84251403808594 193.55674743652344 404.2202453613281 336.41845703125 4.3091903 1.4493828 1.622845 -4.16294 1.5886765 9.723656 -1.6033241748809814 0.9417621493339539
Car 0.0 0 -1.3967934846878052 462.7778625488281 181.7981719970703 516.73876953125 219.5888214111328 3.9337428 1.5133834 1.6211058 -5.012285 1.3776553 30.760729 -1.5583182573318481 0.906090259552002
Car 0.0 0 -1.6100189685821533 579.1052856445312 175.2061767578125 610.1448364257812 205.9440460205078 2.700635 1.592132 1.5569776 -0.76339173 1.0747995 38.624737 -1.6297807693481445 0.8342044949531555
Car 0.0 0 -1.1596794128417969 210.6831512451172 167.10301208496094 315.47381591796875 213.4150390625 4.641514 1.5410014 1.7309475 -12.462635 0.93944544 26.262888 -1.6027475595474243 0.826159656047821
Car 0.0 0 -1.5018526315689087 501.7391052246094 181.0110626220703 534.0404052734375 208.79217529296875 3.3940032 1.4791365 1.5557662 -4.9914513 1.256402 40.007236 -1.6259750127792358 0.7926328182220459
Car 0.0 0 0.8159793019294739 0.0 186.25860595703125 155.4606170654297 248.57330322265625 3.3867826 1.4461889 1.5313903 -13.313447 1.4746078 17.759605 0.17270374298095703 0.5500816106796265
Car 0.0 0 2.2349319458007812 0.0 195.6479034423828 163.90977478027344 330.5520324707031 3.9883082 1.4603341 1.6138424 -8.292609 1.6373183 10.101424 1.547555685043335 0.508187472820282
Car 0.0 0 -1.1972882747650146 347.1839294433594 180.14663696289062 402.0927734375 209.2567138671875 3.621794 1.4971421 1.6109482 -12.553716 1.2375693 38.823727 -1.510028600692749 0.5065605044364929
