Car 0.0 0 -1.7642658948898315 689.6769409179688 183.6543426513672 773.8763427734375 247.4862518310547 3.3439143 1.4712254 1.5366366 3.0457695 1.779909 18.89867 -1.6044766902923584 0.9725383520126343
Car 0.0 0 -2.092480421066284 843.96337890625 174.20205688476562 1242.0 375.0 3.8435452 1.4934794 1.6406206 3.1296763 1.5075105 5.3905106 -1.566455364227295 0.9500462412834167
Car 0.0 0 3.694424629211426 0.0 189.41053771972656 282.8939514160156 321.4263610839844 3.916183 1.4768437 1.6449212 -6.580959 1.7114015 9.255314 3.0763232707977295 0.9353197813034058
Car 0.0 0 -2.67533278465271 164.4029541015625 182.62957763671875 394.46722412109375 270.64794921875 3.7265801 1.5665646 1.5489562 -6.2985506 1.7664597 13.876481 -3.101426124572754 0.9210982918739319
Car 0.0 0 3.3381879329681396 357.321044921875 181.3985595703125 477.7250671386719 229.37509155273438 3.5641468 1.4884762 1.6050007 -6.271148 1.7794036 23.621162 3.078685760498047 0.9182187914848328
Car 0.0 0 -0.2170097827911377 755.7769775390625 185.9259033203125 872.8104858398438 229.06240844726562 3.8167243 1.4773206 1.6740664 7.3039823 1.9697448 26.218025 0.0546875 0.8858211636543274
Car 0.0 0 0.2289237231016159 412.27337646484375 168.6457977294922 506.0443115234375 208.1977996826172 3.900696 1.7514335 1.6652273 -6.8516173 1.5654448 32.82579 0.023151397705078125 0.8770852088928223
Car 0.0 0 0.3321438729763031 303.362548828125 175.53440856933594 465.148681640625 240.94664001464844 3.698761 1.6123033 1.5341572 -5.8115864 1.6850935 18.672356 0.030407190322875977 0.8555036783218384
Car 0.0 0 3.589308261871338 24.203187942504883 187.11495971679688 371.7938232421875 298.2083435058594 4.4841404 1.5641829 1.6666981 -6.313708 1.8083587 11.368696 3.082360029220581 0.7912921905517578
Car 0.0 0 0.38027065992355347 233.59588623046875 190.8106689453125 441.9099426269531 265.95343017578125 4.085832 1.5603628 1.588653 -6.0637813 1.9854091 16.22196 0.022551774978637695 0.77482008934021
Car 0.0 0 -2.949510097503662 468.0320129394531 179.97706604003906 539.3705444335938 207.06704711914062 3.908515 1.5412204 1.6577123 -6.251302 1.9697083 42.44755 -3.0957303047180176 0.7494902610778809
Car 0.0 0 -3.294893980026245 693.7587890625 178.3938446044922 784.9432373046875 210.3890380859375 4.352356 1.573298 1.6885027 6.481888 1.8621192 36.677082 -3.119971513748169 0.7102659344673157
Car 0.0 0 3.260971784591675 481.8311767578125 176.44911193847656 550.2496948242188 204.41697692871094 4.292424 1.7993771 1.7738947 -6.1815023 2.0412467 47.560574 3.1317250728607178 0.6515304446220398
