Pedestrian 0.0 0 -0.34837326407432556 776.4910888671875 162.34205627441406 793.2352905273438 190.5085906982422 0.94555706 1.8181461 0.49228594 11.325957 1.1399598 46.869553 -0.11127014458179474 0.4926377534866333
Pedestrian 0.0 0 -1.8882412910461426 886.8375244140625 163.9298858642578 909.133056640625 204.42958068847656 0.5332605 1.7699505 0.7854405 12.656664 1.3803 31.820595 -1.5096755027770996 0.3874710202217102
Pedestrian 0.0 0 -2.7245023250579834 448.8753356933594 161.91688537597656 467.9287414550781 196.17727661132812 0.85997975 1.8623173 0.58607316 -8.352569 1.2681583 39.59435 -2.9324076175689697 0.3817525804042816
Car 0.0 0 3.1226961612701416 484.9664611816406 167.83615112304688 560.1239624023438 197.83746337890625 3.641073 1.453048 1.5710998 -4.401793 1.2103778 35.97637 3.000948905944824 0.8654435276985168
Car 0.0 0 1.199226975440979 713.06298828125 162.2320098876953 758.6510009765625 184.7553253173828 4.429203 1.5288182 1.6928383 8.859036 0.80818546 51.311996 1.3701919317245483 0.7938194870948792
Car 0.0 0 -1.881925344467163 800.6346435546875 161.99713134765625 841.6663208007812 184.1808319091797 4.0443716 1.5332475 1.6680319 15.107272 0.7832223 51.911724 -1.5987286567687988 0.576699435710907
Car 0.0 0 1.1369352340698242 931.4347534179688 161.39682006835938 982.28125 186.58172607421875 4.1831183 1.7385337 1.6876227 24.852175 0.9479938 51.90763 1.5834606885910034 0.5670993328094482
Car 0.0 0 -2.071110963821411 746.867431640625 162.31478881835938 792.4420776367188 183.7809295654297 3.7457156 1.4904504 1.6094315 11.455269 0.75904316 52.118797 -1.8547595739364624 0.552933394908905
Car 0.0 0 2.659993886947632 614.710205078125 182.69354248046875 716.38232421875 220.02987670898438 4.113979 1.492295 1.5922712 2.3664844 1.9391248 31.193598 2.735713243484497 0.3996090590953827
Car 0.0 0 1.9438838958740234 0.0 169.81149291992188 51.91072082519531 198.98263549804688 4.2954936 1.6849883 1.631119 -35.934074 1.5096047 43.969242 1.2587099075317383 0.35638612508773804
Car 0.0 0 -0.9850263595581055 606.6685180664062 164.7489776611328 676.2723999023438 197.18881225585938 4.411196 1.7091128 1.7349986 1.7841399 1.282452 40.305157 -0.9407894611358643 0.3025345206260681
