Pedestrian 0.0 0 -1.2695978879928589 1026.322021484375 92.4904556274414 1094.974609375 241.13995361328125 0.6387753 1.8734655 0.60894936 5.899017 0.86098224 9.530286 -0.7153422832489014 0.30601921677589417
Pedestrian 0.0 0 3.1931216716766357 370.282470703125 154.33042907714844 445.4403076171875 278.3985595703125 1.0813562 1.8306631 0.5800996 -3.1278703 1.5577 11.046851 2.9171981811523438 0.22066576778888702
Pedestrian 0.0 0 -1.4436657428741455 516.4763793945312 175.67820739746094 535.8538208007812 219.7954864501953 1.0168107 1.7158698 0.6420359 -3.3632576 1.8303328 28.637466 -1.5605727434158325 0.17289026081562042
Pedestrian 0.0 0 1.6084996461868286 772.1734619140625 155.74449157714844 804.3707885742188 236.8541717529297 1.3581737 1.87219 0.7065506 4.263396 1.4776227 17.401894 1.8487632274627686 0.12052907794713974
Pedestrian 0.0 0 1.9720686674118042 729.7189331054688 152.07736206054688 758.7967529296875 209.11753845214844 0.7384733 1.8416495 0.71190923 4.385539 1.1711946 23.79771 2.1543080806732178 0.11934332549571991
Pedestrian 0.0 0 -1.0032051801681519 705.8449096679688 159.8861541748047 724.2625732421875 201.29684448242188 0.4972094 1.8625581 0.6673814 4.7440524 1.2796521 32.856506 -0.8598092198371887 0.11345566809177399
Pedestrian 0.0 0 -1.8134523630142212 693.06298828125 175.611083984375 706.919189453125 204.80821228027344 1.0138274 1.6229504 0.5474906 5.0422273 1.7810464 40.741787 -1.6903178691864014 0.10375993698835373
Cyclist 0.0 0 -1.4446380138397217 517.4061889648438 177.78402709960938 536.2059936523438 221.59669494628906 1.0789678 1.7006127 0.6131125 -3.3412044 1.9005805 28.668802 -1.5606595277786255 0.12530896067619324
Cyclist 0.0 0 0.24353060126304626 531.871826171875 183.5623016357422 569.557373046875 222.61557006835938 1.560329 1.6865648 0.5870915 -2.649148 2.165047 31.799416 0.160414457321167 0.11962603032588959
Car 0.0 0 -1.9155683517456055 763.2075805664062 183.30799865722656 1092.7117919921875 375.0 4.3050904 1.4946386 1.6742004 2.866956 1.6385915 7.7477164 -1.5611542463302612 0.9525532722473145
Car 0.0 0 0.15788279473781586 483.2001037597656 180.77406311035156 572.592529296875 214.7714080810547 3.7750556 1.4598287 1.5161799 -3.6643374 1.823048 32.21332 0.044617414474487305 0.19775159657001495
