Pedestrian 0.0 0 1.1344588994979858 897.5592041015625 161.2354736328125 930.8212280273438 215.04981994628906 1.067576 1.8211787 0.67018986 10.468187 1.428344 24.96198 1.53154718875885 0.6450423002243042
Pedestrian 0.0 0 -1.4032789468765259 661.3433227539062 172.47080993652344 676.6826171875 207.87266540527344 0.8066511 1.6697254 0.6060047 2.7859893 1.652011 34.49391 -1.3226863145828247 0.44565436244010925
Pedestrian 0.0 0 2.616281032562256 0.0 170.43678283691406 60.03892135620117 296.8771667480469 0.7490044 1.7911116 0.7403804 -8.856297 1.7572278 10.697921 1.9247863292694092 0.2040204256772995
Pedestrian 0.0 0 1.7870221138000488 172.6001739501953 164.59841918945312 214.1910400390625 240.7908935546875 1.0552918 1.7691431 0.6572225 -10.053096 1.5778118 17.353489 1.2619527578353882 0.16420258581638336
Pedestrian 0.0 0 -1.958810567855835 1077.6646728515625 139.30653381347656 1113.2362060546875 205.36192321777344 0.57550424 1.8312705 0.6631543 13.636747 0.90158343 20.34916 -1.368408441543579 0.11679287254810333
Pedestrian 0.0 0 -1.425095796585083 312.00543212890625 162.927978515625 330.1453552246094 212.54478454589844 0.9235217 1.8118092 0.4995883 -10.790636 1.4497082 26.852371 -1.8071962594985962 0.11345597356557846
Cyclist 0.0 0 1.1208713054656982 897.9082641601562 161.2742919921875 931.1697387695312 215.3018341064453 1.0597004 1.8265709 0.6624618 10.470136 1.4354408 24.937578 1.518375039100647 0.11545180529356003
Car 0.0 0 1.7970552444458008 503.2259216308594 180.03648376464844 594.6340942382812 242.0966796875 3.6805353 1.4427847 1.6267757 -1.5620468 1.6531805 19.158794 1.7157036066055298 0.9668833017349243
Car 0.0 0 2.4635097980499268 0.0 201.522705078125 297.6247253417969 375.0 3.4900901 1.4806948 1.5365438 -2.4434674 1.6292347 1.9795249 1.5736004114151 0.6924959421157837
Car 0.0 0 -2.2487125396728516 876.9494018554688 169.57362365722656 938.1268920898438 196.25662231445312 3.7735226 1.6370528 1.6148914 18.996664 1.4361534 46.303524 -1.8593895435333252 0.15587101876735687
Car 0.0 0 1.4586656093597412 925.6096801757812 169.70156860351562 968.3558959960938 200.3551788330078 3.9807947 1.5307342 1.6032752 17.728098 1.3736705 38.17021 1.8934698104858398 0.14587049186229706
Car 0.0 0 3.46970796585083 134.9991912841797 147.47422790527344 287.07818603515625 201.65689086914062 3.7689373 1.5777342 1.59177 -12.160887 0.8390636 22.118675 2.9670169353485107 0.13794533908367157
Car 0.0 0 1.8017609119415283 937.035888671875 168.15359497070312 968.2028198242188 186.3504638671875 4.034844 1.5872663 1.6588995 30.882744 1.1776203 65.0289 2.245134115219116 0.1362176239490509
Car 0.0 0 1.6357784271240234 681.4212646484375 171.61395263671875 705.3123168945312 193.2930450439453 3.931522 1.5668076 1.5332695 6.267474 1.4775429 54.216045 1.7508693933486938 0.1261385828256607
