Pedestrian 0.0 0 2.9755170345306396 644.206298828125 170.7063446044922 666.2164306640625 214.2716827392578 0.8217277 1.7871038 0.6059048 1.8307017 1.6993622 29.939953 3.0365867614746094 0.4084683060646057
Pedestrian 0.0 0 1.4429759979248047 748.716552734375 156.91334533691406 765.7822265625 200.34622192382812 0.91463846 1.8103082 0.5944866 6.1880584 1.14625 30.548904 1.642834186553955 0.15425199270248413
Pedestrian 0.0 0 -1.4233735799789429 423.8232421875 170.63011169433594 438.55657958984375 208.1668243408203 0.49594116 1.8911992 0.6610428 -9.112613 1.779512 36.628887 -1.6672056913375854 0.12925146520137787
Pedestrian 0.0 0 -0.5698645114898682 1145.3270263671875 101.4405746459961 1242.0 298.5991516113281 0.9062579 1.819863 0.6342451 5.846524 1.1610426 7.0281115 0.12401366233825684 0.12467154860496521
Cyclist 0.0 0 -1.7724435329437256 741.0455322265625 161.02865600585938 759.8399047851562 201.5077667236328 1.7053806 1.7414323 0.48024693 6.1569514 1.233058 31.893444 -1.5817418098449707 0.1470264196395874
Car 0.0 0 -1.9791743755340576 809.5530395507812 178.69129943847656 1226.7525634765625 375.0 3.7066166 1.4500179 1.5922354 2.9262211 1.5159727 6.228622 -1.5399754047393799 0.9696210622787476
Car 0.0 0 -1.531473159790039 551.795654296875 179.9280548095703 574.23193359375 201.70848083496094 3.5697606 1.5974625 1.5974287 -3.6376705 2.1635418 55.894806 -1.5964621305465698 0.779910683631897
Car 0.0 0 -1.541622281074524 639.8829345703125 177.63143920898438 673.1344604492188 209.78672790527344 4.136371 1.5432081 1.601297 2.4192028 1.8053052 37.393745 -1.4770169258117676 0.38046175241470337
Car 0.0 0 1.7696179151535034 627.7174682617188 174.97621154785156 652.09521484375 192.4854736328125 3.6145904 1.5191417 1.5118698 2.7008722 1.7163922 65.0039 1.811143398284912 0.1898045390844345
Car 0.0 0 -1.6139827966690063 628.8728637695312 171.71524047851562 656.5903930664062 199.822021484375 4.2712536 1.8210022 1.6844044 2.1465232 1.7475812 48.880966 -1.5700976848602295 0.13202254474163055
Car 0.0 0 -2.2015864849090576 315.6219177246094 188.63455200195312 406.08203125 227.56813049316406 3.9367187 1.4736688 1.5984704 -10.611959 2.1805925 30.526312 -2.536151170730591 0.1154935359954834
