Car 0.0 0 -1.7357090711593628 652.1270141601562 182.03317260742188 727.1851196289062 236.7008056640625 4.234858 1.4860694 1.6249188 2.3309772 1.800241 22.501362 -1.6324845552444458 0.9629915952682495
Car 0.0 0 -2.4875926971435547 0.0 192.390869140625 286.3138427734375 325.78900146484375 4.052969 1.4218376 1.5640274 -6.3615603 1.6822747 8.767482 -3.1152849197387695 0.9529176950454712
Car 0.0 0 -1.8953351974487305 707.65771484375 189.52037048339844 863.56884765625 291.96563720703125 3.51887 1.4745924 1.6020068 2.886653 1.8132689 12.811673 -1.6737216711044312 0.9516463279724121
Car 0.0 0 -2.6993777751922607 195.493408203125 188.51478576660156 402.65496826171875 266.5733337402344 3.818918 1.5613006 1.5698236 -6.684676 1.9195676 15.630131 -3.103515148162842 0.9176148176193237
Car 0.0 0 3.377046585083008 368.2701416015625 188.69772338867188 497.6437072753906 230.72030639648438 4.2994623 1.4411058 1.6273421 -6.395558 2.034542 26.184088 3.137483596801758 0.8780698776245117
Car 0.0 0 0.4936680197715759 123.58909606933594 191.1132354736328 366.7580261230469 278.89849853515625 3.8085713 1.4971445 1.4300832 -6.7137547 1.85598 13.39304 0.0289914608001709 0.8676903247833252
Car 0.0 0 0.5943620800971985 19.834604263305664 185.97775268554688 326.45501708984375 297.6687316894531 3.890319 1.5594527 1.4673431 -6.6475096 1.777182 11.108543 0.055109500885009766 0.8467201590538025
Car 0.0 0 0.39699360728263855 248.99951171875 184.32733154296875 424.08648681640625 248.91360473632812 3.8481781 1.5302265 1.5133559 -6.8687162 1.8333573 18.21204 0.03633713722229004 0.8020558953285217
Car 0.0 0 -1.7090823650360107 643.0573120117188 180.92205810546875 689.6216430664062 213.5511474609375 4.03632 1.3748204 1.5995655 2.512053 1.772717 33.484962 -1.634202241897583 0.7583130598068237
Car 0.0 0 3.3235764503479004 399.1233215332031 171.2233428955078 490.52484130859375 210.58953857421875 3.6216576 1.6548338 1.623353 -7.131321 1.5866439 31.216558 3.0989837646484375 0.6490703821182251
Car 0.0 0 -1.6499766111373901 630.4910888671875 176.89808654785156 655.7993774414062 200.47462463378906 3.5600662 1.6363487 1.5570143 2.3533657 1.9411027 52.50135 -1.6051816940307617 0.6222049593925476
Car 0.0 0 3.329742908477783 384.38287353515625 181.9901885986328 489.9726257324219 220.0138397216797 3.8790433 1.4493288 1.5022401 -6.866129 1.8243135 28.743612 3.095262050628662 0.6123293042182922
