Pedestrian 0.0 0 -1.0115340948104858 171.35398864746094 151.45045471191406 227.47518920898438 254.7454071044922 0.6567616 1.761557 0.5984589 -7.23524 1.396906 12.642037 -1.5313489437103271 0.1582288295030594
Pedestrian 0.0 0 -2.2065670490264893 348.82171630859375 134.26699829101562 397.4979248046875 212.5052490234375 1.0161502 1.9047608 0.69413054 -6.0044255 0.96569353 18.140251 -2.5262162685394287 0.13638992607593536
Pedestrian 0.0 0 -2.0236713886260986 282.6598815917969 131.37680053710938 328.629638671875 222.8006591796875 0.64680964 1.8294241 0.6569702 -6.333947 0.9998085 14.895575 -2.4257311820983887 0.12891684472560883
Pedestrian 0.0 0 -1.151808500289917 206.05108642578125 153.51870727539062 254.8236083984375 249.21153259277344 0.6900838 1.7488059 0.5814765 -7.1672883 1.3958075 13.547403 -1.6384271383285522 0.12387560307979584
Pedestrian 0.0 0 -2.849398136138916 1207.0364990234375 109.5468521118164 1242.0 214.51531982421875 0.6342151 1.90929 0.5385866 11.648077 0.7581428 13.5336075 -2.138737440109253 0.11277491599321365
Pedestrian 0.0 0 -1.9503506422042847 881.9515991210938 157.03248596191406 900.457763671875 195.9685821533203 0.5640755 1.8744689 0.6754068 13.60686 1.1131446 35.0187 -1.5797451734542847 0.10876066982746124
Cyclist 0.0 0 1.4771392345428467 709.0881958007812 182.21224975585938 725.2640380859375 222.52667236328125 1.5037788 1.6116499 0.52285177 4.4007425 2.010557 29.961605 1.6229758262634277 0.2805449664592743
Cyclist 0.0 0 -0.3532518744468689 853.5448608398438 162.5318145751953 887.104248046875 195.0718994140625 1.6654936 1.8363525 0.67475885 14.772666 1.2541924 41.060116 -0.007889807224273682 0.15120388567447662
Cyclist 0.0 0 -2.715602397918701 509.26751708984375 173.952880859375 541.0838623046875 205.4398651123047 1.7648082 1.8509232 0.67261416 -5.0926585 1.9177312 43.041164 -2.8333754539489746 0.11155133694410324
Car 0.0 0 1.314845085144043 711.1699829101562 177.37796020507812 903.1691284179688 310.7001037597656 3.700606 1.4666226 1.5720183 2.4146779 1.5409089 9.924686 1.5535081624984741 0.9640606641769409
Car 0.0 0 -2.0371570587158203 795.5399169921875 188.5856170654297 1242.0 375.0 3.5392504 1.3752412 1.525297 2.513506 1.527166 5.168992 -1.5845566987991333 0.9589653611183167
Car 0.0 0 2.1619300842285156 565.1221923828125 171.13270568847656 709.2966918945312 235.4098358154297 4.382157 1.519643 1.695142 0.8071954 1.4793062 19.323927 2.2036776542663574 0.6271209120750427
Car 0.0 0 1.134608507156372 760.3177490234375 190.29046630859375 953.7647705078125 292.82611083984375 4.4631968 1.5042155 1.6693182 4.3547554 1.8915673 13.691407 1.4425550699234009 0.10175786167383194
