Pedestrian 0.0 0 2.3756487369537354 1165.4508056640625 137.32717895507812 1242.0 313.03582763671875 0.7808654 1.780502 0.60917217 6.4507732 1.4208572 7.637944 3.076981544494629 0.351138174533844
Pedestrian 0.0 0 1.2204418182373047 302.0521545410156 176.64064025878906 350.3861389160156 269.6643371582031 0.6945049 1.7661954 0.68905485 -5.6479263 1.8437842 14.224983 0.8424873352050781 0.2765970528125763
Pedestrian 0.0 0 -0.09410688281059265 744.4180908203125 177.958740234375 776.860595703125 239.3614959716797 0.8662146 1.753793 0.66064376 4.3385878 1.9057093 21.043913 0.10921263694763184 0.26042068004608154
Pedestrian 0.0 0 -1.6942222118377686 681.9854125976562 177.364990234375 699.322021484375 215.05442810058594 1.0696446 1.8225166 0.7210767 3.9303603 2.048563 35.5568 -1.5841315984725952 0.24074755609035492
Pedestrian 0.0 0 -0.1761506348848343 716.782470703125 150.34506225585938 739.7218017578125 199.02493286132812 0.75914216 1.8491186 0.6977619 4.501622 0.99446845 27.759739 -0.01538638211786747 0.23540863394737244
Cyclist 0.0 0 2.4286649227142334 1086.6954345703125 105.18970489501953 1242.0 258.5887756347656 2.0449052 1.888437 0.5581141 7.2173223 1.0558059 9.207746 3.0934691429138184 0.409568727016449
Cyclist 0.0 0 -0.11120235919952393 743.6461181640625 177.06369018554688 778.0601196289062 239.01834106445312 0.91265374 1.7705613 0.6627737 4.3436227 1.895862 21.040237 0.09238123893737793 0.10305939614772797
Car 0.0 0 -1.1805694103240967 122.17195892333984 197.74766540527344 441.5943603515625 375.0 3.7626517 1.4914094 1.6513464 -3.1009898 1.8193941 7.60945 -1.567540168762207 0.9710883498191833
Car 0.0 0 1.4382888078689575 628.695068359375 183.51690673828125 692.3983154296875 229.92697143554688 3.8726506 1.3950222 1.6474905 1.5949361 1.7881359 24.586647 1.5030680894851685 0.943274736404419
Car 0.0 0 1.7120569944381714 525.1797485351562 173.86204528808594 563.7171630859375 206.46563720703125 4.198559 1.8480704 1.7229995 -3.9008262 1.9117333 43.16913 1.6219402551651 0.7108585238456726
Car 0.0 0 -0.386165589094162 827.0824584960938 171.47689819335938 1013.6495361328125 228.589599609375 4.247596 1.4439566 1.5708858 8.043427 1.4094979 19.053196 0.013293981552124023 0.4635173976421356
Car 0.0 0 3.2260169982910156 426.5928955078125 183.1788787841797 511.900634765625 212.7195281982422 4.3736625 1.5128514 1.7110271 -7.5400333 2.0838883 38.792976 3.0340447425842285 0.41758421063423157
Car 0.0 0 -1.4056659936904907 547.5975952148438 180.0602264404297 578.8292236328125 203.42324829101562 4.2525706 1.5698844 1.5711057 -3.3579078 2.11182 52.02938 -1.470115303993225 0.4023018479347229
Car 0.0 0 -1.58552086353302 626.3430786132812 170.55255126953125 654.7979736328125 198.21534729003906 3.7265356 1.5672208 1.611673 1.7461709 1.437192 42.759254 -1.5447062253952026 0.283447265625
