Pedestrian 0.0 0 2.03566312789917 607.8673095703125 173.6505889892578 634.7445678710938 221.9988555908203 0.93472433 1.7354256 0.63481927 0.7122903 1.4547291 26.343363 2.062695264816284 0.5586197376251221
Pedestrian 0.0 0 1.0504895448684692 432.6988830566406 169.21495056152344 495.6393127441406 280.30181884765625 0.75218874 1.7489768 0.74175876 -2.3062358 1.5568553 11.834082 0.8580210208892822 0.3275279700756073
Pedestrian 0.0 0 0.19275911152362823 734.7246704101562 187.5876007080078 777.19775390625 282.4029235839844 0.6175277 1.6426222 0.7636288 2.757618 1.7578635 12.974854 0.4021785259246826 0.324907124042511
Pedestrian 0.0 0 -1.858027458190918 701.2462768554688 161.0774383544922 726.580810546875 218.4942169189453 0.81863785 1.7864814 0.5843668 3.5362473 1.1521584 22.792389 -1.7041043043136597 0.28929319977760315
Pedestrian 0.0 0 -0.5966390371322632 747.3509521484375 191.3728790283203 803.7042846679688 297.0438537597656 0.6363727 1.6504296 0.65040153 2.788785 1.8184441 11.711538 -0.3628697395324707 0.25723573565483093
Pedestrian 0.0 0 -1.847834825515747 680.8001098632812 173.5693359375 713.139404296875 232.62429809570312 1.337229 1.6828985 0.5980682 2.7734137 1.4580389 21.173056 -1.7175884246826172 0.19668146967887878
Pedestrian 0.0 0 2.8120996952056885 771.843017578125 180.90892028808594 824.677734375 281.186767578125 0.71055585 1.7499187 0.748672 3.4896815 1.7408803 12.929747 3.075714111328125 0.15614989399909973
Pedestrian 0.0 0 -1.0409016609191895 939.6447143554688 192.19418334960938 1063.3038330078125 374.0 0.82225144 1.680841 0.6676887 3.607288 1.787566 6.576623 -0.5392096042633057 0.13467174768447876
Pedestrian 0.0 0 1.5394189357757568 754.6600341796875 154.87844848632812 771.1434326171875 207.5701904296875 1.7144715 1.7026578 0.48116213 5.382116 0.84351605 24.09647 1.7591689825057983 0.11679593473672867
Cyclist 0.0 0 1.247389316558838 727.4928588867188 187.8204345703125 789.5642700195312 288.7293701171875 1.4261819 1.694164 0.6622269 2.750995 1.8154829 12.896745 1.4575488567352295 0.3849678039550781
Cyclist 0.0 0 1.5394189357757568 754.6600341796875 154.87844848632812 771.1434326171875 207.5701904296875 1.7144715 1.7026578 0.48116213 5.382116 0.84351605 24.09647 1.7591689825057983 0.3028232753276825
Cyclist 0.0 0 3.0892598628997803 478.0914306640625 169.05665588378906 530.9337768554688 235.10670471191406 1.3775611 1.7409947 0.73177296 -2.660617 1.4141722 19.420248 2.9531052112579346 0.2438679337501526
Cyclist 0.0 0 -1.8254618644714355 673.8499755859375 173.47422790527344 709.59814453125 233.70773315429688 1.7424139 1.6975054 0.6193987 2.6087556 1.4724685 21.145937 -1.7027130126953125 0.20106489956378937
Cyclist 0.0 0 1.2853963375091553 768.6472778320312 182.60508728027344 814.6064453125 274.9156494140625 0.84799147 1.6017095 0.579279 3.3630843 1.6234939 12.9043045 1.5403424501419067 0.14561527967453003
Car 0.0 0 -0.40231651067733765 603.1376342773438 169.8813934326172 690.6670532226562 199.4775848388672 4.189847 1.4617721 1.6271638 2.328132 0.8888095 36.94094 -0.33937665820121765 0.24201235175132751
Car 0.0 0 2.019266366958618 705.6033935546875 159.5701904296875 749.1259155273438 183.34510803222656 3.8397508 1.7621111 1.8173112 9.751711 0.13733676 55.3272 2.1937296390533447 0.20538707077503204
Car 0.0 0 3.0256404876708984 481.2250061035156 177.3359375 571.92724609375 207.40576171875 4.2567554 1.4193542 1.5949259 -3.6914203 1.2237161 35.148045 2.92099928855896 0.1634981334209442
