Pedestrian 0.0 0 -1.0949678421020508 277.89453125 158.89996337890625 303.2402648925781 210.0540771484375 0.6116509 1.850443 0.64036024 -11.737139 1.3460288 26.421871 -1.5130051374435425 0.628314197063446
Pedestrian 0.0 0 -3.48809814453125 1010.7536010742188 188.86097717285156 1042.9041748046875 240.83473205566406 0.77087426 1.7808111 0.75056523 14.6359005 2.354982 25.425808 -2.965789318084717 0.4044303596019745
Cyclist 0.0 0 0.7982589602470398 697.3519897460938 180.54483032226562 778.3695068359375 274.2452392578125 1.7728604 1.9027022 0.69457227 2.707443 2.0806217 15.728434 0.9687252044677734 0.5388578176498413
Car 0.0 0 -1.8624390363693237 727.9180908203125 189.22271728515625 919.7392578125 308.6723937988281 4.226833 1.3954573 1.5948385 2.974376 1.697291 11.149315 -1.6017340421676636 0.963701069355011
Car 0.0 0 -1.696740984916687 653.2063598632812 173.9249267578125 707.219970703125 216.43997192382812 4.3835464 1.665542 1.7238194 2.8553338 1.714606 30.594461 -1.603682041168213 0.9602974057197571
Car 0.0 0 3.8308465480804443 0.0 184.983154296875 181.97567749023438 375.0 3.9522874 1.5129585 1.6219736 -6.450245 1.6406834 6.5986567 3.056821346282959 0.8773580193519592
Car 0.0 0 -2.828599452972412 365.619384765625 174.78099060058594 490.0251159667969 219.2537078857422 3.9303992 1.4969529 1.5872902 -6.372338 1.5673106 25.285881 -3.0754706859588623 0.7749689221382141
Car 0.0 0 3.3009886741638184 436.89093017578125 173.92982482910156 516.5462646484375 207.677978515625 3.5673378 1.5860296 1.6300787 -6.423222 1.6395814 34.817165 3.1185555458068848 0.602408230304718
Car 0.0 0 3.7496962547302246 0.0 140.1781463623047 270.0313720703125 289.0745849609375 4.073762 1.6866467 1.6465889 -6.751512 1.3168639 9.059334 3.109239101409912 0.5763431191444397
Car 0.0 0 -2.8688271045684814 381.52984619140625 176.6897735595703 504.0684814453125 220.06968688964844 4.291837 1.5975538 1.6425335 -6.3895745 1.7498004 27.650139 -3.0959272384643555 0.4337618350982666
Car 0.0 0 -2.926391839981079 441.42999267578125 169.94285583496094 533.0037841796875 205.05824279785156 4.362153 1.7554327 1.7537282 -6.292584 1.6102616 37.04549 -3.09464693069458 0.3613596260547638
Car 0.0 0 -0.27328550815582275 828.9961547851562 160.09556579589844 969.4366455078125 214.10487365722656 3.709322 1.5905548 1.6508902 8.777812 1.2151818 22.256933 0.1023714542388916 0.3370381295681
