Pedestrian 0.0 0 1.3160157203674316 659.4242553710938 165.5438232421875 674.9019775390625 197.61990356445312 0.9412373 1.9164705 0.7179701 3.419571 1.4800615 43.63379 1.3942257165908813 0.4901614189147949
Pedestrian 0.0 0 2.106431007385254 141.16195678710938 187.37298583984375 182.44174194335938 253.96656799316406 0.8004841 1.7245582 0.6150062 -12.006205 2.120852 19.266932 1.5491623878479004 0.268277645111084
Pedestrian 0.0 0 -3.688734531402588 1189.9136962890625 124.2281494140625 1242.0 244.4134979248047 0.7286203 1.8062887 0.55878335 9.514309 1.0758393 11.174672 -2.9834182262420654 0.21514101326465607
Pedestrian 0.0 0 0.15870213508605957 805.0744018554688 135.92205810546875 847.9978637695312 250.14915466308594 0.5813891 1.833822 0.72158533 3.5650926 1.2412679 12.031924 0.4467635154724121 0.13355255126953125
Pedestrian 0.0 0 -1.3919410705566406 750.9547729492188 145.7736053466797 800.2049560546875 254.34909057617188 0.76266605 1.7774554 0.69606113 2.7774062 1.3344884 12.296257 -1.1697947978973389 0.12312707304954529
Cyclist 0.0 0 -1.3359118700027466 254.53289794921875 191.066162109375 272.0418395996094 229.55958557128906 1.5633979 1.6659849 0.36537167 -15.786371 2.5142508 32.787395 -1.7846314907073975 0.17643363773822784
Car 0.0 0 1.7338281869888306 451.12646484375 181.23976135253906 498.5478820800781 212.4863739013672 4.1287236 1.4409962 1.7082005 -6.8018203 1.8894644 36.471992 1.5494519472122192 0.8525810241699219
Car 0.0 0 -1.4410490989685059 226.59127807617188 164.83729553222656 273.2414245605469 204.65638732910156 3.6144717 1.8268764 1.5746387 -17.476097 1.4594327 35.066254 -1.9033948183059692 0.4811040461063385
Car 0.0 0 1.832862138748169 162.92568969726562 146.63497924804688 243.00479125976562 190.13174438476562 3.8344321 1.4415766 1.5654628 -14.57727 0.57297945 25.961708 1.3212394714355469 0.1535891741514206
Car 0.0 0 -1.8543410301208496 511.3633117675781 176.83580017089844 550.4879150390625 200.01780700683594 3.9451685 1.5172856 1.6564426 -5.5605135 1.8059251 50.096977 -1.96488356590271 0.15063728392124176
Car 0.0 0 1.9187783002853394 280.0891418457031 175.8924560546875 311.5599060058594 192.6989288330078 3.631923 1.5252491 1.5773678 -29.594002 1.8198721 68.01425 1.5083717107772827 0.15004374086856842
