Pedestrian 0.0 0 1.8722145557403564 357.7857360839844 160.07240295410156 394.3487548828125 228.92579650878906 1.0310146 1.8598205 0.6924205 -6.373641 1.3096261 19.613243 1.5580132007598877 0.811284601688385
Pedestrian 0.0 0 1.1105762720108032 241.97332763671875 137.43331909179688 342.4375305175781 298.3779602050781 0.69425124 1.645051 0.7782038 -3.4723816 1.2065495 7.7429595 0.6890065670013428 0.5273369550704956
Pedestrian 0.0 0 0.0844545066356659 811.9839477539062 98.81141662597656 908.8982543945312 274.0107116699219 0.9655804 1.8229412 0.5682657 2.7771654 0.9746663 7.8101115 0.42609691619873047 0.33061403036117554
Pedestrian 0.0 0 1.563650131225586 675.376708984375 137.88783264160156 699.43896484375 210.17153930664062 0.78422576 1.8135918 0.60068536 2.0751534 0.7460505 18.156683 1.67744779586792 0.29614704847335815
Pedestrian 0.0 0 1.724229097366333 679.1571044921875 138.1200408935547 710.7909545898438 215.53858947753906 0.85464996 1.8102641 0.6348723 2.1361334 0.8209069 17.025908 1.8490406274795532 0.28524771332740784
Pedestrian 0.0 0 0.18244560062885284 613.855712890625 153.925537109375 629.0562133789062 186.59652709960938 0.8048696 1.8717258 0.47562543 0.94428766 0.35065317 40.816925 0.20557618141174316 0.2653047442436218
Pedestrian 0.0 0 3.212101459503174 396.69915771484375 164.4729766845703 416.7300109863281 209.58233642578125 0.74083006 1.801347 0.60436064 -8.040148 1.1628381 28.600353 2.938053846359253 0.235243022441864
Pedestrian 0.0 0 0.3708514869213104 717.1041870117188 120.24087524414062 770.8744506835938 217.45997619628906 0.84391576 1.8166356 0.656243 2.6552997 0.6922705 13.7094755 0.5621662139892578 0.1968127340078354
Pedestrian 0.0 0 -1.3590421676635742 416.92095947265625 151.24459838867188 430.74786376953125 184.38241577148438 0.6866532 2.0151083 0.6933455 -11.108693 0.23744777 43.347256 -1.6099152565002441 0.19085048139095306
Cyclist 0.0 0 1.7465620040893555 508.74139404296875 162.69113159179688 522.530517578125 191.8701629638672 1.83582 1.8125697 0.55749273 -5.662219 0.707652 44.84689 1.6209698915481567 0.4846270978450775
Cyclist 0.0 0 1.0248053073883057 813.923095703125 97.88019561767578 913.4061889648438 276.9149475097656 1.0275997 1.8348973 0.5755054 2.774823 0.9898331 7.8029475 1.3664710521697998 0.10482687503099442
Car 0.0 0 -1.5751094818115234 574.3976440429688 150.61288452148438 620.3858032226562 201.67935180664062 4.063409 1.8003969 1.6221962 -0.32959735 0.7482259 26.967552 -1.5873308181762695 0.707046389579773
Car 0.0 0 1.8106462955474854 907.020263671875 190.05540466308594 994.3980102539062 246.2771759033203 3.2126243 1.4409152 1.5505346 10.005145 1.7420706 20.433899 2.26596736907959 0.37162840366363525
Car 0.0 0 1.5441052913665771 889.957763671875 208.70526123046875 975.9205932617188 290.1134338378906 4.223413 1.4316875 1.5776325 7.396671 2.1712277 16.241901 1.9714462757110596 0.21705392003059387
