Pedestrian 0.0 0 0.9795734882354736 1172.00341796875 123.69381713867188 1242.0 261.61346435546875 0.8586006 1.8448113 0.63147384 8.449588 1.1876031 10.108567 1.6758151054382324 0.3181890547275543
Pedestrian 0.0 0 -2.397975444793701 0.0 193.07806396484375 38.76470184326172 280.0140380859375 0.63177 1.8051549 0.61033297 -12.842919 2.2476022 15.44916 -3.0915136337280273 0.2566313147544861
Pedestrian 0.0 0 -0.13686145842075348 466.4848937988281 197.4569091796875 482.72454833984375 231.92727661132812 0.75916624 1.7889055 0.7375119 -7.2796617 3.1210363 38.58436 -0.32333821058273315 0.1484128087759018
Pedestrian 0.0 0 -0.13354773819446564 672.9952392578125 180.73043823242188 696.4808959960938 225.79055786132812 0.8203198 1.7193106 0.69637257 2.8539975 2.029464 28.015589 -0.03202619403600693 0.12639641761779785
Pedestrian 0.0 0 1.6953808069229126 765.1522827148438 125.56820678710938 805.285400390625 211.87477111816406 1.733247 1.8737068 0.69067043 3.9999316 0.8474948 16.594505 1.9319084882736206 0.12469586730003357
Pedestrian 0.0 0 -0.5612730979919434 1035.5465087890625 96.49592590332031 1105.4898681640625 228.2401885986328 0.6401937 1.8443271 0.5749054 6.5633893 0.77572566 10.386457 0.002285480499267578 0.12432420998811722
Pedestrian 0.0 0 -3.3051817417144775 928.9739379882812 172.125 970.9356079101562 267.7812805175781 0.61953044 1.7230731 0.5446588 6.2248163 1.7102995 13.3402 -2.8685922622680664 0.12165995687246323
Pedestrian 0.0 0 1.5364183187484741 328.79205322265625 161.34677124023438 357.3782043457031 229.09066772460938 1.1034713 1.9016473 0.7363446 -7.7876124 1.5789843 20.902044 1.1797739267349243 0.12015780061483383
Cyclist 0.0 0 2.1227493286132812 70.80175018310547 191.03489685058594 190.43809509277344 328.3612976074219 1.8131447 1.7664516 0.5757213 -6.913296 2.0529237 10.43655 1.5376980304718018 0.7059152126312256
Cyclist 0.0 0 -1.2793242931365967 414.85784912109375 176.4044952392578 432.1828918457031 211.91201782226562 1.4296616 1.7392151 0.45179787 -9.387514 1.9213077 36.20675 -1.5330133438110352 0.12954385578632355
Car 0.0 0 1.982513189315796 110.19371032714844 178.3592987060547 426.3753662109375 371.1028137207031 4.370081 1.7262367 1.7478373 -3.735962 1.810323 8.777819 1.580122709274292 0.9237107634544373
Car 0.0 0 1.6870876550674438 481.9809875488281 185.6503143310547 545.1749267578125 233.29501342773438 4.3117847 1.4503137 1.7018636 -3.3299234 1.9377491 25.293697 1.5561901330947876 0.8786112666130066
Car 0.0 0 2.508568048477173 0.0 199.61160278320312 184.33241271972656 375.0 3.8927076 1.5152504 1.6186781 -3.868151 1.7021496 3.053791 1.606059193611145 0.5411171317100525
Car 0.0 0 -1.528445839881897 311.6041564941406 175.71910095214844 373.0813293457031 235.37632751464844 3.4627652 1.6650057 1.6273421 -8.2071085 1.7611197 22.214739 -1.8823368549346924 0.15596909821033478
Car 0.0 0 0.6153460144996643 291.1488952636719 193.57196044921875 419.53704833984375 240.04949951171875 4.2474065 1.5339421 1.6724417 -9.350696 2.3328092 26.424765 0.275235652923584 0.12915141880512238
