Pedestrian 0.0 0 -2.4656832218170166 655.7177734375 155.06625366210938 674.0647583007812 194.1962432861328 0.63872474 1.8815775 0.6279346 2.6352665 1.0266064 35.140053 -2.3908300399780273 0.4992344081401825
Car 0.0 0 2.009648323059082 0.0 192.74806213378906 372.212646484375 375.0 4.384403 1.4634237 1.6885035 -3.6650174 1.7078128 6.6036453 1.5029749870300293 0.9694550037384033
Car 0.0 0 1.8311011791229248 332.37286376953125 191.15077209472656 465.16650390625 284.3961181640625 3.5672443 1.4562874 1.5452267 -3.9173763 1.8513856 13.767514 1.5538896322250366 0.9571301937103271
Car 0.0 0 -1.7189874649047852 648.2330932617188 180.17984008789062 700.5186767578125 220.85369873046875 3.534859 1.4543449 1.5206758 2.416943 1.7600632 28.261087 -1.633673071861267 0.9407898187637329
Car 0.0 0 -0.3183586597442627 795.0712280273438 171.40415954589844 962.3282470703125 222.93141174316406 4.347687 1.4676764 1.7012701 7.8426228 1.4267377 21.468678 0.031885623931884766 0.8416278958320618
Car 0.0 0 -3.3578903675079346 741.1226196289062 168.03736877441406 845.0896606445312 207.70835876464844 4.019104 1.6371933 1.6443987 7.675491 1.4387727 30.654804 -3.1125497817993164 0.7626649141311646
Car 0.0 0 -1.3756318092346191 436.58587646484375 184.65866088867188 491.62060546875 223.35777282714844 4.198282 1.5817225 1.6734785 -6.607015 2.1543148 32.872215 -1.5739799737930298 0.7367512583732605
Car 0.0 0 1.7957085371017456 346.885009765625 190.69830322265625 430.2126159667969 247.6042022705078 3.7649858 1.4513303 1.5720576 -6.54829 2.032378 21.544596 1.5006399154663086 0.6463801264762878
Car 0.0 0 1.8222072124481201 476.64886474609375 181.56259155273438 520.145751953125 210.7557830810547 4.1382565 1.6488986 1.6543543 -6.8054323 2.2082195 44.168858 1.6693317890167236 0.5094932913780212
Car 0.0 0 2.3492507934570312 0.0 208.9182891845703 120.34378814697266 375.0 3.9492004 1.4060522 1.566007 -6.666237 1.8370908 6.6319113 1.5612714290618896 0.5062968134880066
Car 0.0 0 2.823024272918701 771.9392700195312 161.4251251220703 911.7333374023438 214.60113525390625 4.218667 1.7484936 1.6853269 7.778132 1.3730559 24.5907 3.12937068939209 0.4652872383594513
