Pedestrian 0.0 0 -1.4870904684066772 923.9716796875 122.42024993896484 955.4049072265625 194.11900329589844 0.9601656 1.8763545 0.69554484 8.854437 0.5568625 19.46868 -1.060248613357544 0.3607720732688904
Pedestrian 0.0 0 1.6487804651260376 849.12939453125 136.32183837890625 882.6652221679688 209.26022338867188 0.95635617 1.8238932 0.74596685 6.56576 0.9107299 18.628233 1.9876476526260376 0.175614595413208
Pedestrian 0.0 0 -0.26118791103363037 992.3778076171875 134.32086181640625 1039.1865234375 245.1060333251953 0.52861255 1.7551482 0.5944467 6.5630636 1.1450329 11.781278 0.2470715045928955 0.15432769060134888
Pedestrian 0.0 0 -0.33803725242614746 1165.6136474609375 165.1730194091797 1242.0 349.88629150390625 0.7674686 1.7363918 0.56795305 6.044409 1.6645448 7.181416 0.3616030216217041 0.15395186841487885
Cyclist 0.0 0 1.2965279817581177 639.4073486328125 173.16737365722656 659.115966796875 204.77606201171875 1.8061932 1.7586217 0.6539502 2.191492 1.7772508 41.113346 1.3497812747955322 0.7316485643386841
Car 0.0 0 -1.6802698373794556 574.46484375 179.1985321044922 607.1270751953125 204.8361053466797 4.2069016 1.5708637 1.6911248 -1.33956 2.0082202 47.49555 -1.7084662914276123 0.7827147841453552
Car 0.0 0 0.09903335571289062 1020.4828491210938 166.63150024414062 1082.2982177734375 189.63238525390625 3.8614342 1.6922026 1.7556946 33.56817 1.234763 54.94636 0.6474480628967285 0.4710189402103424
Car 0.0 0 1.7002851963043213 435.765380859375 183.00999450683594 479.3398742675781 215.83470153808594 4.0041156 1.465666 1.5969168 -7.4869285 1.995371 35.546745 1.4926972389221191 0.396211713552475
Car 0.0 0 1.7386412620544434 394.1131896972656 183.4040069580078 454.622802734375 225.7624053955078 4.1415477 1.4739083 1.6260195 -7.233725 1.9191923 28.296019 1.4883570671081543 0.32594916224479675
Car 0.0 0 1.3364906311035156 656.4871215820312 178.20721435546875 688.7463989257812 201.6305389404297 4.015308 1.7589867 1.657029 4.9023204 2.1997807 57.253517 1.4219070672988892 0.18399591743946075
