Pedestrian 0.0 0 2.539118528366089 185.87925720214844 181.50949096679688 242.67945861816406 290.61077880859375 0.55743545 1.7453364 0.65007263 -6.629696 1.8943787 11.997219 2.0342793464660645 0.23941999673843384
Pedestrian 0.0 0 -1.3968702554702759 452.50152587890625 181.1502685546875 469.4359436035156 219.9822540283203 0.7941471 1.5899589 0.5647346 -6.25829 1.9413244 30.119238 -1.6017389297485352 0.16353581845760345
Pedestrian 0.0 0 -1.980584979057312 747.0091552734375 170.58084106445312 772.2649536132812 220.12806701660156 0.76101094 1.738379 0.63044524 5.291226 1.6589825 25.749817 -1.7779200077056885 0.13937780261039734
Pedestrian 0.0 0 0.0999850332736969 865.898193359375 115.79700469970703 936.3379516601562 256.580078125 0.8436357 1.8402026 0.5737573 3.9355512 1.0947574 9.877649 0.4791371822357178 0.13832564651966095
Pedestrian 0.0 0 1.5517690181732178 741.4866333007812 137.28305053710938 778.287841796875 231.2313995361328 0.8937952 1.899146 0.73179746 3.0719016 1.1804446 15.08868 1.75261390209198 0.1250229924917221
Pedestrian 0.0 0 -1.7721914052963257 726.1975708007812 160.94692993164062 755.3358764648438 228.52610778808594 0.6256906 1.7755877 0.65242285 3.4397092 1.4630971 19.275904 -1.5956040620803833 0.12064998596906662
Cyclist 0.0 0 -1.0780290365219116 545.459716796875 181.7392120361328 565.2731323242188 211.81576538085938 1.4504943 1.6202989 0.46832946 -3.062116 2.1235082 40.074116 -1.154292106628418 0.14247938990592957
Car 0.0 0 1.807892918586731 451.4664001464844 181.69754028320312 532.3897094726562 232.73681640625 4.1127563 1.4192127 1.6067975 -3.683014 1.7262331 22.905123 1.648463249206543 0.962396502494812
Car 0.0 0 -1.5804229974746704 613.6466674804688 173.031982421875 653.2943725585938 209.50253295898438 3.4511228 1.4427941 1.569571 0.9226622 1.4510565 30.300184 -1.549981713294983 0.8525248169898987
Car 0.0 0 1.6518242359161377 499.4244384765625 176.61959838867188 545.6577758789062 216.6257781982422 3.8264303 1.5145487 1.5797629 -3.570308 1.6796477 29.621315 1.5318711996078491 0.6346168518066406
Car 0.0 0 -1.617497444152832 527.2069091796875 178.9469757080078 557.4462280273438 205.0579071044922 3.7477639 1.4022368 1.5554993 -3.9755774 1.7707376 41.628166 -1.7127107381820679 0.28740137815475464
Car 0.0 0 0.9266782402992249 643.3833618164062 167.96188354492188 685.7515869140625 188.83641052246094 3.9072268 1.8414034 1.8803223 4.9232445 1.4102141 65.798515 1.0013620853424072 0.1268983781337738
