Pedestrian 0.0 0 1.7219688892364502 536.4132080078125 175.56344604492188 553.1729736328125 214.86990356445312 0.82431984 1.7239285 0.6276969 -2.9397898 1.8465726 32.132454 1.6307331323623657 0.20886382460594177
Pedestrian 0.0 0 -3.138606309890747 662.8872680664062 171.03907775878906 672.9024047851562 206.83168029785156 0.51027626 1.8285589 0.79297566 2.9544291 1.7361964 37.274975 -3.059511184692383 0.14428605139255524
Pedestrian 0.0 0 -0.8741635084152222 0.0 205.8251190185547 40.811405181884766 305.7205505371094 0.6286252 1.652923 0.55930555 -10.409632 2.2370646 12.458265 -1.5702146291732788 0.13152369856834412
Cyclist 0.0 0 -1.9279558658599854 800.4722290039062 175.36288452148438 820.6272583007812 213.49269104003906 1.5413618 1.6306522 0.33362386 8.77175 1.7441027 31.739668 -1.6583205461502075 0.16566379368305206
Car 0.0 0 1.895997166633606 313.682861328125 178.6851348876953 386.71978759765625 218.76104736328125 4.2349644 1.5973487 1.7351398 -11.279319 1.8696209 31.510345 1.552252173423767 0.9668105244636536
Car 0.0 0 -1.6032236814498901 548.5780639648438 178.56846618652344 722.190673828125 334.25457763671875 4.3874764 1.5498713 1.7714121 0.17379428 1.6433439 9.548304 -1.585024118423462 0.883335292339325
Car 0.0 0 1.7469412088394165 406.6734924316406 179.0125274658203 444.6111755371094 204.39234924316406 4.044748 1.5051948 1.6547521 -11.699379 1.9148704 45.8754 1.4972386360168457 0.8649978637695312
Car 0.0 0 1.581561803817749 586.8983154296875 170.52410888671875 641.8494262695312 220.6182098388672 3.7028096 1.4193997 1.5579661 0.104822844 1.3537414 22.30502 1.58626127243042 0.3238903284072876
Car 0.0 0 0.6680378913879395 738.79638671875 174.09182739257812 816.269775390625 204.8139190673828 3.8020887 1.5396447 1.6458149 8.808769 1.609166 38.31566 0.8940112590789795 0.12875139713287354
Car 0.0 0 1.195041298866272 555.7267456054688 177.0419158935547 585.72509765625 194.3691864013672 3.7807393 1.5209453 1.4647472 -3.6594365 1.9180739 66.333626 1.139930009841919 0.12059520184993744
