Pedestrian 0.0 0 1.9360207319259644 259.6714782714844 144.5072479248047 298.9715881347656 209.75709533691406 1.1870795 1.8501756 0.6651002 -9.688166 1.0467547 21.070738 1.5050532817840576 0.20872631669044495
Pedestrian 0.0 0 2.5428943634033203 940.4595336914062 143.4298858642578 1066.69580078125 337.3260192871094 0.8623256 1.758241 0.6142923 3.6825638 1.4917825 6.891941 3.0336265563964844 0.15685439109802246
Cyclist 0.0 0 1.8933703899383545 260.3206787109375 144.27679443359375 299.7929382324219 208.60995483398438 1.3295972 1.8227671 0.6666051 -9.694835 1.0134401 21.137474 1.4633413553237915 0.25872090458869934
Cyclist 0.0 0 3.054227590560913 639.1742553710938 150.797607421875 683.2098999023438 200.3865203857422 1.5833435 1.8177391 0.5729642 1.8460569 1.0095947 26.747087 3.1231372356414795 0.17273883521556854
Car 0.0 0 1.9362586736679077 122.89462280273438 198.41880798339844 382.86138916015625 345.0545959472656 4.5186553 1.466333 1.7376661 -4.7512474 1.9146848 10.329925 1.5051612854003906 0.9544417858123779
Car 0.0 0 -1.6515212059020996 398.802978515625 178.6423797607422 435.75115966796875 207.85240173339844 4.0752563 1.481987 1.6300992 -10.673554 1.8181818 39.667156 -1.9143733978271484 0.8759095072746277
Car 0.0 0 -1.9741917848587036 530.1528930664062 152.60586547851562 601.28271484375 195.35350036621094 4.78478 2.0972824 2.0073698 -2.4509861 1.1042271 37.985252 -2.0386271476745605 0.3548300862312317
Car 0.0 0 -1.9879190921783447 625.0518798828125 144.00430297851562 686.79931640625 182.361083984375 3.5482833 1.7665755 1.7056197 2.1431596 0.43822 35.188866 -1.9270896911621094 0.2488032877445221
Car 0.0 0 -0.41296541690826416 0.0 0.751167356967926 232.99330139160156 375.0 3.9285357 1.5371863 1.6510365 -3.35514 1.4885277 2.285355 -1.3857988119125366 0.1496220976114273
Car 0.0 0 0.44003474712371826 332.26776123046875 177.6483154296875 402.10009765625 201.94110107421875 4.0188913 1.5415196 1.6390599 -15.901542 1.862739 47.24103 0.11534309387207031 0.12370317429304123
