Pedestrian 0.0 0 2.455355167388916 803.01513671875 150.09840393066406 838.4769287109375 207.52880859375 0.9855194 1.8926016 0.6024302 7.0354395 1.1430559 24.245918 2.737769365310669 0.29867106676101685
Pedestrian 0.0 0 1.02785325050354 640.8494262695312 175.22491455078125 665.5643310546875 223.72679138183594 0.7572698 1.6973913 0.5709124 1.4952815 1.7839488 25.76228 1.085829734802246 0.17164801061153412
Pedestrian 0.0 0 1.3077324628829956 613.191650390625 155.67820739746094 631.5630493164062 196.81085205078125 0.90111554 1.7798065 0.59236926 0.49919558 1.0369694 31.72748 1.3234649896621704 0.14568887650966644
Pedestrian 0.0 0 2.4074997901916504 751.5497436523438 160.10675048828125 771.5870971679688 198.54574584960938 0.712768 1.8101684 0.6063228 7.1904173 1.2102327 34.417328 2.6134560108184814 0.13136731088161469
Pedestrian 0.0 0 0.765168309211731 114.79357147216797 108.73332214355469 216.73178100585938 248.2237091064453 1.1639227 1.8899876 0.5523674 -6.303238 1.0215595 10.165022 0.21010684967041016 0.12647441029548645
Pedestrian 0.0 0 3.4361469745635986 169.24703979492188 131.26278686523438 280.4305114746094 298.87640380859375 0.93437093 1.678342 0.45354196 -4.055669 1.2622404 7.536829 2.9424755573272705 0.12030019611120224
Cyclist 0.0 0 1.663411021232605 406.26531982421875 174.6190948486328 421.28887939453125 214.23768615722656 1.7413408 1.7343695 0.4980032 -8.887314 1.8165998 32.564632 1.3969860076904297 0.19037634134292603
Car 0.0 0 2.2200987339019775 435.0923156738281 178.800048828125 668.2210083007812 289.14617919921875 4.2769885 1.4914689 1.6643313 -0.82720214 1.611172 12.23555 2.152595043182373 0.9789710640907288
Car 0.0 0 1.128058671951294 774.111083984375 189.09759521484375 1242.0 375.0 3.8475485 1.4956142 1.6173327 2.4247825 1.6591927 5.312162 1.5562705993652344 0.9502944946289062
Car 0.0 0 -0.9162050485610962 5.850223541259766 204.95318603515625 155.86814880371094 265.06585693359375 3.7380269 1.4799327 1.7036682 -15.749028 2.528596 21.670805 -1.5446524620056152 0.2360708862543106
Car 0.0 0 1.680674433708191 504.5787353515625 187.08497619628906 591.981689453125 259.2669982910156 4.3221474 1.4854686 1.6802787 -1.4502658 1.8818529 17.892025 1.5997947454452515 0.16908271610736847
Car 0.0 0 -2.573592185974121 290.878662109375 169.978271484375 367.7694091796875 199.14401245117188 3.6851244 1.5718428 1.618008 -15.587643 1.4172179 40.036983 -2.9448676109313965 0.13588964939117432
