Pedestrian 0.0 0 1.3771953582763672 755.2818603515625 162.04052734375 813.2569580078125 282.7311096191406 0.6340207 1.6568063 0.68465173 2.5364711 1.390994 10.19231 1.621101975440979 0.7443251609802246
Pedestrian 0.0 0 -3.3313045501708984 1135.743408203125 162.07948303222656 1238.0 374.0 0.7672147 1.6302352 0.6322252 4.753833 1.4886663 5.7471538 -2.640218734741211 0.4970783591270447
Pedestrian 0.0 0 -1.8971729278564453 648.04736328125 158.36373901367188 678.0432739257812 223.7060089111328 0.60529685 1.7250971 0.64303696 1.6222591 1.1154453 19.333138 -1.8134582042694092 0.415630042552948
Pedestrian 0.0 0 -1.5643950700759888 699.04345703125 159.7463836669922 715.5072021484375 201.42738342285156 0.6759072 1.8608458 0.72827816 4.7710395 0.89060163 32.45671 -1.4184433221817017 0.3923892378807068
Pedestrian 0.0 0 -0.6476507782936096 723.033935546875 167.14576721191406 766.6427612304688 231.5589141845703 1.0154133 1.7052602 0.5822389 3.8604023 1.3264155 19.49813 -0.45219025015830994 0.26479488611221313
Pedestrian 0.0 0 1.8205511569976807 385.870849609375 137.80426025390625 421.7637023925781 204.17848205566406 1.1230099 1.8830943 0.7573924 -5.778109 0.64455175 20.945923 1.551387071609497 0.2249893695116043
Pedestrian 0.0 0 2.2803330421447754 303.79058837890625 146.18365478515625 336.91943359375 207.3412322998047 0.7538518 1.9057906 0.64708775 -8.960725 0.8063728 22.844599 1.9065282344818115 0.2225285768508911
Pedestrian 0.0 0 1.762105107307434 594.689697265625 166.99378967285156 648.4099731445312 290.07647705078125 1.0684935 1.7876958 0.63606954 0.2819124 1.5783145 11.020902 1.7876793146133423 0.20239673554897308
Cyclist 0.0 0 1.7421010732650757 447.2571105957031 161.12521362304688 482.2489013671875 234.34642028808594 1.726863 1.7448823 0.5784089 -3.4348242 1.260544 17.983854 1.5533790588378906 0.8666628003120422
Cyclist 0.0 0 1.7776750326156616 384.5860900878906 161.18907165527344 429.6829528808594 246.9779052734375 1.845662 1.7235833 0.56796145 -4.1652813 1.3167609 15.367154 1.5129839181900024 0.8435298800468445
Cyclist 0.0 0 -1.8197388648986816 951.5242919921875 126.50206756591797 987.1758422851562 194.43392944335938 1.6015376 1.7998638 0.49322796 10.124284 0.34385258 19.865211 -1.3484020233154297 0.24558264017105103
Cyclist 0.0 0 1.8205511569976807 385.870849609375 137.80426025390625 421.7637023925781 204.17848205566406 1.1230099 1.8830943 0.7573924 -5.778109 0.64455175 20.945923 1.551387071609497 0.119076207280159
Car 0.0 0 -1.4030972719192505 511.39764404296875 162.26589965820312 541.5169067382812 185.1505889892578 3.6329641 1.6689706 1.6815048 -5.606883 0.2668357 54.25231 -1.506079912185669 0.5865495204925537
Car 0.0 0 0.455086350440979 945.8499755859375 194.79653930664062 1238.0 374.0 3.7903256 1.3900808 1.5347564 5.69285 1.5665516 7.4206605 1.1094810962677002 0.47746601700782776
Car 0.0 0 0.8778766989707947 1121.755126953125 136.79237365722656 1238.0 265.3851013183594 3.6978824 1.4487039 1.5410894 9.224506 0.9463872 9.977387 1.6240862607955933 0.4164247214794159
Car 0.0 0 2.0881197452545166 0.0 140.43344116210938 85.75122833251953 374.0 3.7948692 1.4320058 1.5623349 -5.9586654 1.2145119 5.8651915 1.294816255569458 0.25546830892562866
Car 0.0 0 -2.706465005874634 704.385498046875 160.1553497314453 834.177490234375 215.5533905029297 3.317085 1.4756283 1.5240735 4.7821956 0.9082391 20.751799 -2.4799718856811523 0.2301734983921051
