Pedestrian 0.0 0 -0.20690564811229706 494.81109619140625 167.18067932128906 529.0972900390625 229.36468505859375 0.84421223 1.7200981 0.6539682 -2.6713948 1.3532442 20.001947 -0.3396766781806946 0.648377001285553
Pedestrian 0.0 0 2.9300756454467773 452.3863525390625 174.6902313232422 472.7607727050781 214.96038818359375 0.7669044 1.785173 0.70627064 -6.4314017 1.5290935 31.815378 2.7306158542633057 0.30563464760780334
Pedestrian 0.0 0 1.7508732080459595 725.8109130859375 133.36712646484375 763.5316162109375 219.19027709960938 0.88409203 1.8501314 0.6806082 3.0844882 0.835683 15.772915 1.943992018699646 0.20703762769699097
Pedestrian 0.0 0 1.8089735507965088 713.0110473632812 137.13955688476562 750.7028198242188 219.7611541748047 0.8405876 1.9257945 0.7161424 3.0197906 0.91672873 17.004177 1.9847322702407837 0.19937920570373535
Pedestrian 0.0 0 1.5428695678710938 708.735595703125 147.21083068847656 735.6106567382812 221.63356018066406 0.92065495 1.8699557 0.6560134 2.980731 1.0351213 18.260427 1.7046769857406616 0.16639019548892975
Pedestrian 0.0 0 1.8327088356018066 747.869140625 129.7647247314453 792.755859375 224.81275939941406 0.76132214 1.843287 0.7074195 3.2867596 0.86099887 14.20921 2.0600228309631348 0.16394302248954773
Pedestrian 0.0 0 1.570939540863037 768.5853271484375 136.84793090820312 804.1820678710938 238.55026245117188 0.9319644 1.8135632 0.61836606 3.3223867 1.0367987 13.130785 1.8187611103057861 0.1376119703054428
Pedestrian 0.0 0 2.421875476837158 205.38792419433594 203.5080108642578 293.4336853027344 357.078857421875 0.68144697 1.3140872 0.32880798 -3.3254645 1.5409007 6.5356174 1.951195240020752 0.1173308789730072
Pedestrian 0.0 0 1.7395122051239014 407.09405517578125 188.50172424316406 438.55902099609375 263.6724548339844 0.7999968 1.5942609 0.54407513 -4.0263414 1.7761381 15.501954 1.485395908355713 0.11390619724988937
Cyclist 0.0 0 -0.08678476512432098 497.3615417480469 168.43023681640625 532.9893798828125 232.83509826660156 0.94971144 1.7872642 0.61335677 -2.5830572 1.4538994 20.01693 -0.2151191681623459 0.14683791995048523
Car 0.0 0 1.268862247467041 1120.0350341796875 110.27133178710938 1224.0 180.46710205078125 3.9097936 1.8112248 1.6699928 16.413412 0.000503093 20.366003 1.9472038745880127 0.42644867300987244
Car 0.0 0 -1.6969635486602783 571.1567993164062 175.235107421875 609.578369140625 205.9213104248047 4.372547 1.6982645 1.7020682 -0.91913605 1.4082848 41.413258 -1.7191541194915771 0.33716338872909546
Car 0.0 0 2.3065996170043945 0.0 120.21443176269531 134.56800842285156 370.0 3.977022 1.595291 1.6605526 -3.7146015 1.5424664 2.748136 1.3727573156356812 0.14926134049892426
Car 0.0 0 -3.7705078125 986.3860473632812 144.57907104492188 1224.0 340.8833312988281 3.609008 1.4783373 1.5282632 5.5520926 1.2095326 6.255031 -3.044574737548828 0.14432558417320251
