Pedestrian 0.0 0 2.318380355834961 526.4268798828125 153.78329467773438 546.2080688476562 191.6318359375 0.6812746 1.8008823 0.6629516 -3.5916464 0.89383173 34.800404 2.2155375480651855 0.5112279057502747
Pedestrian 0.0 0 -2.1089766025543213 1022.5672607421875 163.5664520263672 1242.0 375.0 1.7189192 1.6453307 0.55622435 2.7733445 1.6089861 3.73173 -1.4698550701141357 0.3665856122970581
Cyclist 0.0 0 -2.1554312705993652 1016.9136352539062 164.5400848388672 1242.0 375.0 1.7040507 1.7210531 0.5246584 2.7655714 1.6881263 3.7501693 -1.5200090408325195 0.4404411017894745
Car 0.0 0 -1.7110464572906494 728.959716796875 179.2011260986328 787.6738891601562 222.6217803955078 3.763427 1.4752371 1.6248592 5.4290047 1.7300746 27.000603 -1.5126224756240845 0.9538160562515259
Car 0.0 0 1.8636823892593384 391.02801513671875 188.96214294433594 525.248291015625 279.94879150390625 3.867153 1.4716837 1.541898 -2.904193 1.837543 14.372167 1.6642966270446777 0.9315211772918701
Car 0.0 0 1.7585656642913818 469.9751892089844 174.4794921875 565.3243408203125 246.06109619140625 4.2692018 1.6465244 1.6923879 -2.3278334 1.6943408 18.878462 1.6358786821365356 0.9157803058624268
Car 0.0 0 1.7252229452133179 547.1539306640625 179.61509704589844 603.6102294921875 225.6689453125 3.9745605 1.6170745 1.5943276 -1.3122666 1.8991369 27.999035 1.6783889532089233 0.8796378970146179
Car 0.0 0 -1.740964651107788 715.396240234375 173.26470947265625 769.6826171875 214.9401092529297 4.3133945 1.7824643 1.7247757 5.952942 1.8028753 33.063694 -1.5628284215927124 0.8176933526992798
Car 0.0 0 3.8189315795898438 0.0 173.72640991210938 77.87933349609375 306.734130859375 3.890009 1.507304 1.6348021 -9.468536 1.5200933 9.2332945 3.0209555625915527 0.7881200313568115
Car 0.0 0 1.6549869775772095 570.0997924804688 179.69747924804688 609.7010498046875 214.9719696044922 3.4567182 1.4829797 1.5150098 -0.90702695 1.8110974 32.786057 1.6273289918899536 0.45596054196357727
