Pedestrian 0.0 0 1.8690317869186401 323.7236633300781 159.33798217773438 358.6835021972656 225.6611785888672 1.0388384 1.8771718 0.67816645 -7.842556 1.4949806 20.95799 1.510959506034851 0.4601105749607086
Pedestrian 0.0 0 1.5670652389526367 867.9381103515625 99.87944793701172 941.2194213867188 287.7403564453125 0.6773381 1.7477617 0.6421929 2.8514788 1.0692018 7.1430044 1.9468806982040405 0.40519195795059204
Cyclist 0.0 0 1.8765591382980347 553.8772583007812 174.03736877441406 573.0802612304688 204.25564575195312 1.7908912 1.7225094 0.6103761 -2.7408395 1.7935346 42.14273 1.8116135597229004 0.766202449798584
Cyclist 0.0 0 1.8680603504180908 323.199462890625 158.86167907714844 359.2234802246094 226.0070037841797 1.1297278 1.8965256 0.6817385 -7.8421507 1.5016689 20.961657 1.5100624561309814 0.11960086971521378
Car 0.0 0 -1.100021243095398 74.04820251464844 182.59303283691406 378.8641662597656 346.0060729980469 4.131459 1.5584916 1.6481403 -4.514471 1.7111617 9.203973 -1.5560332536697388 0.9596326947212219
Car 0.0 0 1.7548191547393799 412.7826843261719 182.57276916503906 487.3919982910156 235.58396911621094 3.8562453 1.5063002 1.6561139 -5.0802746 1.8450882 23.169355 1.5389680862426758 0.9522189497947693
Car 0.0 0 -1.6940606832504272 670.2520751953125 175.61074829101562 746.3101196289062 236.78387451171875 3.6257951 1.5000045 1.5946016 2.536102 1.5824686 19.670408 -1.5658382177352905 0.9350010752677917
Car 0.0 0 -2.1960830688476562 859.4633178710938 177.9627227783203 1242.0 375.0 3.6251006 1.4555688 1.5372924 2.629355 1.4950006 3.697873 -1.5779825448989868 0.8742298483848572
Car 0.0 0 1.6280367374420166 490.67559814453125 182.26625061035156 526.771728515625 211.5251007080078 4.128378 1.4414816 1.7016954 -5.46292 1.9788843 39.040028 1.4890081882476807 0.7610530257225037
Car 0.0 0 -0.4760640561580658 767.0598754882812 181.94110107421875 915.6009521484375 233.43386840820312 3.9071636 1.425596 1.6233906 6.7995896 1.711023 21.502287 -0.16978800296783447 0.6201534271240234
Car 0.0 0 -1.4597446918487549 632.3511962890625 176.06369018554688 657.1137084960938 195.4921875 3.8509216 1.5430121 1.6420662 2.8957293 1.8193423 60.004276 -1.4115233421325684 0.5445798635482788
Car 0.0 0 1.7176285982131958 533.3635864257812 179.4152069091797 559.7282104492188 200.1529083251953 4.030123 1.5645645 1.5322288 -5.071313 2.1091816 57.792534 1.630102515220642 0.479642391204834
