Pedestrian 0.0 0 1.2895565032958984 772.8568115234375 169.252685546875 786.350341796875 202.71188354492188 0.7052205 1.732991 0.5103796 8.830356 1.5468216 37.733932 1.5194361209869385 0.3088926076889038
Pedestrian 0.0 0 2.363849401473999 329.24981689453125 152.75730895996094 366.2599792480469 214.56951904296875 0.83100045 1.8013555 0.63672423 -7.8690395 1.2160478 21.53642 2.0135366916656494 0.27378979325294495
Car 0.0 0 1.7458614110946655 447.9472961425781 180.16673278808594 530.7408447265625 241.87362670898438 3.4773507 1.3899924 1.4949921 -3.02872 1.5946952 18.412146 1.5828256607055664 0.9667178392410278
Car 0.0 0 -1.755104899406433 641.6387939453125 170.99998474121094 719.8082885742188 232.58157348632812 4.1446857 1.7262968 1.6519997 2.03858 1.6746817 22.364233 -1.6642025709152222 0.9541667103767395
Car 0.0 0 3.3346052169799805 332.43963623046875 178.69537353515625 464.89886474609375 222.1691131591797 4.196755 1.4405046 1.6791788 -7.333723 1.6532435 25.205942 3.0514698028564453 0.9532473087310791
Car 0.0 0 3.633995771408081 0.0 180.40420532226562 286.5491943359375 310.0212097167969 3.8965414 1.5209985 1.5672152 -6.6443095 1.6321032 9.580744 3.0276410579681396 0.9386600852012634
Car 0.0 0 -2.23166823387146 834.787109375 194.16697692871094 1242.0 375.0 4.01459 1.4655528 1.6166025 2.6754606 1.6405663 3.8614514 -1.6257476806640625 0.8497810959815979
Car 0.0 0 0.9339265823364258 0.0 187.17002868652344 174.62045288085938 370.1866760253906 4.0795517 1.5088856 1.5752916 -6.834804 1.6759584 7.261901 0.1788167953491211 0.7632188200950623
Car 0.0 0 -1.6957447528839111 608.8828125 175.12286376953125 636.501220703125 196.32139587402344 4.0433474 1.5734878 1.6496171 0.9245725 1.7568687 56.102715 -1.6792662143707275 0.3108214735984802
Car 0.0 0 -1.5637935400009155 195.05325317382812 162.15223693847656 232.282958984375 196.8637237548828 3.7557194 1.7479159 1.6614819 -21.094728 1.20938 38.377663 -2.0663769245147705 0.26449617743492126
