Pedestrian 0.0 0 -0.31834477186203003 1112.1846923828125 121.66204071044922 1207.0484619140625 270.2591247558594 0.82840246 1.7910526 0.51290476 6.831941 1.1743897 9.0699835 0.32723140716552734 0.23882976174354553
Pedestrian 0.0 0 2.8481547832489014 753.432861328125 186.32379150390625 771.7650756835938 218.7740020751953 0.8250145 1.7978778 0.76785856 8.577009 2.5665994 40.738335 3.0556631088256836 0.2340134233236313
Pedestrian 0.0 0 -1.4492731094360352 970.767578125 177.1505584716797 993.285888671875 226.3433380126953 0.7930147 1.6499429 0.5968179 12.735899 1.8008271 24.780113 -0.9745228290557861 0.21301186084747314
Pedestrian 0.0 0 2.792637348175049 696.49609375 195.23065185546875 719.3211669921875 229.26123046875 1.0583321 1.8442323 0.7788911 5.421492 3.1079807 40.242046 2.9265530109405518 0.18024353682994843
Pedestrian 0.0 0 -0.3552504777908325 1041.943115234375 104.8954849243164 1163.711669921875 269.0826721191406 1.1039017 1.9119383 0.5455201 5.920818 1.120928 8.794335 0.23729848861694336 0.16968996822834015
Pedestrian 0.0 0 1.6733571290969849 325.78778076171875 156.48342895507812 368.0799865722656 239.44772338867188 1.1286907 1.8657286 0.82044095 -6.1827116 1.4979397 16.871391 1.3220933675765991 0.16138015687465668
Cyclist 0.0 0 -2.9578139781951904 953.388671875 191.61038208007812 1027.355224609375 251.81068420410156 1.8328629 1.6494812 0.5960188 11.043394 2.2183714 21.067204 -2.4749956130981445 0.3098793625831604
Car 0.0 0 -0.8253176212310791 707.3328247070312 201.34335327148438 776.0208129882812 237.2447509765625 3.5698893 1.6605755 1.512776 6.868153 3.2162929 37.711468 -0.6451683640480042 0.7771390080451965
Car 0.0 0 0.05701953172683716 966.5690307617188 185.4742889404297 1143.76806640625 242.56764221191406 4.2448363 1.4441913 1.6292137 12.784754 1.8439554 20.955471 0.6048262119293213 0.2997860908508301
Car 0.0 0 1.1483464241027832 646.5653076171875 188.400146484375 686.021728515625 209.11155700683594 4.1888576 1.5435392 1.6616799 4.565062 2.8723774 59.40347 1.2250441312789917 0.2905435562133789
Car 0.0 0 -2.5912702083587646 737.9171142578125 174.35272216796875 847.4447631835938 224.16159057617188 3.9022076 1.828502 1.6783532 7.1343784 1.8923533 28.584763 -2.3466804027557373 0.2382616102695465
Car 0.0 0 0.4533369839191437 362.45977783203125 201.61618041992188 450.0142517089844 234.81979370117188 4.344936 1.6538528 1.4721065 -11.020108 3.2517698 38.965637 0.1777188777923584 0.1950727254152298
