Pedestrian 0.0 0 -1.5222423076629639 480.9514465332031 176.32408142089844 495.9556884765625 218.11708068847656 0.8029135 1.6533438 0.55885214 -4.930876 1.7954788 29.04517 -1.6904047727584839 0.4273551106452942
Pedestrian 0.0 0 2.3116703033447266 0.0 106.47380828857422 65.48497009277344 249.2823944091797 0.6727092 1.8127446 0.58123034 -7.781232 0.9705036 9.50794 1.625814437866211 0.35970133543014526
Pedestrian 0.0 0 1.1141105890274048 822.0525512695312 164.71656799316406 852.9312133789062 222.7753143310547 0.80600595 1.8024246 0.6415023 7.1501007 1.5501573 22.844553 1.4174411296844482 0.3522666096687317
Pedestrian 0.0 0 1.8490058183670044 935.10888671875 169.1551513671875 962.7684326171875 226.78750610351562 0.58473504 1.787486 0.6568882 10.6713505 1.673123 22.812122 2.28655743598938 0.2701825797557831
Pedestrian 0.0 0 0.007508978247642517 445.5642395019531 179.03128051757812 470.3767395019531 233.43612670898438 0.7711033 1.7154884 0.59582835 -4.9320188 1.917667 23.201744 -0.20194438099861145 0.1576841175556183
Cyclist 0.0 0 -1.0858889818191528 351.2319030761719 172.9832305908203 389.9494934082031 226.12852478027344 1.7414672 1.6783575 0.44848245 -7.8826065 1.6831181 23.683788 -1.4071838855743408 0.14854297041893005
Car 0.0 0 -2.7063775062561035 224.6363983154297 174.09178161621094 367.50616455078125 229.78924560546875 3.338456 1.4963447 1.5339803 -8.777707 1.5327967 20.227564 -3.115802526473999 0.93727046251297
Car 0.0 0 1.594325065612793 528.8710327148438 172.94134521484375 563.58837890625 204.32859802246094 4.005691 1.4342673 1.5837744 -3.0868194 1.4391136 35.02956 1.5064316987991333 0.9219213724136353
Car 0.0 0 1.317918062210083 683.9384155273438 161.36122131347656 740.4534301757812 200.89881896972656 4.090498 1.7421615 1.6453778 4.6892967 1.2361083 33.9171 1.455304741859436 0.7982820272445679
Car 0.0 0 0.4650404155254364 209.16055297851562 158.9386749267578 332.3382568359375 206.02545166015625 3.7776096 1.6883272 1.6945893 -12.561037 1.1897418 26.76504 0.02624678611755371 0.18515202403068542
Car 0.0 0 3.494659662246704 236.2733917236328 176.09649658203125 369.84814453125 223.15769958496094 3.6471868 1.4509751 1.5469432 -9.84575 1.559566 23.22194 3.09364914894104 0.16252948343753815
