Pedestrian 0.0 0 1.506860375404358 480.1195373535156 180.49887084960938 501.3772277832031 232.04559326171875 1.8783596 1.8977387 0.6863824 -4.658236 2.2037032 27.848394 1.3411234617233276 0.17875564098358154
Cyclist 0.0 0 -1.5692203044891357 456.4034729003906 183.34523010253906 476.15008544921875 237.6197509765625 1.9204688 1.841986 0.6695408 -5.1996846 2.2333484 25.881536 -1.767484188079834 0.7555513381958008
Cyclist 0.0 0 -1.586853265762329 481.9090270996094 181.27569580078125 500.3734130859375 231.0761260986328 1.9219828 1.8291065 0.6676406 -4.641338 2.1662214 27.843891 -1.752026081085205 0.6180488467216492
Car 0.0 0 -1.801141381263733 643.7498168945312 186.48223876953125 724.0374145507812 244.0200958251953 3.3008776 1.4220965 1.5239177 1.955933 1.8404844 20.391726 -1.70551598072052 0.9499386548995972
Car 0.0 0 -2.0209805965423584 783.9439086914062 146.3106231689453 1242.0 375.0 4.3714 1.6824234 1.718167 2.923051 1.5277824 6.4152355 -1.593444585800171 0.9402124285697937
Car 0.0 0 -1.5330169200897217 388.8338317871094 195.65713500976562 444.8897705078125 249.6123504638672 3.8011646 1.4370573 1.5781045 -6.11276 2.2271028 22.956757 -1.793251633644104 0.9388949871063232
Car 0.0 0 1.305345892906189 722.366455078125 185.91868591308594 897.3099365234375 305.1015625 3.8570697 1.4819179 1.6158985 2.8561497 1.7228093 11.338175 1.5521172285079956 0.9288312196731567
Car 0.0 0 -1.7458957433700562 561.0004272460938 188.46104431152344 601.7001342773438 219.05760192871094 3.709891 1.4962399 1.5832632 -1.6421463 2.3892846 39.285725 -1.787671446800232 0.9124096035957336
Car 0.0 0 -1.7846702337265015 607.9363403320312 184.09475708007812 665.4266357421875 226.88726806640625 3.3243854 1.4528551 1.4805027 0.90252054 1.904414 27.191397 -1.7514910697937012 0.9049178957939148
Car 0.0 0 1.6969002485275269 397.15069580078125 192.89727783203125 452.9726257324219 238.04107666015625 4.0092845 1.5017608 1.600467 -7.1245985 2.3363886 27.942112 1.4472427368164062 0.7337778210639954
Car 0.0 0 -1.677001714706421 539.7470703125 185.67100524902344 569.5892944335938 211.09239196777344 3.7671406 1.6026984 1.6449347 -3.8615792 2.518108 49.508114 -1.75484299659729 0.7170658707618713
