Pedestrian 0.0 0 2.6034607887268066 992.2093505859375 123.30941772460938 1065.792724609375 250.998779296875 0.77525705 1.7256274 0.399673 5.792247 0.9544098 9.750926 3.1394717693328857 0.4576919376850128
Pedestrian 0.0 0 0.013258680701255798 776.0949096679688 158.10308837890625 792.6489868164062 190.30181884765625 0.91494197 1.831988 0.486506 10.288848 0.5590708 40.576775 0.26158976554870605 0.3638911843299866
Pedestrian 0.0 0 -0.9215649366378784 116.62665557861328 153.3462371826172 142.00474548339844 193.9672088623047 0.8438285 1.9719108 0.660394 -23.395773 0.65519416 34.75811 -1.514009952545166 0.3532707095146179
Pedestrian 0.0 0 -1.856501817703247 885.548095703125 158.13197326660156 932.8214111328125 263.2010498046875 0.53234804 1.6908139 0.58896303 4.9682755 1.3325124 11.671801 -1.4540681838989258 0.33348146080970764
Pedestrian 0.0 0 3.402101516723633 0.0 178.5208282470703 33.371604919433594 232.67616271972656 0.8070821 1.7308114 0.7316554 -19.322126 1.6691058 23.094471 2.7054054737091064 0.31925246119499207
Pedestrian 0.0 0 -2.179184675216675 878.0444946289062 153.7712860107422 902.44384765625 192.91183471679688 0.92271215 1.8302178 0.6658143 13.526195 0.5818311 33.58085 -1.7962712049484253 0.286569744348526
Pedestrian 0.0 0 -0.6202366948127747 509.89794921875 164.90345764160156 520.9714965820312 187.0441131591797 0.79729944 1.891682 0.5112279 -7.691183 0.56032073 60.863113 -0.7459389567375183 0.2470589578151703
Pedestrian 0.0 0 -0.2249414026737213 280.3515930175781 180.2635955810547 316.5468444824219 262.3497009277344 0.5590776 1.6364018 0.60448 -6.3321524 1.6333175 14.499394 -0.6366956233978271 0.21134385466575623
Cyclist 0.0 0 -1.9682085514068604 978.7999877929688 140.80178833007812 1026.6470947265625 210.3495330810547 1.6774781 1.7361608 0.47400072 10.3468685 0.7467462 18.505535 -1.458388090133667 0.4849774241447449
Car 0.0 0 -0.8100451231002808 0.0 207.3621826171875 300.3372497558594 370.0 3.999455 1.4458566 1.6111294 -3.1844552 1.6520914 3.3751316 -1.5663831233978271 0.8447855114936829
Car 0.0 0 1.6501679420471191 439.06201171875 173.8609619140625 479.9864196777344 205.7369384765625 4.072707 1.5222819 1.7178338 -7.3371186 1.2066703 35.887085 1.4484970569610596 0.8106399774551392
Car 0.0 0 1.7582677602767944 87.92045593261719 181.733642578125 130.12001037597656 204.9064483642578 4.004361 1.5067779 1.6472682 -33.862015 1.5962329 48.36282 1.147430181503296 0.2281005084514618
Car 0.0 0 1.5022473335266113 675.7688598632812 172.92225646972656 698.8308715820312 193.74085998535156 3.8766348 1.5924146 1.5478328 6.5049105 1.0140486 56.049732 1.6177865266799927 0.19853805005550385
