Pedestrian 0.0 0 -0.7784134745597839 1169.152099609375 120.4219741821289 1242.0 307.6677551269531 0.80787534 1.7861463 0.6121696 6.176183 1.2863526 7.2137566 -0.0703497976064682 0.5877416133880615
Pedestrian 0.0 0 2.1010117530822754 124.6946792602539 94.91410827636719 260.2295227050781 295.0835266113281 1.1962447 1.7658027 0.612173 -4.0299945 1.0786108 6.9621243 1.5762922763824463 0.12761567533016205
Pedestrian 0.0 0 1.0276007652282715 1145.0194091796875 148.9800567626953 1242.0 296.18426513671875 1.7180194 1.7887042 0.48660615 7.879445 1.4989655 9.64953 1.7123595476150513 0.1019296869635582
Cyclist 0.0 0 -1.7712211608886719 1051.325439453125 148.62913513183594 1128.7015380859375 278.77252197265625 1.8108208 1.721805 0.5757073 6.8767667 1.4016663 10.49085 -1.190988302230835 0.4521542489528656
Cyclist 0.0 0 -2.1428911685943604 1143.99267578125 156.29409790039062 1242.0 300.8001708984375 1.6413612 1.7676171 0.47069123 7.8671913 1.5654119 9.664914 -1.4596748352050781 0.20499466359615326
Cyclist 0.0 0 2.1649422645568848 134.11212158203125 114.89253997802734 287.3472900390625 306.54345703125 1.50895 1.7358044 0.6195354 -4.026138 1.2111988 7.311762 1.6616088151931763 0.14284510910511017
Car 0.0 0 1.6176862716674805 660.5420532226562 166.58119201660156 682.949951171875 188.43325805664062 3.9043639 1.7348078 1.6564274 5.081626 1.2371762 59.32362 1.7031370401382446 0.6145139932632446
Car 0.0 0 -1.9612464904785156 755.4136352539062 131.22061157226562 1099.794677734375 358.22711181640625 4.5267754 1.8071305 1.6987234 2.9513876 1.4760575 8.035567 -1.609251856803894 0.44045722484588623
Car 0.0 0 2.6951918601989746 750.814208984375 170.7060089111328 828.53125 201.15313720703125 3.5423512 1.5036366 1.4884442 9.086554 1.3979157 36.71782 2.9377877712249756 0.16946002840995789
Car 0.0 0 -0.9410609006881714 0.0 141.68067932128906 68.55017852783203 238.2935333251953 3.4639187 1.7341025 1.7522253 -13.185122 1.1749309 14.758489 -1.6702133417129517 0.10979081690311432
