Car 0.0 0 -0.6052619218826294 896.3922729492188 187.95465087890625 1196.6923828125 290.1547546386719 3.7533534 1.4106289 1.5734743 6.5607224 1.6637267 11.151283 -0.0734616369009018 0.9822865128517151
Car 0.0 0 3.7620887756347656 0.0 189.44569396972656 297.01019287109375 330.0445861816406 4.287137 1.414376 1.5195735 -6.1056747 1.6225959 8.240198 3.124397039413452 0.9539502263069153
Car 0.0 0 -0.5132158994674683 839.0308227539062 179.0996551513672 1074.981201171875 272.0953369140625 3.6529734 1.6007298 1.6232346 6.327151 1.7260625 13.489617 -0.07464279234409332 0.9440351724624634
Car 0.0 0 -0.28908589482307434 723.4752197265625 181.5924072265625 862.0032958984375 235.75331115722656 3.988276 1.6489577 1.7559942 5.7669973 1.9426067 23.245985 -0.04590969532728195 0.9346508383750916
Car 0.0 0 0.4520276188850403 149.97438049316406 176.75323486328125 415.0285949707031 268.8723449707031 4.0578623 1.5359331 1.5635334 -5.796121 1.6108156 12.943457 0.031002044677734375 0.9275973439216614
Car 0.0 0 0.5949259996414185 22.19280433654785 186.17266845703125 341.761962890625 302.3665466308594 3.9173748 1.5529108 1.51474 -6.279048 1.7676309 10.726686 0.06533551216125488 0.9045969843864441
Car 0.0 0 3.38917875289917 255.17710876464844 168.8861083984375 438.96502685546875 239.68453979492188 4.0130935 1.6573607 1.5706762 -6.435867 1.564832 17.866356 3.043426036834717 0.8989712595939636
Car 0.0 0 -1.6660643815994263 636.5686645507812 180.66561889648438 674.15478515625 208.16970825195312 3.7528045 1.3161368 1.5900683 2.2731893 1.7432044 37.50837 -1.6055335998535156 0.8841207027435303
Car 0.0 0 0.5199627876281738 219.449462890625 186.83074951171875 437.43902587890625 264.25250244140625 4.066894 1.4830117 1.5528122 -5.941419 1.8000147 15.2741375 0.1489875316619873 0.8758537769317627
Car 0.0 0 -2.273174524307251 0.0 190.36000061035156 128.77099609375 375.0 4.0216265 1.4747299 1.602333 -6.538697 1.640167 5.931472 -3.1072285175323486 0.8559127449989319
Car 0.0 0 0.19852642714977264 413.01385498046875 180.05885314941406 516.4404907226562 216.19935607910156 4.1462536 1.5059228 1.6247176 -6.2649174 1.8259728 31.200006 0.0003631114959716797 0.8282294869422913
