Pedestrian 0.0 0 -1.6401842832565308 732.8618774414062 163.31549072265625 749.23681640625 194.567626953125 0.81224614 1.6364496 0.797906 6.901759 1.1373448 38.226192 -1.4615581035614014 0.45974433422088623
Cyclist 0.0 0 -1.6401842832565308 732.8618774414062 163.31549072265625 749.23681640625 194.567626953125 0.81224614 1.6364496 0.797906 6.901759 1.1373448 38.226192 -1.4615581035614014 0.10112975537776947
Car 0.0 0 -1.86190927028656 738.6202392578125 181.35206604003906 960.1181640625 317.60931396484375 4.1117377 1.4112241 1.620814 2.8789775 1.5511451 9.787119 -1.5758190155029297 0.9757688641548157
Car 0.0 0 -1.689602017402649 680.0448608398438 174.4793701171875 739.3239135742188 220.9674835205078 3.5257528 1.4775196 1.596664 3.3128853 1.5378066 24.827484 -1.5569493770599365 0.9452944397926331
Car 0.0 0 -2.340230941772461 0.0 190.32122802734375 266.01531982421875 365.564208984375 4.2389503 1.4410349 1.5840293 -5.924627 1.639286 7.152756 -3.0319912433624268 0.9201070666313171
Car 0.0 0 0.6001367568969727 0.0 187.77865600585938 310.5875549316406 313.90966796875 4.076873 1.5238081 1.4750189 -6.4071407 1.7399702 9.663115 0.014641284942626953 0.9121604561805725
Car 0.0 0 3.339522361755371 399.4713134765625 178.09490966796875 508.8162536621094 216.0701141357422 3.9857268 1.4434687 1.5715795 -6.129361 1.6564944 28.46213 3.1274101734161377 0.9059289693832397
Car 0.0 0 0.5364170074462891 110.39392852783203 180.8470001220703 366.7142333984375 284.4150085449219 3.5979555 1.6194077 1.5685705 -6.2767878 1.7662182 12.317961 0.06514763832092285 0.890406608581543
Car 0.0 0 0.3441239297389984 350.3320617675781 174.6610870361328 497.8417053222656 230.21376037597656 3.9731276 1.5824953 1.5846484 -5.5476847 1.6393605 21.587109 0.09257674217224121 0.7254131436347961
Car 0.0 0 -2.891157865524292 447.69012451171875 175.08001708984375 526.4774169921875 208.8125762939453 3.380241 1.5473058 1.6327873 -5.8237057 1.6560297 34.171127 -3.0599637031555176 0.6683738827705383
