Car 0.0 0 -1.8535083532333374 729.0113525390625 179.6234588623047 978.234619140625 335.13751220703125 4.529135 1.4684275 1.6690043 2.686606 1.5770584 9.272661 -1.5714962482452393 0.9654768109321594
Car 0.0 0 0.42104607820510864 31.60478401184082 180.5634307861328 379.4051818847656 290.40301513671875 4.1906776 1.4529337 1.5943462 -5.7848754 1.5771443 10.632346 -0.07724275439977646 0.9293586611747742
Car 0.0 0 -0.2885054647922516 724.4573974609375 176.02218627929688 824.301513671875 216.6400909423828 3.529177 1.5401803 1.5691708 6.3821063 1.6692082 28.399462 -0.06745152920484543 0.9123718738555908
Car 0.0 0 -0.3348780870437622 833.0645141601562 179.17446899414062 1065.665771484375 258.34088134765625 3.8460648 1.4391148 1.5656298 6.486014 1.5724901 14.224471 0.09293413162231445 0.9058426022529602
Car 0.0 0 3.7663516998291016 0.0 168.81845092773438 179.5208740234375 314.59271240234375 3.6542232 1.4704511 1.5236698 -7.2595396 1.4301018 8.21426 3.042574644088745 0.9041828513145447
Car 0.0 0 -0.2940351366996765 738.9902954101562 181.26651000976562 862.9947509765625 223.5366973876953 4.0340323 1.4546813 1.6143917 6.7939625 1.7693 26.065922 -0.03906266391277313 0.8969036340713501
Car 0.0 0 -0.17793512344360352 683.6504516601562 176.6690673828125 769.2968139648438 208.98727416992188 4.2156096 1.656239 1.7872661 6.068685 1.863175 38.13128 -0.02010638825595379 0.8531162142753601
Car 0.0 0 0.8407386541366577 0.0 200.52621459960938 114.42170715332031 375.0 3.8197477 1.4441211 1.5313007 -6.558784 1.7014105 5.9225335 0.004408359527587891 0.8291947841644287
Car 0.0 0 0.27420538663864136 356.0570983886719 176.87136840820312 495.1073303222656 223.24827575683594 4.0857353 1.4338168 1.5105137 -5.9209857 1.568129 23.250128 0.02484130859375 0.8249951601028442
Car 0.0 0 -2.7880752086639404 297.7709045410156 174.7880096435547 464.5072937011719 227.7777557373047 4.338834 1.4689593 1.5806662 -6.6160808 1.5278926 20.957539 -3.0938634872436523 0.7770804166793823
Car 0.0 0 -0.3782556653022766 775.7216796875 176.44927978515625 939.9307861328125 239.2507781982422 3.6841745 1.5390223 1.6197493 6.2913527 1.6370466 18.690577 -0.05356296896934509 0.7065842747688293
Car 0.0 0 0.26318442821502686 408.481201171875 174.85061645507812 518.877197265625 214.79652404785156 3.906066 1.4883881 1.578852 -5.647257 1.5684367 27.884441 0.06336355209350586 0.6776934862136841
