Pedestrian 0.0 0 1.499350666999817 458.76806640625 125.82889556884766 486.5030212402344 199.43978881835938 0.6312965 1.8823608 0.6662854 -3.639674 0.6802035 18.83948 1.3085078001022339 0.4861617386341095
Pedestrian 0.0 0 -1.5487490892410278 758.3075561523438 172.38082885742188 772.5343627929688 210.06646728515625 0.57040095 1.8235244 0.66816896 7.560546 1.800987 35.265568 -1.337557077407837 0.4123119115829468
Pedestrian 0.0 0 1.1832737922668457 140.1957244873047 210.0231170654297 211.83665466308594 354.19976806640625 0.6395847 1.7037169 0.5797871 -5.566333 2.1981509 9.165113 0.6374752521514893 0.3807428479194641
Cyclist 0.0 0 0.2679223418235779 0.0 196.52037048339844 138.70773315429688 302.1423034667969 1.9324048 1.5592352 0.8959984 -8.980496 1.9713666 11.77425 -0.38367217779159546 0.4574415385723114
Car 0.0 0 -1.8502689599990845 711.1405639648438 184.39804077148438 904.910888671875 308.1000671386719 3.9794412 1.4029341 1.609003 2.5876281 1.6048834 10.57737 -1.610343098640442 0.9646952748298645
Car 0.0 0 -2.145373821258545 822.4459838867188 182.02777099609375 1242.0 375.0 3.8334703 1.469947 1.6017221 2.7736106 1.5552051 4.724905 -1.6145535707473755 0.953464925289154
Car 0.0 0 1.6044846773147583 560.3096313476562 176.63433837890625 587.768798828125 202.73960876464844 4.044118 1.6278787 1.6765083 -2.3652997 1.8883857 47.615665 1.554850697517395 0.849680483341217
Car 0.0 0 -2.819202184677124 379.5012512207031 180.4862823486328 465.7388916015625 216.78330993652344 3.4998798 1.5973967 1.5934702 -8.583005 1.9570538 33.05025 -3.0732851028442383 0.8392939567565918
Car 0.0 0 1.4338513612747192 677.7675170898438 170.66749572753906 713.8839721679688 198.09288024902344 4.32958 1.6839802 1.7257502 5.444242 1.5500817 46.483196 1.5504429340362549 0.838499128818512
Car 0.0 0 -2.9714035987854004 464.5107421875 181.7749786376953 537.977294921875 211.45498657226562 3.468938 1.4517685 1.5908877 -5.5190625 1.9152128 36.621143 -3.1209850311279297 0.3473753035068512
