Pedestrian 0.0 0 -0.5347017049789429 764.7022094726562 163.33453369140625 778.86181640625 188.7654571533203 0.81571406 1.8520507 0.6062535 12.518517 0.52972126 52.72193 -0.3015747368335724 0.24865926802158356
Pedestrian 0.0 0 -1.8666075468063354 668.6660766601562 174.9834747314453 689.0519409179688 217.11228942871094 0.536864 1.7431655 0.7221136 3.220519 1.4745157 30.051449 -1.7598481178283691 0.18683762848377228
Car 0.0 0 -0.6668270826339722 404.1526184082031 172.29356384277344 522.7962646484375 214.91397094726562 4.1334543 1.426871 1.6018978 -4.955528 1.1197331 26.130753 -0.8542449474334717 0.9299910068511963
Car 0.0 0 -1.6309340000152588 544.6053466796875 172.43006896972656 574.1376342773438 197.04820251464844 3.6340568 1.4323062 1.5700765 -2.5897272 0.90538883 43.688374 -1.690142035484314 0.7989538311958313
Car 0.0 0 2.008220672607422 327.1151123046875 179.08123779296875 391.34954833984375 208.13882446289062 4.344986 1.4564893 1.5451767 -12.809162 1.336128 38.249794 1.68507719039917 0.6286571621894836
Car 0.0 0 -1.4365488290786743 601.6315307617188 167.8324432373047 625.87744140625 187.0595245361328 3.5454152 1.5517977 1.5609351 1.0813189 0.44920802 59.84404 -1.4184818267822266 0.5885499119758606
Car 0.0 0 0.05270266532897949 0.13974982500076294 153.9873809814453 112.62638092041016 196.4496307373047 3.674706 1.6786734 1.6667063 -22.733269 0.5920155 30.114412 -0.5939249396324158 0.3142480254173279
Car 0.0 0 -1.2726173400878906 579.4697265625 168.7943878173828 609.0442504882812 185.7554168701172 3.9599562 1.4937919 1.600679 -0.58361506 0.3751977 65.38857 -1.281542420387268 0.3002447485923767
Car 0.0 0 2.9556398391723633 81.00135040283203 171.36685180664062 172.92152404785156 198.76995849609375 4.2697105 1.5253588 1.6018947 -27.711998 0.96212006 42.0425 2.3728644847869873 0.22498157620429993
Car 0.0 0 -1.5275812149047852 4.024296283721924 166.48709106445312 60.35245132446289 209.35873413085938 3.713926 1.8021538 1.822469 -25.477465 1.1720471 32.2322 -2.196462631225586 0.18990258872509003
