Pedestrian 0.0 0 2.558072090148926 990.8116455078125 118.30950164794922 1064.457275390625 248.06101989746094 0.78931946 1.7529434 0.38926697 5.7806168 0.9144206 9.760927 3.0927512645721436 0.5140128135681152
Pedestrian 0.0 0 3.342841625213623 122.48285675048828 116.51639556884766 201.65086364746094 254.6887664794922 0.83466846 1.8406483 0.58923674 -6.189386 0.9899698 9.836754 2.7812204360961914 0.3402960002422333
Pedestrian 0.0 0 -0.2828299403190613 509.00811767578125 164.96212768554688 520.6683959960938 186.98573303222656 0.88609046 1.8829075 0.51845527 -7.743083 0.55569386 60.858326 -0.40938127040863037 0.3008013963699341
Pedestrian 0.0 0 -0.19154080748558044 775.3318481445312 155.60194396972656 796.4713745117188 187.7055206298828 1.0955307 1.8279924 0.5159314 10.362623 0.4116693 40.54439 0.05868935585021973 0.2534501850605011
Pedestrian 0.0 0 -0.622512936592102 274.6630554199219 179.5712127685547 321.7923278808594 261.5083312988281 0.6482877 1.6248705 0.61284035 -6.309963 1.6080812 14.451535 -1.0341923236846924 0.2532956004142761
Pedestrian 0.0 0 -0.8169950246810913 989.04541015625 152.39076232910156 1027.283447265625 220.07745361328125 0.6570341 1.7050816 0.55393493 10.320936 0.99858093 18.16792 -0.30037251114845276 0.25131478905677795
Cyclist 0.0 0 1.1380469799041748 876.0125122070312 157.15184020996094 905.596435546875 195.1024169921875 1.9324876 1.749709 0.53803545 13.535726 0.6746994 33.57185 1.521297574043274 0.47178250551223755
Cyclist 0.0 0 -1.9418437480926514 985.7615356445312 151.69076538085938 1030.04736328125 219.32176208496094 1.6268117 1.6667836 0.42772877 10.342998 0.9583695 18.256147 -1.4263839721679688 0.41785091161727905
Car 0.0 0 -0.8145875334739685 0.0 207.55581665039062 297.5162658691406 370.0 3.90494 1.4474642 1.6039606 -3.1774404 1.6533442 3.3770978 -1.569534182548523 0.8329550623893738
Car 0.0 0 1.810908317565918 425.13848876953125 175.17640686035156 475.5869140625 205.38302612304688 4.0686345 1.5159472 1.6975632 -8.150202 1.2502064 37.53488 1.597090721130371 0.7764338254928589
Car 0.0 0 -1.3592357635498047 403.17132568359375 178.14877319335938 430.9566650390625 196.04490661621094 3.6856804 1.5126874 1.6049517 -16.328325 1.3151495 61.637856 -1.6181950569152832 0.44973960518836975
Car 0.0 0 1.4653606414794922 674.70703125 172.73626708984375 700.3927001953125 193.92071533203125 3.976332 1.6240876 1.6117133 6.5379996 1.0301416 56.196808 1.5811810493469238 0.2259548455476761
