Pedestrian 0.0 0 -0.7016273736953735 194.2311248779297 164.82546997070312 229.39096069335938 230.94305419921875 0.5656128 1.7385494 0.60935354 -10.720145 1.5277985 19.342531 -1.207709789276123 0.23396475613117218
Pedestrian 0.0 0 -0.7054485082626343 82.48641204833984 162.33657836914062 127.1199722290039 247.25869750976562 0.45783278 1.6920087 0.6088785 -10.320462 1.482815 14.671014 -1.3184924125671387 0.16710501909255981
Pedestrian 0.0 0 -0.42131030559539795 690.7692260742188 173.49276733398438 721.4635009765625 245.55615234375 0.5039532 1.6430465 0.60652184 2.1864533 1.6586169 16.817732 -0.2920266091823578 0.14319664239883423
Pedestrian 0.0 0 2.9930224418640137 376.2661437988281 162.89906311035156 399.931884765625 228.06378173828125 0.4996515 1.6535639 0.61020255 -5.7998223 1.4013139 18.689724 2.6921236515045166 0.11412723362445831
Pedestrian 0.0 0 -1.2449352741241455 143.23095703125 152.44300842285156 170.33262634277344 205.16168212890625 0.66419876 1.8822708 0.654794 -16.469002 1.1538738 26.158525 -1.8068245649337769 0.10139594227075577
Car 0.0 0 -1.5078742504119873 576.832763671875 157.4061737060547 609.0324096679688 187.50125122070312 3.6394582 1.7008005 1.6779845 -1.0023237 0.82813644 42.62579 -1.5313843488693237 0.6737855076789856
Car 0.0 0 2.0245003700256348 178.93170166015625 174.46514892578125 278.3828125 215.54705810546875 3.9291894 1.3584092 1.6029323 -13.649264 1.4212654 25.998972 1.5410592555999756 0.19642694294452667
Car 0.0 0 -1.4282063245773315 541.9847412109375 160.11741638183594 574.22998046875 183.64747619628906 4.150285 1.6189879 1.7370039 -3.7071335 0.7430039 51.774307 -1.4996861219406128 0.1818028837442398
Car 0.0 0 0.023222148418426514 672.7951049804688 155.59300231933594 747.9330444335938 184.1612091064453 4.5246067 1.7222581 1.7203181 6.1866393 0.68202233 44.706886 0.16073107719421387 0.15136869251728058
Car 0.0 0 1.1114288568496704 951.4448852539062 174.14527893066406 998.52685546875 197.16539001464844 4.089864 1.7443259 1.6701435 28.718517 1.8502841 56.952515 1.578473687171936 0.1408625990152359
Car 0.0 0 -1.025977373123169 710.4647827148438 162.18276977539062 749.77734375 181.8497772216797 4.1604667 1.7938848 1.7506771 11.323321 0.8208883 67.95901 -0.8608741760253906 0.12312053889036179
Car 0.0 0 1.498476266860962 929.512451171875 176.68455505371094 958.8162841796875 199.50253295898438 4.323027 1.6868529 1.7659382 26.074707 1.9993329 56.45565 1.9311505556106567 0.11298239976167679
