Cyclist 0.0 0 0.8446564674377441 0.0 184.83975219726562 118.04851531982422 320.02569580078125 1.9885067 1.7749813 0.60124964 -8.004003 1.9495305 10.018484 0.17057228088378906 0.2970373332500458
Cyclist 0.0 0 -1.808674693107605 405.3882751464844 183.6649932861328 442.26513671875 244.05853271484375 2.0153885 1.6946757 0.6073879 -5.6511493 2.0348349 21.64461 -2.0640616416931152 0.2480657696723938
Cyclist 0.0 0 1.8093347549438477 450.89959716796875 181.98580932617188 470.177734375 217.0482635498047 1.604197 1.6275566 0.5470519 -7.2213087 2.077671 34.72332 1.6042903661727905 0.24066120386123657
Car 0.0 0 -1.8894932270050049 734.2715454101562 188.8148651123047 991.5032348632812 351.98175048828125 3.9900823 1.4297148 1.6316912 2.653111 1.6677303 8.72725 -1.5943678617477417 0.955810546875
Car 0.0 0 -2.8639655113220215 371.0085754394531 180.8527069091797 458.59698486328125 218.3885498046875 3.3667717 1.5629101 1.5074481 -8.423595 1.917198 31.14778 -3.128087043762207 0.8547053337097168
Car 0.0 0 1.3896602392196655 681.6061401367188 171.96377563476562 722.4180297851562 198.3564453125 4.394118 1.5524315 1.7330818 5.604938 1.5004255 44.680866 1.5144522190093994 0.8529264330863953
Car 0.0 0 -2.428431987762451 906.2965087890625 174.7273712158203 1242.0 375.0 3.7627642 1.5240382 1.599625 2.777486 1.5366906 2.796132 -1.6463793516159058 0.8221856951713562
Car 0.0 0 1.6145470142364502 561.7026977539062 176.67845153808594 590.4894409179688 202.36302185058594 4.09245 1.5365984 1.6505617 -2.1442568 1.790709 45.82259 1.5677863359451294 0.7094107866287231
Car 0.0 0 0.2490498423576355 453.36492919921875 180.8307342529297 536.1163940429688 211.66860961914062 3.675263 1.4268464 1.5436252 -5.56358 1.8222966 34.80065 0.09052133560180664 0.33135920763015747
Car 0.0 0 -2.814995050430298 355.8330993652344 169.0869598388672 438.24884033203125 200.00411987304688 3.8143337 1.5860103 1.6961783 -11.189622 1.3931237 37.934433 -3.1018333435058594 0.19841153919696808
