Pedestrian 0.0 0 -0.6130009889602661 240.75961303710938 178.09556579589844 258.8887023925781 208.8880615234375 0.61321324 1.7452589 0.7421949 -20.361113 1.6103666 40.514782 -1.0786945819854736 0.27800485491752625
Pedestrian 0.0 0 -3.280888319015503 751.1673583984375 169.682861328125 782.6930541992188 234.62042236328125 0.7766126 1.7614323 0.5481503 4.420393 1.469598 19.47938 -3.0577406883239746 0.2567981481552124
Pedestrian 0.0 0 0.1353621780872345 253.5591583251953 171.1659393310547 270.6615905761719 202.50209045410156 0.8275506 1.8286264 0.65706706 -20.224167 1.2853112 41.69593 -0.316245436668396 0.21098528802394867
Pedestrian 0.0 0 0.7220998406410217 162.74659729003906 174.7246856689453 179.59725952148438 200.86361694335938 0.9829335 1.8951168 0.46970633 -31.638494 1.4776778 51.5727 0.17183208465576172 0.1795506775379181
Pedestrian 0.0 0 -1.7519887685775757 701.1962280273438 149.73043823242188 716.1381225585938 186.35372924804688 0.6471097 1.8211317 0.6348805 5.1864014 0.2925148 35.488575 -1.6068732738494873 0.16734589636325836
Pedestrian 0.0 0 -1.0436300039291382 756.3880615234375 132.265869140625 801.0552368164062 215.290771484375 0.74130595 1.8816817 0.7439673 4.027562 0.79011047 16.544638 -0.8048385977745056 0.1471368819475174
Pedestrian 0.0 0 -2.629988431930542 473.9087829589844 168.178955078125 484.7712097167969 187.8577117919922 0.7147415 1.7282449 0.6596266 -11.0898485 0.6473542 62.519344 -2.8055450916290283 0.13936543464660645
Pedestrian 0.0 0 -3.7060866355895996 1165.63037109375 119.91032409667969 1224.0 225.24240112304688 0.8027591 1.777942 0.5995511 10.333174 0.75687325 12.280653 -3.0065953731536865 0.13192063570022583
Cyclist 0.0 0 2.1992735862731934 423.58447265625 173.64898681640625 443.4768981933594 199.26773071289062 1.4261006 1.6818271 0.5598863 -11.433809 1.233396 47.17755 1.961501121520996 0.4396531283855438
Car 0.0 0 -1.6121159791946411 550.9818725585938 166.14144897460938 572.43115234375 184.9259796142578 3.8318968 1.4759471 1.5797672 -3.5367174 0.34900102 57.536472 -1.6735079288482666 0.7039591073989868
Car 0.0 0 3.7760891914367676 20.119237899780273 160.29429626464844 115.82096099853516 193.04873657226562 3.5174918 1.5951729 1.6398362 -26.75321 0.6125747 35.274128 3.1272101402282715 0.37134480476379395
Car 0.0 0 -1.8618671894073486 567.3284301757812 165.82408142089844 594.6284790039062 183.62388610839844 3.5279517 1.5594233 1.5113333 -2.1746042 0.2748631 63.851807 -1.8959110975265503 0.2903363108634949
Car 0.0 0 2.393803596496582 349.7694091796875 177.25997924804688 405.1777038574219 200.69520568847656 3.3460014 1.4900596 1.5276207 -15.013546 1.2853928 46.783276 2.0832691192626953 0.17981348931789398
