Pedestrian 0.0 0 1.1441380977630615 555.8196411132812 141.7672119140625 605.5067138671875 238.4227294921875 0.8280592 1.7983521 0.6761875 -0.5211342 1.0793355 13.671878 1.10603928565979 0.8282745480537415
Pedestrian 0.0 0 0.9433345198631287 885.5330810546875 124.3480224609375 1021.522705078125 341.6031188964844 0.9713974 1.7411269 0.6091803 2.9626727 1.2928206 6.19412 1.3894752264022827 0.8062809109687805
Pedestrian 0.0 0 -3.050609588623047 677.3944091796875 145.3310546875 713.1842041015625 207.31671142578125 1.0562199 1.8930525 0.5896198 2.7812452 0.82054526 21.989925 -2.9247994422912598 0.7281618118286133
Pedestrian 0.0 0 1.228471279144287 519.5783081054688 133.26724243164062 566.5316772460938 220.40928649902344 1.0033886 1.8401715 0.73051727 -1.4117191 0.8443818 15.5343685 1.137843132019043 0.7114269733428955
Pedestrian 0.0 0 1.1356420516967773 428.9435729980469 135.09730529785156 475.2822265625 217.7959747314453 0.94479 1.7082618 0.63006675 -3.3274484 0.77202654 15.166837 0.9196739196777344 0.7053482532501221
Pedestrian 0.0 0 0.8463074564933777 807.14990234375 105.20632934570312 939.7133178710938 339.5335388183594 0.8080844 1.6789123 0.5789995 2.027595 1.1411595 5.542754 1.1969969272613525 0.6394700407981873
Pedestrian 0.0 0 0.34262165427207947 855.2923583984375 132.4318084716797 976.9163208007812 320.739501953125 0.9855158 1.7566656 0.5908918 3.0836382 1.3099505 7.1429515 0.7501566410064697 0.619099497795105
Pedestrian 0.0 0 1.2912391424179077 598.0747680664062 130.6175994873047 641.12548828125 224.8716583251953 0.79446226 1.7896285 0.64875436 0.23534851 0.844132 13.887786 1.3081839084625244 0.5552464127540588
Pedestrian 0.0 0 0.8819351196289062 449.6882019042969 147.77589416503906 497.97210693359375 226.5296173095703 0.91805613 1.7103351 0.6248415 -2.9894385 1.0012655 15.884425 0.6959116458892822 0.5357304811477661
Pedestrian 0.0 0 2.4706368446350098 592.1558227539062 142.11428833007812 629.7922973632812 215.74916076660156 0.7114118 1.8089688 0.630628 0.11265841 0.8675544 17.832504 2.476954460144043 0.4533357322216034
Pedestrian 0.0 0 0.8956241607666016 249.09823608398438 132.01080322265625 335.589111328125 245.36978149414062 1.337088 1.7831774 0.60253996 -5.219629 1.0220813 11.6911545 0.47571825981140137 0.42941248416900635
Pedestrian 0.0 0 1.396305799484253 513.2111206054688 149.1062469482422 544.36083984375 224.35467529296875 0.82464325 1.7015384 0.5841493 -1.8208519 0.99326485 16.46077 1.2861360311508179 0.3797575831413269
Pedestrian 0.0 0 1.2704287767410278 452.3714904785156 147.65084838867188 499.65972900390625 223.518798828125 1.132709 1.8562301 0.8864392 -3.3318186 1.0541214 18.001572 1.0874149799346924 0.36467495560646057
Pedestrian 0.0 0 1.6867947578430176 112.72626495361328 142.00991821289062 164.5393524169922 258.8605651855469 0.7666119 1.8649696 0.6379063 -7.7913237 1.2523117 11.765799 1.1018900871276855 0.2671225666999817
Cyclist 0.0 0 0.8929133415222168 247.94235229492188 132.9696502685547 338.1174011230469 246.4347381591797 1.4207611 1.7830466 0.6059166 -5.2131324 1.0377874 11.699623 0.4737401008605957 0.3220372498035431
Cyclist 0.0 0 -2.443466901779175 623.3204345703125 155.7760467529297 671.6550903320312 204.6015625 1.8407025 1.7701607 0.6151313 1.5517926 0.8753182 26.484432 -2.3849411010742188 0.2666529715061188
Cyclist 0.0 0 1.0085724592208862 859.8157348632812 134.82235717773438 971.9075927734375 319.8200988769531 1.0000006 1.7430568 0.598082 3.0801995 1.3143779 7.1976624 1.412934422492981 0.13705629110336304
Cyclist 0.0 0 0.7864399552345276 812.7987060546875 105.25530242919922 949.3038330078125 341.32073974609375 0.8060283 1.6468884 0.56826246 2.0373247 1.1236649 5.4119334 1.1464816331863403 0.11011245101690292
Car 0.0 0 -0.2748394012451172 366.6759338378906 175.94549560546875 442.98944091796875 205.5983123779297 3.7100916 1.546368 1.5846153 -10.898957 1.3102707 38.512814 -0.5506237745285034 0.29064902663230896
