Pedestrian 0.0 0 0.6664001941680908 77.81300354003906 178.47622680664062 169.27220153808594 319.8749694824219 0.8558898 1.7530358 0.48176056 -6.2685657 1.8274758 9.234471 0.07002925872802734 0.4345189929008484
Pedestrian 0.0 0 2.030867338180542 845.0156860351562 182.3944549560547 904.6800537109375 303.9796142578125 0.7856212 1.732917 0.5509566 3.924388 1.8826728 10.825538 2.3786449432373047 0.2601698338985443
Pedestrian 0.0 0 1.5237388610839844 659.152099609375 176.12069702148438 676.4572143554688 219.59422302246094 0.7437416 1.8548758 0.7108388 2.456251 1.9983402 31.223349 1.602244257926941 0.23768825829029083
Pedestrian 0.0 0 -0.6382040977478027 665.48095703125 161.91897583007812 693.0518798828125 212.41697692871094 0.8856597 1.9160979 0.5846881 2.6310294 1.5015367 27.854654 -0.5440278649330139 0.22261156141757965
Pedestrian 0.0 0 3.515399694442749 205.6038818359375 177.54995727539062 257.9867248535156 287.7149658203125 0.62735724 1.7632824 0.49010476 -6.2544303 1.842583 11.848354 3.02970290184021 0.2162771075963974
Pedestrian 0.0 0 3.535604953765869 289.1358337402344 185.1281280517578 328.28826904296875 271.4132995605469 0.56483114 1.7499517 0.6039816 -6.315462 2.0110214 15.02014 3.137580633163452 0.19910529255867004
Pedestrian 0.0 0 -1.5896382331848145 628.9382934570312 170.54859924316406 640.3209838867188 200.5933837890625 0.7425813 1.8048879 0.67439765 1.4563081 1.666753 43.718513 -1.5563395023345947 0.19581247866153717
Pedestrian 0.0 0 1.521630048751831 791.9266967773438 174.61427307128906 831.5681762695312 279.3291320800781 0.8959432 1.8802686 0.66571105 3.7042553 1.914762 13.479967 1.7898075580596924 0.1940261870622635
Car 0.0 0 -1.4771623611450195 438.7828674316406 185.1499786376953 497.87939453125 239.6931915283203 3.2540443 1.5187194 1.5136118 -4.4039516 1.9322034 22.545795 -1.6700670719146729 0.9630882143974304
Car 0.0 0 3.478463649749756 90.3600845336914 178.53028869628906 321.074951171875 261.95782470703125 4.235767 1.7388028 1.7701476 -9.059854 1.8780528 16.427357 2.974461793899536 0.9560829997062683
Car 0.0 0 1.6724624633789062 474.03143310546875 182.26211547851562 524.0311279296875 223.67352294921875 3.9729948 1.5064707 1.6033674 -4.461461 1.9138535 29.18922 1.5207901000976562 0.8873682618141174
Car 0.0 0 1.6723452806472778 500.1739196777344 179.8218231201172 533.1024169921875 205.78030395507812 4.296244 1.5323055 1.6526562 -5.924771 1.9971147 45.923084 1.5440388917922974 0.5094398856163025
