Pedestrian 0.0 0 1.148969054222107 832.3967895507812 160.4676971435547 856.6620483398438 203.63784790039062 0.92628604 1.9102846 0.7197764 10.493184 1.3625474 32.424885 1.4619479179382324 0.7191188335418701
Pedestrian 0.0 0 -1.3108686208724976 290.9722900390625 171.04737854003906 317.6188659667969 228.0421905517578 0.69262576 1.8272192 0.644592 -10.003617 1.769658 23.517832 -1.7130467891693115 0.1838766485452652
Pedestrian 0.0 0 1.588127613067627 322.26019287109375 160.08282470703125 343.95257568359375 208.1934051513672 0.6263678 1.8183357 0.7678626 -10.665153 1.3360081 27.693634 1.2205212116241455 0.12654723227024078
Pedestrian 0.0 0 1.5143406391143799 368.6078186035156 161.53253173828125 383.4106140136719 203.2708282470703 0.58713883 1.8878884 0.61142164 -10.749803 1.376159 33.018005 1.199589729309082 0.12499865889549255
Pedestrian 0.0 0 -0.7363002300262451 88.32935333251953 160.8114013671875 158.8165283203125 263.42315673828125 0.9297231 1.7644037 0.5340187 -8.744221 1.5576895 12.918985 -1.33132004737854 0.11284523457288742
Pedestrian 0.0 0 -1.5586568117141724 360.5555114746094 156.58645629882812 376.006591796875 201.15924072265625 0.7162824 1.9332411 0.6369466 -10.666717 1.2280316 31.730919 -1.8829506635665894 0.11153362691402435
Car 0.0 0 1.7650295495986938 461.1760559082031 180.4049530029297 565.1260986328125 253.60862731933594 4.0999794 1.4842453 1.673485 -2.209832 1.6862096 17.16107 1.636964201927185 0.9597163200378418
Car 0.0 0 1.7343829870224 577.8380737304688 174.13169860839844 622.9701538085938 207.69119262695312 3.689231 1.4674923 1.524003 -0.43319532 1.5308461 33.634388 1.7215042114257812 0.8637694716453552
Car 0.0 0 1.300036072731018 868.8930053710938 168.41737365722656 906.0057983398438 192.63084411621094 4.0051923 1.7452724 1.5755295 20.713469 1.4258448 54.072998 1.665858507156372 0.2731854319572449
Car 0.0 0 -0.380341112613678 46.45293045043945 139.48719787597656 174.0576629638672 190.3089599609375 4.526133 2.2011037 1.861282 -23.224487 0.75633687 33.647255 -0.9844827651977539 0.1292838752269745
Car 0.0 0 -1.6508879661560059 554.8892211914062 168.22921752929688 587.4575805664062 195.6005096435547 3.9191983 1.5706904 1.6417316 -2.4131217 1.3056568 43.454956 -1.7063626050949097 0.12369250506162643
