Pedestrian 0.0 0 -1.9121956825256348 1064.7926025390625 128.4501953125 1120.435791015625 229.45639038085938 0.8222699 1.7841351 0.6042715 8.77048 1.0001607 13.214281 -1.3262412548065186 0.5262575149536133
Car 0.0 0 -0.3675154149532318 642.296875 171.58255004882812 813.3989868164062 236.2694854736328 3.8170357 1.481265 1.6212807 2.7976515 1.4525082 17.711866 -0.21085618436336517 0.9570350050926208
Car 0.0 0 3.683999538421631 0.0 205.06407165527344 191.14828491210938 334.4525451660156 3.7135396 1.4212834 1.5581051 -7.8948636 1.8925221 9.495613 2.9903903007507324 0.947584331035614
Car 0.0 0 0.3251047134399414 117.06315612792969 180.3426971435547 313.08306884765625 252.0933837890625 3.8988116 1.6257921 1.6727501 -9.605408 1.8223363 17.743835 -0.17106370627880096 0.9275883436203003
Car 0.0 0 3.549576759338379 0.0 195.31747436523438 222.0065460205078 304.8201599121094 3.5817373 1.5445932 1.5305265 -8.581336 1.9473536 11.782629 2.9201064109802246 0.9229739308357239
Car 0.0 0 -0.2415534108877182 591.175537109375 172.31243896484375 698.7109375 215.51358032226562 3.9580867 1.6349132 1.6648579 1.3059893 1.6147766 28.504782 -0.19576893746852875 0.910041093826294
Car 0.0 0 3.3206381797790527 267.87646484375 178.68707275390625 388.42724609375 222.79302978515625 4.1460743 1.624809 1.647526 -10.919526 1.8620814 28.099583 2.9499969482421875 0.9010418057441711
Car 0.0 0 -2.597869396209717 1027.604248046875 148.9550018310547 1114.8555908203125 187.677001953125 4.75629 2.503406 1.8111829 31.303656 0.9586757 49.178112 -2.031017303466797 0.7051952481269836
Car 0.0 0 3.384063720703125 172.51553344726562 186.77078247070312 336.86505126953125 245.3738250732422 3.8670328 1.4995643 1.5190607 -9.843105 1.9108841 20.15515 2.9297659397125244 0.6642757654190063
Car 0.0 0 0.2847152650356293 216.1193084716797 181.1585235595703 357.707275390625 232.16529846191406 3.8399594 1.5293212 1.5349897 -10.23711 1.8059142 22.980122 -0.13437077403068542 0.44826242327690125
Car 0.0 0 -0.2319754809141159 582.3618774414062 170.94610595703125 682.0822143554688 209.28323364257812 4.001147 1.5774014 1.6090529 0.8835329 1.499258 30.877314 -0.20336897671222687 0.43581390380859375
