Pedestrian 0.0 0 -0.4222940504550934 903.1810302734375 109.8378677368164 1002.6556396484375 259.50286865234375 1.0179317 1.8344673 0.4982136 4.2532234 1.0624266 9.097972 0.01501011848449707 0.17974810302257538
Pedestrian 0.0 0 -1.8470607995986938 59.76300048828125 181.5975341796875 73.79546356201172 206.0904083251953 0.5580418 1.686115 0.6557965 -37.978764 2.3025255 50.40547 -2.4927759170532227 0.13146503269672394
Pedestrian 0.0 0 -2.3856348991394043 118.89649963378906 173.213134765625 136.18344116210938 202.04730224609375 0.69581467 1.8226445 0.59693885 -30.766996 1.8460588 45.967216 -2.975475311279297 0.12553875148296356
Cyclist 0.0 0 -2.1783506870269775 1053.131103515625 150.48419189453125 1097.429443359375 203.41107177734375 1.5089358 1.8229513 0.5576919 16.451302 1.0528303 25.613218 -1.6074094772338867 0.12328134477138519
Car 0.0 0 2.151571273803711 43.04766845703125 194.49551391601562 186.97108459472656 251.9587860107422 4.332899 1.5854441 1.8124399 -16.10738 2.3629544 23.727514 1.5551825761795044 0.9696969985961914
Car 0.0 0 1.150307536125183 0.0 213.12339782714844 69.17899322509766 248.85289001464844 3.2346995 1.5194713 1.7214955 -28.558748 3.5894506 35.57628 0.4738938808441162 0.38882237672805786
Car 0.0 0 3.0492489337921143 54.68107604980469 166.9808807373047 140.8617401123047 197.7311248779297 4.3109117 1.8610165 1.7750825 -32.46344 1.5059313 45.742588 2.4320435523986816 0.15994477272033691
Car 0.0 0 2.9368536472320557 1.9466195106506348 179.03945922851562 75.36170959472656 203.78639221191406 3.7108676 1.6049767 1.6415405 -39.354607 2.0482824 49.71754 2.267277956008911 0.14802749454975128
Car 0.0 0 1.7585725784301758 291.95745849609375 177.55738830566406 326.1263122558594 201.5547332763672 3.999932 1.647556 1.576187 -21.870598 2.0038733 52.485004 1.3637515306472778 0.11392640322446823
Car 0.0 0 1.765226125717163 843.8291625976562 180.89431762695312 893.0114135742188 211.45811462402344 4.31749 1.4592416 1.6300646 13.591653 1.9074095 37.912533 2.1094534397125244 0.11051436513662338
