Pedestrian 0.0 0 -1.3685907125473022 742.8944091796875 140.5333251953125 833.5514526367188 306.3832092285156 0.65729433 1.6248785 0.80433875 1.9112909 1.2248863 7.506311 -1.1192643642425537 0.7704907059669495
Pedestrian 0.0 0 -0.1286163628101349 519.8548583984375 175.5389862060547 625.2093505859375 356.3583068847656 0.95767003 1.6746694 0.5855175 -0.34714028 1.6208376 7.023206 -0.17800377309322357 0.7461870312690735
Pedestrian 0.0 0 1.5296814441680908 783.5226440429688 179.27294921875 873.5202026367188 374.0 0.6740324 1.7213464 0.66574854 1.7875934 1.7057415 5.890856 1.8243024349212646 0.7384935021400452
Pedestrian 0.0 0 1.9170829057693481 409.7740783691406 169.9477081298828 432.21380615234375 216.89035034179688 0.8894621 1.6621121 0.5150245 -6.5220647 1.2541343 25.899826 1.6703931093215942 0.6820588707923889
Pedestrian 0.0 0 1.907143473625183 1177.831787109375 99.86406707763672 1238.0 233.8385772705078 0.5632281 1.7973777 0.65569377 8.550594 0.7034906 10.059668 2.611630439758301 0.1632622480392456
Car 0.0 0 -0.5684781670570374 719.741455078125 155.56011962890625 1005.3092651367188 258.3456115722656 4.5574355 1.6272265 1.7021601 4.5171056 1.2178609 12.711729 -0.2270456701517105 0.9400624632835388
Car 0.0 0 0.9521179795265198 0.0 0.0 1238.0 374.0 3.9432614 1.6284299 1.5862087 2.9925296 1.028299 2.0964947 1.911801815032959 0.1967519372701645
Car 0.0 0 0.9826134443283081 1097.84521484375 148.73312377929688 1210.809814453125 195.8092803955078 4.0644994 1.785833 1.6658125 22.395222 0.54384863 29.32874 1.6347575187683105 0.1821414828300476
Car 0.0 0 -0.5831812620162964 574.908203125 155.71778869628906 681.0309448242188 201.67189025878906 3.7703395 1.6483896 1.6453198 1.0145572 0.72462493 27.446558 -0.5462332367897034 0.15900246798992157
Car 0.0 0 -0.3347095847129822 586.5786743164062 147.4308319091797 750.435791015625 210.7507781982422 4.5301466 1.761573 1.7554377 1.9334649 0.8149122 21.381582 -0.24452818930149078 0.1481347531080246
