Pedestrian 0.0 0 0.692095160484314 34.92965316772461 117.12305450439453 129.39210510253906 268.91070556640625 0.72667104 1.8725367 0.65543705 -6.8006167 1.1853666 9.246762 0.05796527862548828 0.5470677614212036
Pedestrian 0.0 0 -0.33399975299835205 971.7003784179688 125.02789306640625 1085.339111328125 308.4896240234375 0.871675 1.7482018 0.46935418 4.08812 1.292826 7.1830015 0.18341803550720215 0.17544403672218323
Pedestrian 0.0 0 1.6278700828552246 1206.9573974609375 98.43238067626953 1242.0 190.04290771484375 0.580872 1.8396248 0.65017307 12.744522 0.34552687 14.921019 2.3347582817077637 0.13950473070144653
Pedestrian 0.0 0 -1.5023611783981323 620.5233154296875 153.03860473632812 636.3741455078125 194.24232482910156 0.6757818 1.8958547 0.6936357 0.822277 0.9844719 33.56507 -1.4778680801391602 0.13180220127105713
Pedestrian 0.0 0 1.6865376234054565 307.15362548828125 143.8059844970703 341.63189697265625 211.46966552734375 1.1578856 1.8657426 0.7870954 -8.168502 1.0651373 20.554007 1.3082603216171265 0.1221168115735054
Car 0.0 0 2.084782600402832 0.0 185.75392150878906 391.7822570800781 375.0 3.7886682 1.4935336 1.5763749 -3.4664438 1.6464092 6.61024 1.601802110671997 0.9667521715164185
Car 0.0 0 -1.4444911479949951 785.4391479492188 171.15090942382812 897.6979370117188 261.40875244140625 3.4113278 1.442684 1.5611569 4.3459225 1.4158196 13.406019 -1.1310038566589355 0.9658834338188171
Car 0.0 0 -1.3504925966262817 495.6880798339844 167.1445770263672 603.8026733398438 241.7402801513672 4.32932 1.5490742 1.6483282 -1.3375772 1.4308686 17.240856 -1.4279193878173828 0.9605583548545837
Car 0.0 0 1.858074426651001 365.311767578125 178.31790161132812 483.6573486328125 247.68199157714844 4.20811 1.4725865 1.682964 -4.454088 1.6238644 17.789598 1.6127419471740723 0.9491050243377686
Car 0.0 0 -1.2867447137832642 843.144775390625 165.3953399658203 963.3201293945312 232.29092407226562 4.4428744 1.4699359 1.60195 7.4066424 1.3064002 18.0886 -0.8981058597564697 0.7358261942863464
