Pedestrian 0.0 0 1.0850982666015625 790.1049194335938 150.2257537841797 821.2620239257812 208.291748046875 0.77477646 1.7637404 0.6436671 6.0127926 1.0767705 22.362764 1.3477613925933838 0.2567359507083893
Pedestrian 0.0 0 -1.7224655151367188 1158.967529296875 60.53850173950195 1242.0 269.792724609375 1.7494444 1.8536434 0.6366607 6.02437 0.85907346 7.3031354 -1.0327239036560059 0.10752278566360474
Cyclist 0.0 0 -1.8437466621398926 729.5458984375 150.568115234375 758.5418701171875 201.39144897460938 1.7827365 1.751014 0.55355936 4.7263746 0.9835576 25.769297 -1.6623516082763672 0.5926376581192017
Cyclist 0.0 0 -1.6768425703048706 1166.061279296875 64.0744857788086 1242.0 273.3038635253906 1.794769 1.8722016 0.65831095 6.130644 0.89919144 7.3831234 -0.9838621616363525 0.3077877461910248
Cyclist 0.0 0 1.7620484828948975 281.78900146484375 129.19601440429688 340.7041320800781 245.66966247558594 1.7874964 1.8059635 0.5883057 -5.0335484 1.1293894 12.119576 1.368402123451233 0.26770147681236267
Car 0.0 0 1.7478035688400269 357.5141906738281 183.83763122558594 512.5161743164062 295.9297180175781 4.406722 1.4460095 1.6961521 -2.718981 1.6629406 11.984329 1.5247023105621338 0.9531014561653137
Car 0.0 0 1.7305717468261719 493.47979736328125 172.34434509277344 567.8927612304688 228.8831787109375 4.2957506 1.63329 1.6912907 -2.4693894 1.6189252 23.030617 1.6237578392028809 0.8982699513435364
Car 0.0 0 -1.0875221490859985 642.5958862304688 174.88809204101562 697.5563354492188 204.78257751464844 3.2155952 1.5133247 1.6195204 3.209453 1.6274399 38.558105 -1.00447678565979 0.7700656056404114
Car 0.0 0 2.231893539428711 0.0 21.778291702270508 331.0433654785156 375.0 3.784075 1.4991113 1.5709764 -2.7958133 1.2058697 3.3205142 1.5320727825164795 0.6506433486938477
Car 0.0 0 -2.286241054534912 908.4034423828125 179.6050262451172 1242.0 375.0 3.7333753 1.5652618 1.5636967 2.537884 1.6084706 2.6785033 -1.527793526649475 0.6239294409751892
Car 0.0 0 1.718963384628296 446.22454833984375 168.44296264648438 539.1085205078125 246.9903564453125 4.1012287 1.7196873 1.666685 -2.8199627 1.6234715 17.85196 1.5622941255569458 0.1498868465423584
