Pedestrian 0.0 0 0.7067320346832275 450.843505859375 178.31044006347656 496.9537353515625 269.84857177734375 0.548752 1.6751628 0.6822036 -2.6282563 1.7822998 13.68517 0.5169909000396729 0.6082976460456848
Pedestrian 0.0 0 -1.6714576482772827 681.7905883789062 168.48863220214844 693.4396362304688 198.61172485351562 0.62212354 1.902759 0.67675364 4.9019656 1.6273732 45.88701 -1.5650343894958496 0.22469860315322876
Pedestrian 0.0 0 0.5094188451766968 362.7557373046875 143.8340606689453 467.2335205078125 327.4158630371094 0.7657196 1.7216682 0.69461197 -1.9822446 1.4498711 7.192486 0.2404954433441162 0.17257159948349
Pedestrian 0.0 0 2.6247189044952393 304.48931884765625 186.95277404785156 335.15423583984375 220.1102294921875 1.3458406 1.6949285 0.6853762 -15.413804 2.4572046 38.250053 2.2416508197784424 0.17126354575157166
Pedestrian 0.0 0 2.428359270095825 186.3442840576172 173.35008239746094 207.05503845214844 209.35284423828125 0.74796987 1.8836945 0.5906515 -21.922245 1.9106352 38.211662 1.9074982404708862 0.16915608942508698
Pedestrian 0.0 0 0.8791677951812744 1152.37451171875 145.7375946044922 1189.5146484375 202.86007690429688 0.7808902 1.918082 0.65202874 19.092573 1.0079147 24.626057 1.5386650562286377 0.1370924711227417
Pedestrian 0.0 0 1.172753930091858 923.8140869140625 170.2833251953125 959.7923583984375 225.0338134765625 1.1494926 1.6357032 0.6020299 10.120369 1.5592607 22.137352 1.6015483140945435 0.13704858720302582
Pedestrian 0.0 0 -1.7940031290054321 193.3069305419922 155.47247314453125 217.5839080810547 202.91897583007812 0.6311044 1.8495635 0.716957 -16.078695 1.1723537 28.598795 -2.3061766624450684 0.11791249364614487
Cyclist 0.0 0 2.661341905593872 302.0294189453125 186.52098083496094 334.46063232421875 220.73287963867188 1.4917085 1.7444538 0.57850903 -15.453935 2.4817314 38.147038 2.2764339447021484 0.18120485544204712
Cyclist 0.0 0 -2.014922618865967 920.409423828125 168.9038543701172 963.9319458007812 225.4368133544922 1.4640112 1.6758325 0.64214134 10.1176195 1.5590947 22.122921 -1.5859843492507935 0.15168534219264984
Cyclist 0.0 0 -3.0187814235687256 652.6747436523438 152.0979461669922 675.7323608398438 182.3735809326172 1.3337538 1.8275845 0.64521134 3.2755604 0.5750065 43.999725 -2.9444735050201416 0.1108255684375763
Car 0.0 0 2.0121688842773438 103.32630920410156 193.03285217285156 320.4452819824219 299.8150939941406 4.2841115 1.466413 1.6838236 -6.847868 1.888777 12.908195 1.5244158506393433 0.9606184363365173
Car 0.0 0 2.5254688262939453 433.2236328125 178.37631225585938 593.7108154296875 233.3892364501953 4.709378 1.4773803 1.7671679 -2.8941464 1.6638987 22.073109 2.3950960636138916 0.7968267798423767
Car 0.0 0 2.467848300933838 916.9011840820312 167.52110290527344 1061.0882568359375 214.92568969726562 3.791046 1.3890636 1.5734525 11.615006 1.2331555 22.275845 2.9484822750091553 0.10562865436077118
Car 0.0 0 0.09045746177434921 432.1362609863281 189.22157287597656 511.79949951171875 220.83370971679688 3.778817 1.4914333 1.5540895 -6.8704276 2.3299992 35.98981 -0.09817225486040115 0.10370124131441116
