Pedestrian 0.0 0 -1.6425844430923462 562.5230102539062 153.95501708984375 622.21630859375 305.7047119140625 0.95182526 1.6786042 0.62755406 -0.21706536 1.3866596 8.3204565 -1.6686667203903198 0.8396796584129333
Pedestrian 0.0 0 -1.2152907848358154 836.724609375 174.1590576171875 870.0313110351562 240.9385223388672 0.64790195 1.6403428 0.6046672 6.2204485 1.4861841 17.805016 -0.8791817426681519 0.3655937910079956
Pedestrian 0.0 0 0.23904788494110107 828.7369995117188 125.42642211914062 875.3278198242188 229.46475219726562 0.64154583 1.7850422 0.68288237 4.3590827 0.84176147 12.587016 0.5724368095397949 0.19188202917575836
Pedestrian 0.0 0 1.0735836029052734 768.2603149414062 141.88217163085938 828.3074340820312 245.28102111816406 0.82378715 1.7380713 0.70287323 3.322895 1.0905784 12.362395 1.336167812347412 0.1544613391160965
Pedestrian 0.0 0 3.0551860332489014 635.2357788085938 169.46914672851562 698.6064453125 273.6613464355469 1.1091613 1.8713764 0.622311 1.0821526 1.6748948 13.007238 3.138190984725952 0.14640188217163086
Pedestrian 0.0 0 3.1271934509277344 557.7247314453125 157.6717987060547 584.8995971679688 229.77442932128906 0.66957945 1.7759997 0.6588959 -0.88941836 1.2153028 17.761063 3.0771584510803223 0.12347093224525452
Pedestrian 0.0 0 1.0702935457229614 446.8564758300781 152.9827117919922 498.6095275878906 243.22459411621094 0.98836446 1.8352696 0.68539846 -2.849062 1.27727 14.973791 0.8822710514068604 0.11248622089624405
Pedestrian 0.0 0 2.7307536602020264 684.9365844726562 170.38665771484375 727.9583740234375 258.7763366699219 0.67177457 1.7644272 0.6427492 2.0341496 1.5641738 14.508766 2.870047092437744 0.10653519630432129
Pedestrian 0.0 0 -0.5245862603187561 971.7635498046875 144.33799743652344 1032.325439453125 251.1714324951172 0.70143884 1.7230911 0.52653605 6.4985633 1.1414965 11.66784 -0.01641238108277321 0.10644695162773132
Cyclist 0.0 0 -1.8387317657470703 845.0244750976562 144.7302703857422 893.4570922851562 252.95892333984375 1.5906944 1.7756555 0.37954333 4.5654135 1.1904505 12.403792 -1.4860540628433228 0.11682111024856567
Cyclist 0.0 0 -0.8099046349525452 1104.5968017578125 140.63748168945312 1196.2032470703125 249.73805236816406 1.0725852 1.7260377 0.61921066 8.868878 1.0970439 11.570093 -0.15590502321720123 0.10332179069519043
Car 0.0 0 2.2212655544281006 285.927001953125 198.3096160888672 426.5816955566406 259.5857849121094 4.188378 1.4521577 1.5856375 -7.000202 2.0212128 20.28811 1.8890166282653809 0.12166377156972885
