Car 0.0 0 -1.810791254043579 715.142822265625 187.7567901611328 847.4835205078125 284.9875183105469 3.3650913 1.4731476 1.5469773 2.9180293 1.7802318 13.1489525 -1.592409372329712 0.9726293087005615
Car 0.0 0 0.556725025177002 18.256502151489258 186.45431518554688 351.8935241699219 310.0211181640625 3.9304032 1.6193796 1.6428331 -6.0838337 1.835041 10.533979 0.032981157302856445 0.9505545496940613
Car 0.0 0 3.393693685531616 256.269287109375 174.3848876953125 427.5729675292969 238.6140899658203 3.6533 1.4842136 1.6074721 -6.50967 1.5242167 17.700085 3.041271209716797 0.9205082058906555
Car 0.0 0 3.805586814880371 0.0 173.44639587402344 249.8743438720703 331.2947692871094 3.7483537 1.5848199 1.6068478 -6.353236 1.5924609 8.057954 3.137932777404785 0.8999677300453186
Car 0.0 0 0.45021939277648926 155.32057189941406 170.26524353027344 399.12286376953125 268.3392639160156 3.6362858 1.6381481 1.5554829 -5.8636417 1.5952653 12.867954 0.022653818130493164 0.8793081045150757
Car 0.0 0 2.894850015640259 696.1561279296875 175.36932373046875 813.7211303710938 218.05711364746094 4.6472907 1.7610383 1.7240642 6.09817 1.8724047 30.859941 3.089944362640381 0.8658595085144043
Car 0.0 0 0.296525239944458 359.4773254394531 159.91758728027344 481.10516357421875 207.93319702148438 4.0801597 1.7327287 1.6927032 -7.068841 1.2662534 26.96273 0.04012489318847656 0.8623050451278687
Car 0.0 0 -0.2628062963485718 779.6671142578125 188.03802490234375 927.8493041992188 242.56842041015625 3.7129035 1.4456111 1.5147332 6.7796035 1.8948829 20.467411 0.057058095932006836 0.8593212366104126
Car 0.0 0 -2.284658908843994 0.0 208.753173828125 158.8988800048828 375.0 4.154065 1.4722894 1.6003357 -6.2211375 1.8028785 5.765245 -3.1080729961395264 0.8054673075675964
Car 0.0 0 3.1595447063446045 454.35260009765625 171.14895629882812 534.9887084960938 204.31045532226562 4.4972997 1.8580475 1.8276148 -6.657688 1.7628715 41.645058 3.001018762588501 0.7146769165992737
Car 0.0 0 -0.24087432026863098 743.06494140625 177.554931640625 881.86328125 225.98683166503906 4.0373383 1.4888084 1.5319963 6.3743834 1.6454206 23.158678 0.027722597122192383 0.6511972546577454
