Pedestrian 0.0 0 1.3166632652282715 839.628662109375 161.31948852539062 870.3984985351562 221.0599365234375 1.0772518 1.8674494 0.6819477 7.7919264 1.5072454 23.113539 1.6418136358261108 0.404083251953125
Pedestrian 0.0 0 -0.09714490175247192 814.892578125 177.6181640625 835.7615966796875 217.20379638671875 0.83546776 1.7598574 0.73508364 9.689551 1.9785309 32.62101 0.1915886402130127 0.2676394283771515
Pedestrian 0.0 0 1.2794138193130493 854.1763305664062 169.2003631591797 876.526611328125 215.9608612060547 0.83059245 1.718695 0.57087207 9.4870615 1.5847629 26.945858 1.6179392337799072 0.22323250770568848
Cyclist 0.0 0 -3.3248958587646484 812.755859375 176.18125915527344 835.6567993164062 215.2090301513672 0.87705684 1.7453672 0.72844005 9.674941 1.898606 32.74258 -3.0375864505767822 0.1532859206199646
Car 0.0 0 1.9299529790878296 363.57958984375 184.50302124023438 420.144775390625 214.15184020996094 3.9603615 1.4567856 1.6448548 -11.77502 2.1208355 39.075737 1.6372687816619873 0.8370797634124756
Car 0.0 0 1.834331750869751 425.71343994140625 185.05172729492188 475.1968078613281 216.6970977783203 3.9231656 1.5190972 1.5888773 -8.411156 2.1985135 38.169388 1.6174343824386597 0.7349653840065002
Car 0.0 0 -1.5970754623413086 600.5513916015625 177.40353393554688 628.7282104492188 204.53599548339844 4.141862 1.6128157 1.6665381 0.22170404 1.9143606 45.675777 -1.5922216176986694 0.6589332818984985
Car 0.0 0 1.6585636138916016 493.9365234375 178.80203247070312 517.0482177734375 197.06869506835938 3.8799026 1.4819725 1.6274817 -8.94316 2.0082195 61.80894 1.5148704051971436 0.3306528925895691
Car 0.0 0 1.6863957643508911 451.69049072265625 176.91604614257812 496.9259033203125 212.4690399169922 4.235869 1.6153367 1.7064676 -6.637031 1.8275019 35.448437 1.5013080835342407 0.324368953704834
Car 0.0 0 1.7739092111587524 414.6055908203125 173.77601623535156 477.2401123046875 215.9848175048828 4.231763 1.5865191 1.6608223 -6.622458 1.6270988 29.342255 1.5519315004348755 0.21520985662937164
