Pedestrian 0.0 0 -1.9619896411895752 240.86090087890625 160.8111114501953 261.6489562988281 202.9491424560547 0.6351789 1.8566395 0.63738716 -16.06954 1.3263773 32.23778 -2.4244117736816406 0.33575496077537537
Car 0.0 0 -1.7906445264816284 656.2857055664062 175.830078125 756.9944458007812 249.6864776611328 3.8641694 1.6421294 1.6820427 2.2614405 1.7258552 18.20546 -1.6670598983764648 0.9476375579833984
Car 0.0 0 -1.6966034173965454 594.578369140625 176.57891845703125 620.4404296875 197.4673309326172 3.4813888 1.5408435 1.5669432 -0.2472105 1.8382082 55.70137 -1.701041579246521 0.7286953330039978
Car 0.0 0 3.3548083305358887 335.8896789550781 186.07980346679688 473.813720703125 232.39959716796875 4.2521887 1.4754456 1.6029896 -6.9068384 1.9410148 24.444971 3.079439878463745 0.5813459157943726
Car 0.0 0 3.4481067657470703 293.760986328125 174.33457946777344 431.0371398925781 228.90858459472656 3.6301818 1.5911294 1.6088641 -7.490805 1.6382178 21.925308 3.118889093399048 0.5472456216812134
Car 0.0 0 -1.3551075458526611 287.2275390625 175.0364227294922 427.31024169921875 281.3821716308594 3.714161 1.6029994 1.5747771 -4.3788295 1.6481894 12.8860655 -1.6826767921447754 0.5245894193649292
Car 0.0 0 3.3397278785705566 394.2195129394531 175.763916015625 473.6094055175781 209.0292205810547 3.4035096 1.5287687 1.6193215 -8.33492 1.6705645 34.189293 3.100604772567749 0.48986533284187317
Car 0.0 0 1.5908265113830566 581.8560180664062 175.3551788330078 600.4949951171875 193.3649139404297 3.9135585 1.558385 1.6010374 -1.6891253 1.7906584 64.93841 1.5648212432861328 0.4011394679546356
Car 0.0 0 3.4384894371032715 247.54449462890625 177.96826171875 442.5054931640625 256.96112060546875 3.947495 1.7279792 1.7157897 -6.113646 1.8546609 16.862198 3.090664863586426 0.3921269178390503
Car 0.0 0 4.005881309509277 0.0 202.15086364746094 95.3112564086914 375.0 4.0416117 1.4776359 1.535777 -6.4318757 1.7265716 5.3204293 3.1261909008026123 0.38797062635421753
Car 0.0 0 3.3825323581695557 246.0619354248047 177.13548278808594 404.25634765625 237.17486572265625 3.7073355 1.5225143 1.5240829 -7.6125884 1.6441587 19.437056 3.009242057800293 0.3196376860141754
