Pedestrian 0.0 0 -2.7181193828582764 584.2117309570312 155.0387420654297 628.2293090820312 229.59327697753906 0.89134705 1.7511885 0.6099558 -0.005864079 1.1547418 17.06377 -2.7184629440307617 0.819995641708374
Pedestrian 0.0 0 -2.187171459197998 124.7820053100586 171.92820739746094 176.11358642578125 252.8212890625 0.7584293 1.7662255 0.6511851 -10.243732 1.5806842 15.876134 -2.7601850032806396 0.7947118282318115
Pedestrian 0.0 0 -2.535484552383423 265.13262939453125 160.74850463867188 310.2579345703125 231.8047637939453 0.8299034 1.7132658 0.58310413 -7.8442554 1.2386302 17.405054 -2.9589107036590576 0.7215895056724548
Pedestrian 0.0 0 1.8984792232513428 372.3907165527344 172.58673095703125 405.9829406738281 236.975341796875 1.0055112 1.887048 0.679378 -6.5025997 1.6566987 21.229502 1.601252555847168 0.692579448223114
Pedestrian 0.0 0 -1.587482213973999 395.35235595703125 156.25045776367188 433.9690246582031 249.9395294189453 0.71701956 1.8851732 0.7562917 -3.997284 1.3988609 14.671734 -1.8534742593765259 0.688437283039093
Pedestrian 0.0 0 -1.2155826091766357 155.55096435546875 178.01698303222656 191.68746948242188 247.50845336914062 0.7487655 1.7899101 0.59105724 -11.395452 1.7275441 18.630947 -1.7645177841186523 0.5768777132034302
Pedestrian 0.0 0 -0.18362045288085938 171.10299682617188 178.1323699951172 209.15635681152344 246.8815155029297 0.7272741 1.6695076 0.5597932 -10.375508 1.6136112 17.614874 -0.7159271240234375 0.47468432784080505
Pedestrian 0.0 0 -0.6606717109680176 1038.0098876953125 102.00810241699219 1114.012451171875 238.32225036621094 0.5622911 1.8097912 0.69616497 6.4338384 0.7693566 9.751031 -0.07743031531572342 0.4356394410133362
Pedestrian 0.0 0 -2.7387900352478027 1094.136474609375 139.10076904296875 1133.6495361328125 195.68588256835938 0.9304258 1.8834099 0.6027235 17.301125 0.5069959 24.08288 -2.1158218383789062 0.4243367612361908
Pedestrian 0.0 0 -1.1331831216812134 192.47552490234375 153.06961059570312 212.0288543701172 187.08193969726562 0.7573809 1.9752407 0.74684906 -23.622295 0.38361743 41.463783 -1.6510320901870728 0.4188905358314514
Pedestrian 0.0 0 -2.821469306945801 1074.944580078125 133.56556701660156 1127.179931640625 217.25750732421875 0.81267196 1.804828 0.5753546 11.001157 0.7942985 15.740346 -2.211472272872925 0.38493117690086365
Cyclist 0.0 0 -0.4519844651222229 1112.765625 133.4482879638672 1211.0313720703125 205.8297576904297 1.8805255 1.801704 0.6547816 14.197709 0.6320983 18.113342 0.2128162384033203 0.941333532333374
Cyclist 0.0 0 -1.322935700416565 886.6511840820312 144.73040771484375 917.2418212890625 195.48484802246094 2.0072942 1.7461445 0.53487754 10.606683 0.5170681 25.282946 -0.9257164001464844 0.7938938736915588
Cyclist 0.0 0 -0.5460346341133118 856.8723754882812 150.23336791992188 905.3941040039062 194.22024536132812 1.7749795 1.7618635 0.62164056 11.211757 0.55104977 28.775564 -0.17450173199176788 0.7371759414672852
Car 0.0 0 -1.2608821392059326 259.6070556640625 182.7152557373047 461.4949951171875 305.04473876953125 3.7347624 1.4216098 1.6247015 -3.2910056 1.4609331 10.149611 -1.5744349956512451 0.9743576049804688
Car 0.0 0 -3.7666497230529785 1073.088623046875 149.680908203125 1202.6153564453125 190.94110107421875 3.5304039 1.4540647 1.5381659 19.281902 0.3694853 25.713755 -3.1232335567474365 0.7511875033378601
Car 0.0 0 1.5920885801315308 466.5410461425781 167.18983459472656 490.3135681152344 189.28965759277344 3.8737044 1.5148175 1.5916327 -9.00103 0.6037876 50.49579 1.4156882762908936 0.6773900985717773
