Pedestrian 0.0 0 1.7121046781539917 887.1792602539062 143.91917419433594 908.7415771484375 193.94439697265625 0.6865185 1.8193486 0.6518233 10.614718 0.76738715 26.698383 2.090522289276123 0.1550569087266922
Pedestrian 0.0 0 0.2213572859764099 389.8066101074219 177.8309326171875 399.4718017578125 198.4585723876953 0.6772668 1.7503387 0.60024 -18.437056 2.1785364 61.70114 -0.0690094530582428 0.10721442103385925
Pedestrian 0.0 0 -1.9061179161071777 1003.1412353515625 167.05514526367188 1029.5660400390625 216.57936096191406 0.5166491 1.7082427 0.670801 14.1425295 1.5085799 25.19841 -1.3946808576583862 0.10543052107095718
Car 0.0 0 2.1046624183654785 154.7834930419922 185.20907592773438 255.20394897460938 229.4376220703125 3.910933 1.543595 1.6677636 -15.771323 2.0617065 28.258522 1.595615267753601 0.9426528215408325
Car 0.0 0 1.9601112604141235 303.80816650390625 183.70742797851562 359.7314453125 212.3772430419922 3.7662323 1.5092078 1.6848277 -15.896894 2.159751 41.320442 1.5928443670272827 0.9299589991569519
Car 0.0 0 2.174748420715332 184.96542358398438 187.24021911621094 273.09259033203125 220.92547607421875 4.251716 1.4642537 1.7176932 -18.64276 2.215918 35.465492 1.6907848119735718 0.18628889322280884
Car 0.0 0 1.970738410949707 426.19586181640625 178.9769744873047 458.6243896484375 196.26226806640625 3.7206137 1.4906226 1.545575 -15.213737 2.06417 65.57743 1.7427746057510376 0.17567263543605804
Car 0.0 0 -0.3152430057525635 1089.026611328125 165.79501342773438 1194.5360107421875 198.51304626464844 4.0491104 1.6275761 1.7606415 27.391466 1.2767808 37.35876 0.31741952896118164 0.16520802676677704
Car 0.0 0 3.563584327697754 0.0 197.78880310058594 37.553829193115234 224.93353271484375 3.950767 1.5306573 1.6496543 -38.078262 3.1158235 44.508682 2.8558919429779053 0.1059948205947876
Car 0.0 0 2.1924216747283936 300.2791442871094 183.2391357421875 359.5931701660156 208.169921875 4.1954446 1.5530666 1.617863 -18.990267 2.2914302 49.03922 1.8229578733444214 0.10532964766025543
Car 0.0 0 -0.4503616690635681 16.672441482543945 184.67724609375 129.1240692138672 219.78067016601562 4.1623874 1.565939 1.7153453 -26.677637 2.191933 35.936295 -1.0889546871185303 0.10504785180091858
