Pedestrian 0.0 0 -3.3253750801086426 819.4037475585938 147.32064819335938 865.0648803710938 232.74209594726562 0.8494135 1.8080696 0.56448305 4.9617996 1.2679766 15.602302 -3.0174717903137207 0.42672258615493774
Pedestrian 0.0 0 1.6061612367630005 812.8357543945312 139.2569122314453 830.7940063476562 190.90646362304688 0.5841714 1.8953136 0.6219853 7.8415494 0.66280514 26.849531 1.8903135061264038 0.16764992475509644
Pedestrian 0.0 0 -3.5859689712524414 989.7754516601562 140.8883056640625 1089.423828125 285.7402648925781 1.0119733 1.8833076 0.5503833 5.698991 1.4680601 9.696507 -3.0546157360076904 0.16006231307983398
Pedestrian 0.0 0 -1.132920503616333 797.8286743164062 149.80441284179688 818.534423828125 194.637939453125 0.552118 1.8533753 0.6661913 8.268215 0.9008852 30.251013 -0.8661165833473206 0.1529914140701294
Pedestrian 0.0 0 3.271416187286377 218.0108184814453 146.83734130859375 263.5745849609375 256.00396728515625 0.61854684 1.782336 0.5482276 -6.2545433 1.3579264 12.140352 2.7956933975219727 0.1360878348350525
Pedestrian 0.0 0 -2.0593926906585693 1109.90673828125 66.38660430908203 1242.0 313.30908203125 1.3136797 1.768699 0.57602227 4.656458 1.006434 5.8638167 -1.3882595300674438 0.13546256721019745
Cyclist 0.0 0 -2.159954071044922 770.6356811523438 160.3618621826172 821.01513671875 220.23741149902344 1.7886496 1.642299 0.48328933 5.2609954 1.300016 20.711666 -1.9112036228179932 0.499666303396225
Cyclist 0.0 0 -1.3935409784317017 1185.5030517578125 89.28981018066406 1242.0 239.8545379638672 1.6622611 1.8182676 0.37837073 7.8870053 0.80947757 9.388232 -0.6948255896568298 0.16517338156700134
Cyclist 0.0 0 -2.05853009223938 1119.782470703125 92.3689956665039 1242.0 349.65142822265625 1.4307333 1.7820245 0.56009686 4.679382 1.2249163 5.750978 -1.3755109310150146 0.11851298809051514
Car 0.0 0 -1.660895824432373 709.8097534179688 176.73831176757812 820.9395751953125 274.0416564941406 3.5783808 1.483821 1.593181 2.6074326 1.5642873 13.013568 -1.4631515741348267 0.9593653082847595
Car 0.0 0 1.9216281175613403 337.8591003417969 183.66204833984375 520.69775390625 304.4388732910156 4.0868196 1.6508744 1.6954508 -2.9073968 1.8684934 12.371266 1.6908047199249268 0.9419258832931519
Car 0.0 0 1.7751655578613281 626.6915283203125 170.2975311279297 658.3009033203125 193.1937713623047 4.3648915 1.7242107 1.6285065 2.568117 1.5320523 56.64896 1.8204684257507324 0.6269946694374084
Car 0.0 0 1.5079002380371094 726.6328125 155.77474975585938 769.5839233398438 189.88343811035156 4.21202 1.4301373 1.6198558 6.1046114 0.7143829 32.44001 1.693906545639038 0.42345646023750305
