Pedestrian 0.0 0 -3.7601473331451416 1173.1534423828125 136.0646209716797 1242.0 268.946044921875 0.79576576 1.7917292 0.59595937 8.425681 1.2960311 10.054654 -3.0626683235168457 0.512010395526886
Pedestrian 0.0 0 0.41536635160446167 930.980224609375 178.5269317626953 959.1415405273438 230.90899658203125 0.64024574 1.7412766 0.70423377 11.3602495 1.9384558 24.557905 0.8486409187316895 0.20180034637451172
Pedestrian 0.0 0 -3.398245334625244 834.83349609375 150.58743286132812 848.34130859375 183.00244140625 0.57849187 1.8762205 0.75225246 13.492286 0.5877616 42.15169 -3.0884618759155273 0.16344422101974487
Pedestrian 0.0 0 -0.5141397714614868 1076.9005126953125 161.45660400390625 1167.92138671875 312.6225280761719 0.73139924 1.7841712 0.5487713 6.1932287 1.6500087 8.822199 0.0979306697845459 0.15101175010204315
Pedestrian 0.0 0 1.9044361114501953 1178.756103515625 141.64874267578125 1242.0 299.8932800292969 0.6064655 1.7700949 0.5799753 7.1088147 1.4213963 8.472771 2.60252046585083 0.14147721230983734
Pedestrian 0.0 0 -0.5743734836578369 1120.8018798828125 147.62823486328125 1228.04541015625 310.03302001953125 0.7944799 1.7869749 0.54825515 6.3725705 1.5097682 8.242886 0.08374810218811035 0.11733442544937134
Pedestrian 0.0 0 -0.07531166076660156 983.9548950195312 178.7114715576172 1025.4879150390625 240.49276733398438 0.9940311 1.7165816 0.66015905 11.234141 1.888665 20.645815 0.4230186939239502 0.1035349890589714
Cyclist 0.0 0 0.13382413983345032 938.1384887695312 160.90919494628906 977.8114013671875 215.9021759033203 1.1127766 1.7936001 0.69706285 11.591588 1.4043777 24.127167 0.5816993713378906 0.189529687166214
Car 0.0 0 -0.3401016891002655 805.200927734375 167.8730926513672 929.3370971679688 217.73031616210938 3.4986422 1.5724401 1.5360845 8.277643 1.415706 23.524868 -0.0017638765275478363 0.9056560397148132
Car 0.0 0 -1.6211973428726196 650.0902099609375 166.46543884277344 679.9127807617188 192.79664611816406 3.9398708 1.6099608 1.6953768 3.4418066 1.2197044 46.103813 -1.5466821193695068 0.5273618102073669
Car 0.0 0 -1.641782283782959 623.099853515625 171.6157989501953 644.8851928710938 188.30966186523438 3.8628993 1.4462287 1.670551 2.0946486 1.3393174 64.46785 -1.609302282333374 0.2266928106546402
Car 0.0 0 -2.1259236335754395 1125.9522705078125 140.53688049316406 1242.0 193.70152282714844 3.3669147 1.7023244 1.6407111 19.626917 0.6678924 24.866053 -1.4577378034591675 0.15741020441055298
Car 0.0 0 1.6773391962051392 675.9659423828125 170.63792419433594 706.7000122070312 194.8453826904297 4.094869 1.595211 1.6804231 5.6146975 1.4495356 49.72588 1.7897759675979614 0.12017706036567688
