Pedestrian 0.0 0 1.5794395208358765 458.9913330078125 184.01171875 484.9667053222656 256.1920471191406 1.0730814 1.7891363 0.6409321 -3.6121151 2.0869803 18.648987 1.3881189823150635 0.38381969928741455
Pedestrian 0.0 0 1.5164217948913574 763.046142578125 156.07034301757812 786.5947265625 212.34085083007812 0.47329488 1.9864354 0.79429704 5.837913 1.3943046 25.768518 1.7392131090164185 0.2603205144405365
Pedestrian 0.0 0 1.7927249670028687 487.6135559082031 185.93484497070312 524.9157104492188 256.2576599121094 1.8205612 1.7263416 0.58869845 -2.7554934 2.087829 18.986692 1.6486035585403442 0.1787630319595337
Pedestrian 0.0 0 1.6847208738327026 437.1570129394531 167.74859619140625 473.5366516113281 248.4231719970703 1.1713793 1.8444749 0.7180794 -3.702202 1.7281071 17.112228 1.471656322479248 0.16691948473453522
Pedestrian 0.0 0 -1.50099778175354 703.7125854492188 169.29940795898438 716.1625366210938 207.93797302246094 0.5390672 1.8233489 0.5519546 4.723343 1.6559658 34.366875 -1.3644146919250488 0.13687659800052643
Cyclist 0.0 0 1.7876832485198975 490.853515625 184.9867401123047 526.775634765625 254.98020935058594 1.8471994 1.7237407 0.55756646 -2.695663 2.0600708 19.035452 1.6470059156417847 0.40947261452674866
Cyclist 0.0 0 1.5794395208358765 458.9913330078125 184.01171875 484.9667053222656 256.1920471191406 1.0730814 1.7891363 0.6409321 -3.6121151 2.0869803 18.648987 1.3881189823150635 0.20131154358386993
Car 0.0 0 1.5232133865356445 663.6052856445312 185.47549438476562 698.6678466796875 218.19857788085938 3.830374 1.538555 1.6167288 3.6011317 2.2269785 37.380066 1.6192553043365479 0.9157313108444214
Car 0.0 0 -2.565552234649658 0.0 189.23744201660156 343.2482604980469 318.3654479980469 3.7695634 1.4072654 1.510068 -5.493847 1.6268102 8.856315 -3.1207869052886963 0.6765316724777222
Car 0.0 0 1.5765631198883057 668.5563354492188 174.570556640625 685.986572265625 192.37518310546875 4.1286926 1.533203 1.5060642 6.018742 1.692481 64.669556 1.6693649291992188 0.3194655478000641
Car 0.0 0 1.28410804271698 649.7718505859375 172.0300750732422 700.4655151367188 199.96002197265625 4.5894485 1.5512319 1.7342671 3.7282977 1.5058289 42.49243 1.371624231338501 0.142622172832489
