Car 0.0 0 -1.3589529991149902 398.0985412597656 180.1045684814453 487.2591552734375 241.06027221679688 3.5862231 1.5064168 1.6405743 -4.426225 1.3812352 19.56328 -1.5814584493637085 0.984981894493103
Car 0.0 0 -1.7262169122695923 667.6489868164062 179.40798950195312 732.8369140625 228.0389862060547 3.2855625 1.3952215 1.49642 2.7520092 1.2297299 22.286434 -1.6033552885055542 0.975472629070282
Car 0.0 0 -1.4470593929290771 483.3781433105469 179.15013122558594 528.5911865234375 214.29783630371094 3.536716 1.4906852 1.5858425 -4.547122 1.2345641 32.26539 -1.5870661735534668 0.9612153172492981
Car 0.0 0 -1.1991177797317505 250.25369262695312 181.75314331054688 361.0252990722656 236.53683471679688 3.8528664 1.4119215 1.6083187 -8.497322 1.3238138 20.46659 -1.5926415920257568 0.9603412747383118
Car 0.0 0 -1.043999195098877 0.0 186.41001892089844 366.37017822265625 376.0 4.0967193 1.4792819 1.6079533 -3.7152572 1.4945272 6.4402833 -1.5672435760498047 0.9554358124732971
Car 0.0 0 -1.5813829898834229 584.7199096679688 176.68772888183594 614.6177368164062 204.39247131347656 3.7514806 1.493002 1.612002 -0.50854313 1.0345634 40.629055 -1.5938990116119385 0.9059304594993591
Car 0.0 0 -1.657607913017273 623.5979614257812 176.50555419921875 649.9833984375 198.2702178955078 3.6241794 1.498093 1.5678008 2.0208473 0.8996931 51.323368 -1.618253469467163 0.7382702827453613
Car 0.0 0 -1.2058039903640747 353.2102966308594 169.87339782714844 428.6183776855469 212.52053833007812 3.909713 1.6053923 1.6281699 -8.706977 1.0289845 29.066212 -1.4968539476394653 0.6824697256088257
Car 0.0 0 -1.539747714996338 517.7373657226562 178.00021362304688 545.5162963867188 202.81101989746094 3.575673 1.4274652 1.5519496 -4.5654616 1.0134615 43.195362 -1.645050048828125 0.5666298270225525
Car 0.0 0 2.267179489135742 0.0 192.67234802246094 120.71112823486328 340.4104919433594 3.5817542 1.4284863 1.5789886 -8.072113 1.5413625 8.949729 1.5332940816879272 0.542366623878479
