Pedestrian 0.0 0 0.9565048217773438 836.2923583984375 135.34768676757812 906.9223022460938 258.2778015136719 0.8794037 1.8158586 0.63447815 3.9791923 1.2621932 11.164176 1.2988920211791992 0.647136390209198
Pedestrian 0.0 0 -0.3923685550689697 783.7047119140625 130.48388671875 826.8135375976562 217.40960693359375 0.67410403 1.8604424 0.75850165 4.2327056 0.95396656 15.86028 -0.13157208263874054 0.35691314935684204
Pedestrian 0.0 0 -3.627629280090332 1061.04541015625 106.33230590820312 1153.6710205078125 255.83067321777344 0.7668261 1.7730064 0.55454266 6.043094 0.98443663 8.872822 -3.029715061187744 0.27865681052207947
Pedestrian 0.0 0 -1.5775012969970703 773.8275756835938 153.85910034179688 811.438232421875 242.7847900390625 0.65189976 1.8217182 0.75133604 3.787476 1.4329494 15.183825 -1.3330483436584473 0.26747944951057434
Car 0.0 0 -1.41664457321167 494.291748046875 182.5465545654297 580.9076538085938 246.08778381347656 4.454175 1.438823 1.6260098 -1.8542475 1.7289698 19.29917 -1.5124297142028809 0.9404751658439636
Car 0.0 0 -1.4988609552383423 547.6859130859375 178.6343994140625 595.1094970703125 219.20315551757812 3.810708 1.4268992 1.5574551 -1.4704494 1.6657126 27.842497 -1.5516250133514404 0.8842442035675049
Car 0.0 0 -2.2481017112731934 899.279052734375 140.08087158203125 1242.0 375.0 3.8236318 1.441009 1.5655094 3.3719287 1.3233938 4.534684 -1.608717918395996 0.8722837567329407
Car 0.0 0 -1.7312853336334229 704.558837890625 177.09413146972656 788.0391235351562 232.7166290283203 4.0592704 1.3889228 1.6570917 3.6828704 1.52102 20.370651 -1.552424430847168 0.839569628238678
Car 0.0 0 -1.5514941215515137 690.3430786132812 173.0397186279297 728.7708129882812 209.12506103515625 3.7977407 1.520321 1.6116552 4.46544 1.5295393 32.418262 -1.4146109819412231 0.6786273121833801
Car 0.0 0 -1.3478952646255493 671.6839599609375 171.6554718017578 707.6598510742188 195.0803985595703 4.1833954 1.5553281 1.601072 5.5506234 1.4761078 50.143177 -1.237648606300354 0.3095339834690094
