Pedestrian 0.0 0 0.713016152381897 600.88232421875 140.50811767578125 719.6605834960938 350.36065673828125 0.80418015 1.6684203 0.63647455 0.45386425 1.3439094 6.217841 0.7858808040618896 0.8796916604042053
Pedestrian 0.0 0 -2.739194869995117 422.30029296875 151.75143432617188 528.0240478515625 313.2430419921875 1.0078981 1.7045507 0.58904064 -1.4382304 1.3919141 7.978568 -2.917541265487671 0.8440170884132385
Pedestrian 0.0 0 -1.4684052467346191 339.1060791015625 166.20135498046875 394.57489013671875 290.99383544921875 0.8049348 1.6103542 0.6386006 -3.2057753 1.4142686 9.7284975 -1.7867236137390137 0.7766563892364502
Pedestrian 0.0 0 2.1068389415740967 578.7484130859375 165.39894104003906 670.4505004882812 333.3282165527344 0.8923398 1.6539285 0.6029283 0.21061002 1.496719 7.6104536 2.1345057487487793 0.7685367465019226
Pedestrian 0.0 0 -2.824946403503418 555.2880249023438 160.56690979003906 631.8778076171875 286.4541320800781 0.9641409 1.7471026 0.6274994 -0.15010467 1.4579067 10.409681 -2.839365005493164 0.7441062927246094
Pedestrian 0.0 0 -1.466380000114441 420.11322021484375 162.82229614257812 466.8165588378906 268.5685119628906 0.82143897 1.6467787 0.6596555 -2.5864136 1.3572115 11.629661 -1.6852164268493652 0.6291758418083191
Pedestrian 0.0 0 -1.8675371408462524 467.10614013671875 166.62777709960938 526.8262939453125 298.8244323730469 0.8184523 1.6281391 0.5481797 -1.4141297 1.4463112 9.331935 -2.0179295539855957 0.6099186539649963
Pedestrian 0.0 0 -1.5199426412582397 397.8788146972656 158.3805389404297 423.3888854980469 222.7138671875 0.6718274 1.7928966 0.66930664 -5.446162 1.149733 20.414825 -1.7806460857391357 0.5877374410629272
Pedestrian 0.0 0 1.5334653854370117 492.874755859375 155.66949462890625 524.8145141601562 250.63577270507812 0.67749566 1.68521 0.55084133 -1.7391105 1.2281116 13.124756 1.4017267227172852 0.548503041267395
Pedestrian 0.0 0 3.0483407974243164 628.6534423828125 143.13414001464844 659.1692504882812 204.9415283203125 0.8580063 1.8188502 0.5734838 1.2335244 0.69096124 21.43825 3.105815887451172 0.5159162878990173
Pedestrian 0.0 0 -1.9120064973831177 559.1669921875 164.50967407226562 583.2283935546875 210.2376251220703 0.9614791 1.754547 0.6559803 -1.2083335 1.1036625 28.127995 -1.954938530921936 0.4528978168964386
Pedestrian 0.0 0 1.4218780994415283 664.6885375976562 158.76144409179688 686.2659912109375 206.87353515625 1.010986 1.7877164 0.6681835 2.777388 0.94384867 27.209475 1.5236001014709473 0.4400500953197479
Pedestrian 0.0 0 1.5078988075256348 392.2046203613281 172.0763702392578 434.082275390625 266.1143493652344 0.6254112 1.6835715 0.70796454 -3.523976 1.5161302 13.266593 1.248266577720642 0.4307197332382202
Pedestrian 0.0 0 -0.1670779585838318 277.0362548828125 161.0814208984375 342.4135437011719 251.03526306152344 1.1315136 1.7234904 0.53195155 -5.837636 1.3335317 14.284669 -0.5550312995910645 0.37004807591438293
Pedestrian 0.0 0 -0.9102253913879395 319.389404296875 186.70896911621094 377.4157409667969 286.7687072753906 0.67999405 1.7122189 0.70488524 -4.531053 1.8092332 12.768042 -1.2512362003326416 0.36506760120391846
Pedestrian 0.0 0 1.8034297227859497 0.0 154.8818359375 96.4116439819336 374.0 1.5524889 1.6323738 0.49553996 -3.0683074 1.5278857 3.6609952 1.1058804988861084 0.13244396448135376
Cyclist 0.0 0 1.4193404912948608 516.0473022460938 160.02679443359375 535.3734130859375 200.09976196289062 1.7757983 1.7350507 0.59250504 -3.4007955 0.8062796 32.033394 1.313572645187378 0.8088851571083069
Cyclist 0.0 0 1.8034297227859497 0.0 154.8818359375 96.4116439819336 374.0 1.5524889 1.6323738 0.49553996 -3.0683074 1.5278857 3.6609952 1.1058804988861084 0.34850525856018066
Cyclist 0.0 0 0.06341727077960968 623.1774291992188 141.42933654785156 670.4492797851562 202.01846313476562 1.3849186 1.7881958 0.5504732 1.3397565 0.60670066 21.557692 0.12548494338989258 0.3224981427192688
Cyclist 0.0 0 -0.059440791606903076 272.0328063964844 161.10317993164062 340.6405029296875 250.8970947265625 1.231543 1.722893 0.5564999 -5.9134145 1.3327906 14.299286 -0.451570063829422 0.25005990266799927
Cyclist 0.0 0 -1.9320260286331177 558.646728515625 164.1757049560547 583.8307495117188 210.043212890625 1.0054855 1.7590612 0.6722455 -1.2076175 1.0956804 28.140614 -1.9749133586883545 0.16984395682811737
Cyclist 0.0 0 -2.7311480045318604 527.6817626953125 163.0542755126953 597.8037719726562 282.8606872558594 0.8211705 1.6574743 0.6539322 -0.59606576 1.4036055 10.384046 -2.788487195968628 0.16887234151363373
Car 0.0 0 1.6428273916244507 413.8634338378906 171.63290405273438 494.2590026855469 239.66680908203125 4.1264544 1.4884673 1.6537907 -3.5789168 1.2738143 17.86396 1.4451022148132324 0.6251913905143738
