Pedestrian 0.0 0 -1.7008625268936157 1145.598876953125 173.99729919433594 1175.1434326171875 232.36749267578125 0.69635105 1.6576409 0.5956145 15.930385 1.6919215 20.955782 -1.0508713722229004 0.32191306352615356
Pedestrian 0.0 0 -1.0382366180419922 626.9057006835938 146.13479614257812 650.2534790039062 193.25840759277344 0.7143464 1.8734392 0.67429155 1.1152056 0.8115525 29.16531 -1.0000178813934326 0.31235408782958984
Pedestrian 0.0 0 1.7411723136901855 1016.0130004882812 152.48170471191406 1045.68359375 206.9054412841797 0.8609722 1.8517272 0.75837266 14.6108265 1.1589329 25.120533 2.2679741382598877 0.27994802594184875
Pedestrian 0.0 0 2.171379566192627 814.9996337890625 168.85426330566406 853.0208129882812 236.8495330810547 0.65245765 1.7762192 0.7329426 5.953587 1.6720934 19.33563 2.4700751304626465 0.2238072156906128
Car 0.0 0 1.3888825178146362 476.479736328125 182.2353057861328 555.8777465820312 234.9866180419922 4.1460114 1.4174662 1.6990061 -3.0548859 1.7383472 22.41487 1.2534286975860596 0.9205113649368286
Car 0.0 0 1.5258359909057617 404.1260986328125 180.32676696777344 459.4190368652344 229.98020935058594 3.413014 1.3994176 1.5248209 -5.7189717 1.6545578 22.744352 1.2794970273971558 0.9058645963668823
Car 0.0 0 -1.991602897644043 0.0 199.98976135253906 135.19891357421875 274.82177734375 4.1667175 1.4505991 1.6595439 -13.263445 2.1518142 16.927118 -2.6562399864196777 0.7623012065887451
Car 0.0 0 3.331397533416748 35.556278228759766 188.87030029296875 149.12120056152344 229.52163696289062 3.660985 1.566452 1.5960548 -21.782425 2.2761712 30.46442 2.710667371749878 0.661849319934845
Car 0.0 0 -0.195309579372406 1000.3982543945312 164.58267211914062 1128.6563720703125 205.13706970214844 3.8303578 1.4395074 1.5496011 16.849787 1.1462682 27.012215 0.3624148368835449 0.5705671310424805
Car 0.0 0 -2.1767168045043945 159.6636962890625 177.16407775878906 395.95086669921875 298.4800720214844 4.306247 1.9012764 1.8124211 -6.2272644 1.992271 13.304166 -2.614494800567627 0.47726401686668396
Car 0.0 0 -1.2965023517608643 724.5648193359375 157.27235412597656 804.7002563476562 215.22671508789062 3.646541 1.680014 1.5547165 4.9293337 1.2286823 22.888779 -1.0843818187713623 0.2731592059135437
