Pedestrian 0.0 0 -2.2714781761169434 262.23028564453125 159.80499267578125 289.5487060546875 213.54244995117188 0.68328834 1.9407147 0.6138442 -12.303013 1.4698105 26.47774 -2.7064521312713623 0.35753142833709717
Pedestrian 0.0 0 -0.4316443204879761 988.6986694335938 102.8376235961914 1077.7958984375 245.21575927734375 0.89859027 1.8734065 0.54344535 5.679199 0.9524913 9.803668 0.09341049194335938 0.2706905007362366
Pedestrian 0.0 0 -0.25548428297042847 463.38720703125 177.09201049804688 479.1419677734375 204.80113220214844 0.8562612 1.7398868 0.6155839 -8.860279 2.0126166 45.90725 -0.44614389538764954 0.25347450375556946
Pedestrian 0.0 0 0.007810965180397034 759.8577880859375 147.54052734375 785.288818359375 194.28614807128906 0.9968468 1.8711839 0.59439784 6.556124 0.85826695 29.281946 0.2280747890472412 0.21438144147396088
Pedestrian 0.0 0 0.9903343915939331 225.7756805419922 160.47799682617188 254.17608642578125 214.50559997558594 0.69230896 1.8543359 0.60101295 -12.9642 1.4299247 25.193913 0.5150935649871826 0.20191900432109833
Pedestrian 0.0 0 -1.6199640035629272 848.67626953125 178.82147216796875 878.157470703125 247.8715057373047 0.6205036 1.5993986 0.6298609 5.9717865 1.7449249 17.163374 -1.2851275205612183 0.16800327599048615
Pedestrian 0.0 0 1.6015112400054932 218.48216247558594 160.25283813476562 241.83717346191406 217.70848083496094 0.81807053 1.85942 0.6602457 -12.59944 1.4519703 23.860672 1.1156823635101318 0.1669865846633911
Pedestrian 0.0 0 -0.447666198015213 825.1923828125 141.313720703125 863.3568725585938 211.73538208007812 0.76079375 1.8329973 0.6389692 6.1622996 1.0123969 19.14628 -0.13628274202346802 0.15753574669361115
Cyclist 0.0 0 1.9159972667694092 479.6190185546875 175.3194580078125 497.80615234375 204.64837646484375 1.8450594 1.7878306 0.5297185 -7.6023846 1.9455519 45.09614 1.7489858865737915 0.27157479524612427
Car 0.0 0 1.8333392143249512 359.8680114746094 185.46871948242188 489.6734924316406 269.3475646972656 3.8070793 1.4636775 1.6766361 -3.7538342 1.761346 15.084007 1.5894320011138916 0.9673474431037903
Car 0.0 0 2.0008621215820312 18.13655662536621 197.07899475097656 81.41717529296875 226.37257385253906 3.4388425 1.5142391 1.6417916 -32.7463 2.9951413 42.234005 1.341331124305725 0.37469154596328735
Car 0.0 0 2.421773672103882 57.144561767578125 189.4031524658203 149.9794464111328 220.82838439941406 4.0354834 1.4902666 1.5668892 -27.031815 2.425727 38.621178 1.8111000061035156 0.32128703594207764
Car 0.0 0 1.746468424797058 390.5750732421875 187.3346405029297 472.042724609375 246.1259002685547 4.262901 1.4968088 1.6397314 -5.278641 1.9748629 21.620373 1.5070019960403442 0.1736205816268921
