Pedestrian 0.0 0 -1.5758247375488281 548.880859375 147.70603942871094 623.3466796875 346.13665771484375 0.7602349 1.6131511 0.6065672 -0.22183554 1.3482575 6.135288 -1.6119662523269653 0.8109931349754333
Pedestrian 0.0 0 -1.5209097862243652 840.3689575195312 173.5043182373047 867.5327758789062 239.8408966064453 0.66902465 1.6323938 0.61482054 6.2424493 1.4618431 17.819677 -1.1839569807052612 0.3550723195075989
Pedestrian 0.0 0 1.1297986507415771 444.695068359375 144.97177124023438 497.18621826171875 235.2155303955078 1.0057665 1.8309083 0.7297889 -2.885751 1.1117207 14.961284 0.9392573833465576 0.15219539403915405
Pedestrian 0.0 0 -0.13525721430778503 838.0784301757812 130.4351348876953 881.4142456054688 233.38462829589844 0.64116096 1.7741576 0.638647 4.470691 0.9130221 12.55813 0.20675253868103027 0.14398479461669922
Pedestrian 0.0 0 -0.5115134716033936 974.7951049804688 143.08718872070312 1031.5650634765625 249.41343688964844 0.62564564 1.7124076 0.54984134 6.5116544 1.1115197 11.657787 -0.002116817981004715 0.13832426071166992
Pedestrian 0.0 0 0.3511398434638977 605.8505859375 184.49403381347656 648.3041381835938 270.7528381347656 0.70815116 1.7323542 0.62877595 0.42123386 1.8191894 14.65724 0.3798708915710449 0.1357618272304535
Pedestrian 0.0 0 0.12144843488931656 544.3211059570312 164.36199951171875 574.186279296875 239.50730895996094 0.6654324 1.8278561 0.6696119 -1.1665486 1.4369099 17.546097 0.05506134033203125 0.10868949443101883
Pedestrian 0.0 0 -2.1106879711151123 769.3348388671875 138.2158660888672 829.494140625 240.61192321777344 0.8065135 1.7253144 0.6998834 3.3518505 1.0144998 12.391686 -1.8465176820755005 0.10445917397737503
Cyclist 0.0 0 -1.778457522392273 851.4387817382812 136.7655029296875 893.4049682617188 244.95262145996094 1.441887 1.7740526 0.3879986 4.5992947 1.0585461 12.330999 -1.4214533567428589 0.12487676739692688
Car 0.0 0 2.248796224594116 285.8208312988281 198.20529174804688 427.0245666503906 259.18414306640625 4.108816 1.4469169 1.5797596 -6.9888725 2.0107753 20.2499 1.916465401649475 0.14907819032669067
