Pedestrian 0.0 0 -1.028958797454834 913.0988159179688 166.38818359375 1014.0816650390625 325.1064453125 0.71996856 1.5932926 0.69570875 3.7886748 1.453325 7.579314 -0.5654148459434509 0.7693129777908325
Pedestrian 0.0 0 0.4515726864337921 155.75511169433594 140.79388427734375 293.48956298828125 326.72723388671875 1.065319 1.776454 0.5854404 -3.824784 1.3987887 7.0664887 -0.04453302174806595 0.6874210834503174
Pedestrian 0.0 0 1.0722582340240479 444.8591613769531 149.82943725585938 499.7218933105469 240.21469116210938 1.0199608 1.8326485 0.74184227 -2.856158 1.2123995 14.96066 0.8836169242858887 0.1674022525548935
Pedestrian 0.0 0 -1.6450996398925781 838.9163818359375 176.2124786376953 867.4146118164062 242.8563995361328 0.806103 1.6344492 0.6163164 6.204093 1.5308952 17.804398 -1.3097987174987793 0.16189619898796082
Pedestrian 0.0 0 -0.2491275668144226 897.1376342773438 141.5365753173828 946.2907104492188 252.94683837890625 0.6199188 1.7994268 0.5790176 5.2095394 1.1717682 11.752119 0.16812825202941895 0.1544702798128128
Pedestrian 0.0 0 1.2003298997879028 768.516845703125 143.49813842773438 823.9080200195312 248.30841064453125 0.772523 1.7720637 0.70102036 3.2892747 1.1481091 12.371941 1.4601843357086182 0.13647492229938507
Pedestrian 0.0 0 0.5171432495117188 1094.224365234375 204.5453338623047 1224.0 370.0 0.85509664 1.6599635 0.61710995 4.3426375 1.8636124 5.4218736 1.1924618482589722 0.12312342971563339
Pedestrian 0.0 0 0.5365805625915527 377.4566345214844 148.92062377929688 435.1584777832031 233.24154663085938 0.88451475 1.7444185 0.8435473 -4.285886 1.0927328 15.143889 0.26078200340270996 0.11825360357761383
Pedestrian 0.0 0 1.2620004415512085 840.62451171875 133.7426300048828 896.4989624023438 240.77796936035156 1.0152087 1.8060087 0.6389599 4.57643 1.0187197 12.446107 1.6143555641174316 0.113752081990242
Pedestrian 0.0 0 -0.4635193347930908 960.916015625 134.61648559570312 1012.5133056640625 243.00637817382812 0.5650279 1.7456112 0.5418402 6.2424846 1.0083145 11.66072 0.02800130844116211 0.11203666031360626
Pedestrian 0.0 0 2.7295360565185547 634.2755126953125 170.82823181152344 698.2341918945312 273.4598388671875 1.0173868 1.8224208 0.59592956 1.0774939 1.652323 12.996504 2.81225323677063 0.1110217496752739
Pedestrian 0.0 0 3.310029983520508 75.01077270507812 161.63111877441406 139.79421997070312 258.99139404296875 0.90451384 1.7557409 0.59657675 -9.322126 1.4171109 13.209775 2.6954894065856934 0.10463976114988327
Cyclist 0.0 0 -1.7355055809020996 861.9598999023438 140.20420837402344 905.251220703125 253.62937927246094 1.6548058 1.7791672 0.4045123 4.6345825 1.148751 11.936938 -1.3651645183563232 0.12862244248390198
