Pedestrian 0.0 0 -0.03249964118003845 684.4746704101562 171.6637420654297 707.1139526367188 219.21910095214844 0.85338134 1.8269068 0.6142974 3.288491 1.7815393 28.058084 0.08417105674743652 0.597477912902832
Pedestrian 0.0 0 -1.853871464729309 1005.4769897460938 155.65127563476562 1030.3233642578125 208.8890380859375 0.7084746 1.9121538 0.6147255 14.834343 1.2946373 26.327898 -1.340763807296753 0.5238800048828125
Car 0.0 0 1.4624378681182861 455.65936279296875 178.99545288085938 502.53472900390625 218.93368530273438 3.305036 1.4625849 1.4795369 -5.306494 1.7231098 28.768158 1.2800309658050537 0.9161728620529175
Car 0.0 0 1.9442181587219238 59.10026931762695 179.3099365234375 178.90347290039062 241.0158233642578 3.9421475 1.710604 1.7715381 -15.223715 1.9317786 22.559566 1.3505901098251343 0.9160645008087158
Car 0.0 0 -1.1290898323059082 0.0 184.83963012695312 118.3322982788086 240.461669921875 4.361501 1.5640508 1.6083447 -18.01096 1.9943411 23.57857 -1.781408667564392 0.8525179624557495
Car 0.0 0 0.8228261470794678 336.0255126953125 182.3069610595703 421.873779296875 213.8238525390625 4.3618193 1.4779731 1.6166426 -11.802005 1.9819909 36.668945 0.5114433765411377 0.8518832921981812
Car 0.0 0 2.406376600265503 0.0 193.41119384765625 110.12181854248047 375.0 4.0039115 1.4434106 1.6094389 -5.935629 1.6527951 5.3290315 1.5671807527542114 0.7518957853317261
Car 0.0 0 -0.5143946409225464 523.9852905273438 175.68820190429688 592.1525268554688 201.32350158691406 4.23483 1.6137688 1.6412405 -3.4398317 1.8087286 47.684273 -0.5864075422286987 0.6396909952163696
Car 0.0 0 -2.505795955657959 0.0 0.0 1242.0 375.0 3.8873951 1.5164309 1.6196378 2.792533 1.6088282 1.7820055 -1.5029865503311157 0.5751552581787109
Car 0.0 0 2.712653398513794 633.385009765625 174.83555603027344 701.2518920898438 196.88162231445312 4.509296 1.5059582 1.6660998 4.0321927 1.6509904 51.121002 2.7913658618927 0.4934956133365631
Car 0.0 0 -1.525970458984375 537.76220703125 182.357421875 570.3349609375 210.64263916015625 3.5381255 1.4033171 1.5910677 -3.004177 1.9383038 38.794434 -1.6032545566558838 0.46709153056144714
