Pedestrian 0.0 0 1.8766677379608154 1053.36865234375 110.63279724121094 1112.5654296875 238.265625 0.55336976 1.7727333 0.5763193 6.774878 0.90888095 10.417234 2.4532909393310547 0.19216479361057281
Pedestrian 0.0 0 2.4011638164520264 1161.135986328125 86.45367431640625 1234.0858154296875 203.8638153076172 0.69136924 1.7810633 0.54969865 9.088431 0.47076395 11.237894 3.0812058448791504 0.10624169558286667
Cyclist 0.0 0 1.5195066928863525 671.3833618164062 165.1099395751953 687.68994140625 210.62892150878906 1.8156368 1.8010054 0.5663142 2.7876334 1.494962 29.464798 1.6138348579406738 0.8802404403686523
Cyclist 0.0 0 0.9187836647033691 766.1705932617188 135.4600830078125 800.6134643554688 183.8871307373047 1.3492069 1.8016859 0.57794785 6.572321 0.4108356 27.575256 1.1527596712112427 0.1999867856502533
Cyclist 0.0 0 -0.5278216004371643 1146.9876708984375 82.5053939819336 1242.0 202.31634521484375 1.0806986 1.8111066 0.50592774 9.053672 0.4457215 11.235384 0.15045666694641113 0.1725311279296875
Car 0.0 0 -1.5801024436950684 586.94580078125 177.74847412109375 612.4575805664062 201.88320922851562 3.8818805 1.5116655 1.6266841 -0.7359055 1.8505764 47.9459 -1.5954499244689941 0.6536696553230286
Car 0.0 0 1.7509546279907227 409.5151062011719 181.48614501953125 464.0673828125 218.97186279296875 3.8204267 1.4171821 1.5542282 -7.1996465 1.8012787 30.12326 1.5163495540618896 0.5816477537155151
Car 0.0 0 1.7332634925842285 444.1067810058594 178.3726348876953 488.46844482421875 209.47244262695312 4.124685 1.4922124 1.6120642 -7.431819 1.7949729 37.446873 1.5373462438583374 0.14099454879760742
Car 0.0 0 1.9088358879089355 324.58905029296875 170.71937561035156 433.8161315917969 233.2904815673828 4.6170087 1.7395078 1.7824259 -7.0376453 1.6805222 22.393454 1.6043370962142944 0.13740558922290802
Car 0.0 0 2.042104721069336 150.42507934570312 197.25656127929688 234.9388427734375 235.6399688720703 3.9230056 1.4882523 1.6991787 -18.73436 2.6563413 32.522366 1.5194852352142334 0.10811274498701096
