Pedestrian 0.0 0 -3.354013442993164 991.0824584960938 156.42723083496094 1120.8099365234375 331.7942810058594 1.095682 1.8246413 0.6695058 4.9519396 1.5651293 7.971131 -2.798126697540283 0.7669341564178467
Pedestrian 0.0 0 -2.473889112472534 298.2204895019531 184.98716735839844 364.73876953125 274.07220458984375 1.0754039 1.740484 0.6741406 -5.5012903 1.8147253 14.552963 -2.835303544998169 0.7503673434257507
Pedestrian 0.0 0 1.5447204113006592 496.1653137207031 180.78433227539062 515.12841796875 230.03759765625 0.92691576 1.7350852 0.64940846 -3.469846 1.710934 25.811964 1.4110937118530273 0.74332594871521
Pedestrian 0.0 0 -3.1214990615844727 758.6055908203125 163.84422302246094 837.5728149414062 293.1158447265625 1.0536174 1.7622772 0.6145209 2.7535398 1.5229105 10.23212 -2.858619213104248 0.7408576607704163
Pedestrian 0.0 0 -1.8595885038375854 603.4198608398438 178.52186584472656 631.0227661132812 233.359130859375 0.93451464 1.7826138 0.6777754 0.49313396 1.686895 23.888887 -1.8389486074447632 0.6873910427093506
Pedestrian 0.0 0 -1.9049757719039917 239.794189453125 171.58563232421875 340.67718505859375 346.2345886230469 0.78612167 1.6517031 0.72327965 -3.2265034 1.5593144 7.3249846 -2.3198840618133545 0.6574730277061462
Pedestrian 0.0 0 -1.780508279800415 578.7852172851562 182.3210906982422 602.99462890625 235.145263671875 0.88100666 1.7115874 0.63009644 -0.38041455 1.7404296 23.787737 -1.7964990139007568 0.6463320851325989
Pedestrian 0.0 0 1.1956185102462769 280.7438049316406 174.20486450195312 330.67681884765625 269.2621765136719 0.63237447 1.7514112 0.69686306 -5.68125 1.6182643 13.702055 0.8025660514831543 0.585554301738739
Pedestrian 0.0 0 3.1984879970550537 333.28070068359375 179.08956909179688 356.6762390136719 242.301513671875 0.5621558 1.6792442 0.6731018 -6.9813437 1.6163759 19.48255 2.8544042110443115 0.5658765435218811
Pedestrian 0.0 0 1.2225592136383057 1036.037109375 153.19163513183594 1093.0987548828125 245.79542541503906 1.1946908 1.9552073 0.6859691 10.139903 1.3587451 15.822228 1.7924854755401611 0.5613916516304016
Pedestrian 0.0 0 -0.8580090403556824 115.6067886352539 156.7305450439453 168.68482971191406 226.65774536132812 1.1624814 1.8900197 0.6459222 -12.822234 1.2217011 20.034271 -1.427332878112793 0.37770700454711914
Pedestrian 0.0 0 1.2964096069335938 635.65185546875 180.98756408691406 654.9271850585938 221.21243286132812 0.69083756 1.6941191 0.6575445 1.8531377 1.6735132 30.658295 1.356781005859375 0.32721731066703796
Pedestrian 0.0 0 -2.311431884765625 293.185302734375 180.34237670898438 332.962646484375 233.7788848876953 1.0405952 1.6754124 0.652808 -9.273882 1.640224 23.038973 -2.694117546081543 0.3085586130619049
Pedestrian 0.0 0 -1.096193552017212 1186.453125 111.30340576171875 1238.0 236.65496826171875 0.5399032 1.7145146 0.56185395 8.736715 0.7557129 10.184577 -0.3871667981147766 0.3062460422515869
Pedestrian 0.0 0 1.4900336265563965 985.005859375 160.96022033691406 1028.3125 258.3375244140625 1.5728463 1.6460935 0.54819775 7.2518954 1.3001662 12.969491 1.9998749494552612 0.2739109992980957
Cyclist 0.0 0 1.4933472871780396 984.7257080078125 161.2807159423828 1027.80322265625 259.44805908203125 1.5963726 1.6588154 0.5481487 7.247871 1.3184365 12.975304 2.0027613639831543 0.5075265169143677
Cyclist 0.0 0 -2.3739736080169678 298.0740661621094 182.5838623046875 365.2830810546875 275.28955078125 1.1312056 1.809937 0.66437304 -5.504438 1.8339446 14.5626545 -2.7353570461273193 0.16390512883663177
Cyclist 0.0 0 -1.5836623907089233 496.3603820800781 180.10365295410156 514.7509155273438 229.6323699951172 0.95556813 1.7436148 0.64043456 -3.472322 1.6955179 25.805178 -1.7174180746078491 0.1320117563009262
Cyclist 0.0 0 1.107785701751709 275.21136474609375 175.66665649414062 331.7829895019531 273.6541442871094 0.7252642 1.7935387 0.7485523 -5.707214 1.6880325 13.66589 0.7121784687042236 0.11656386405229568
Car 0.0 0 2.3944811820983887 0.0 0.0 318.2891540527344 374.0 4.002639 1.5726135 1.6320347 -2.689235 1.4057347 2.5576282 1.5840054750442505 0.5065404176712036
Car 0.0 0 1.722180962562561 433.6216735839844 177.35726928710938 496.0228271484375 223.79568481445312 4.104007 1.5661223 1.6410583 -4.933738 1.4274875 26.301767 1.53675377368927 0.37690967321395874
Car 0.0 0 -1.622215747833252 143.09564208984375 169.02525329589844 339.998779296875 345.5813903808594 3.7776442 1.5352042 1.6362294 -4.281566 1.4281162 8.287199 -2.099092960357666 0.3525775372982025
Car 0.0 0 1.6425997018814087 465.3265380859375 183.68069458007812 500.8432922363281 213.02088928222656 4.226489 1.5073842 1.6244539 -6.4407697 1.6344031 39.40239 1.4805712699890137 0.34146490693092346
