Pedestrian 0.0 0 -2.4254143238067627 1047.571533203125 117.69483947753906 1098.50537109375 197.7771759033203 0.7911627 1.7815913 0.57079345 10.66503 0.38597882 16.182436 -1.8427035808563232 0.4425950348377228
Pedestrian 0.0 0 -2.6635165214538574 533.437255859375 163.52174377441406 552.4644775390625 196.93267822265625 0.8958206 1.7928027 0.5057976 -3.374774 0.8831698 38.338974 -2.751314878463745 0.42258143424987793
Pedestrian 0.0 0 -3.508197784423828 1187.28759765625 157.9215087890625 1224.0 258.3263244628906 0.65249276 1.752709 0.5548705 10.946172 1.3602142 12.708871 -2.7971789836883545 0.32944273948669434
Pedestrian 0.0 0 -2.1162047386169434 893.5603637695312 141.17298889160156 925.77587890625 195.64303588867188 1.0775502 1.8686393 0.5590479 10.659097 0.5210276 24.823399 -1.7106155157089233 0.25008055567741394
Pedestrian 0.0 0 0.19531449675559998 788.96923828125 153.4103240966797 809.7230224609375 188.4270782470703 0.99303824 1.8720139 0.56283253 10.509737 0.42519313 38.26789 0.46334218978881836 0.22474926710128784
Pedestrian 0.0 0 -1.1299920082092285 430.3983154296875 173.9123992919922 456.12518310546875 223.09521484375 0.4313147 1.6774397 0.75414324 -5.609251 1.4542955 24.400879 -1.3559454679489136 0.20716221630573273
Cyclist 0.0 0 -3.0591909885406494 687.0714111328125 162.9076690673828 723.0926513671875 196.3170623779297 1.8355713 1.7346708 0.5720172 5.2544103 0.82266533 37.187904 -2.9188265800476074 0.8180116415023804
Cyclist 0.0 0 -0.450682669878006 553.9879760742188 166.5330810546875 582.0130615234375 194.9919891357422 1.7793586 1.8576272 0.57988155 -2.4469872 0.9472789 46.829796 -0.5028879642486572 0.8061469793319702
Cyclist 0.0 0 2.008507013320923 355.5054931640625 177.7036590576172 386.04559326171875 217.9474334716797 1.7759589 1.7249444 0.58475673 -10.344518 1.606563 31.217016 1.6885205507278442 0.6388834118843079
Cyclist 0.0 0 -0.12810289859771729 625.0444946289062 163.32347106933594 657.73486328125 194.86602783203125 1.8124313 1.7935921 0.5858325 2.0749316 0.8182745 40.561424 -0.07699214667081833 0.581427276134491
Cyclist 0.0 0 -2.1127400398254395 892.0770874023438 142.9024658203125 924.159912109375 196.89279174804688 1.0790262 1.8531808 0.5573229 10.610444 0.56420445 24.836767 -1.7090014219284058 0.13952834904193878
Cyclist 0.0 0 -2.9658658504486084 789.3800048828125 152.64044189453125 809.9219970703125 187.7676239013672 0.9920807 1.8783057 0.5447067 10.524406 0.3900186 38.26112 -2.697436571121216 0.1026560366153717
Car 0.0 0 -1.43919038772583 499.9368896484375 174.79188537597656 545.04638671875 208.02426147460938 3.6534312 1.4387794 1.5913856 -3.7473013 1.1931239 32.446075 -1.5541741847991943 0.9650334119796753
Car 0.0 0 2.4762792587280273 1033.52978515625 128.45314025878906 1224.0 187.8134765625 4.3015485 1.4782434 1.5812122 13.763476 0.18372196 18.445127 3.1173343658447266 0.8969895839691162
Car 0.0 0 -0.4903356730937958 913.0614013671875 150.93826293945312 984.1832275390625 173.992919921875 4.104554 1.5461491 1.6958798 23.713825 -0.45696706 48.862694 -0.038504473865032196 0.541260302066803
Car 0.0 0 2.0330841541290283 368.2559814453125 178.47470092773438 409.87762451171875 199.54095458984375 4.03334 1.691983 1.6979744 -17.92311 1.530547 58.91298 1.7377508878707886 0.22936975955963135
