Pedestrian 0.0 0 2.8153653144836426 725.2069091796875 177.6031036376953 751.0814208984375 224.4496612548828 0.77841085 1.7233039 0.67222047 4.749249 1.9040358 27.010391 2.9894165992736816 0.3230891227722168
Pedestrian 0.0 0 -1.5773963928222656 523.0968017578125 147.5226593017578 540.2058715820312 194.06007385253906 0.6718225 1.9195468 0.7026141 -3.3162136 0.875053 30.133183 -1.687007188796997 0.23183909058570862
Pedestrian 0.0 0 1.5466984510421753 1071.905517578125 139.51988220214844 1094.524658203125 189.064697265625 0.6517973 1.9336342 0.73379934 18.727367 0.633029 28.627758 2.1259982585906982 0.17098747193813324
Pedestrian 0.0 0 2.770237922668457 866.9055786132812 158.4280242919922 895.4829711914062 204.67971801757812 0.8667221 1.7935989 0.66530925 10.5948305 1.2345307 28.316229 3.1282730102539062 0.15869145095348358
Pedestrian 0.0 0 2.0656275749206543 673.1881713867188 165.4628448486328 703.4605712890625 224.85205078125 0.7088441 1.8136178 0.6856536 2.400603 1.5882659 22.517633 2.1718363761901855 0.15806908905506134
Pedestrian 0.0 0 2.882004499435425 699.8374633789062 171.9834442138672 727.4535522460938 234.58843994140625 0.660783 1.7944402 0.6097022 2.9678607 1.7698455 21.02063 3.0222654342651367 0.15603983402252197
Car 0.0 0 1.3487889766693115 368.4502258300781 184.84120178222656 448.1689147949219 235.14190673828125 3.8306043 1.3702955 1.5934304 -6.4637456 1.7820895 22.699606 1.0713796615600586 0.9022371768951416
Car 0.0 0 1.577897310256958 296.6345520019531 183.9310760498047 352.2292785644531 233.37570190429688 3.5141625 1.3780143 1.5222051 -9.080029 1.7590009 22.877195 1.2000635862350464 0.8759332895278931
Car 0.0 0 -2.2151832580566406 33.427555084228516 174.2335205078125 290.2257995605469 293.75390625 4.364225 1.9425622 1.7716831 -8.352713 1.9715756 13.373341 -2.77347993850708 0.8338907957077026
Car 0.0 0 0.4318085312843323 428.3130187988281 154.61795043945312 531.0048828125 189.6654510498047 4.2247024 1.4984448 1.5900881 -5.8300138 0.7191266 32.143707 0.25238561630249023 0.6175323724746704
Car 0.0 0 -0.07439360022544861 877.7453002929688 165.99993896484375 976.1065673828125 201.4868621826172 3.6698878 1.424326 1.5665575 13.177814 1.149585 30.301588 0.33582282066345215 0.18706533312797546
