Pedestrian 0.0 0 -1.6948235034942627 423.9979553222656 157.8397216796875 485.04766845703125 298.13543701171875 0.80596066 1.709674 0.67002636 -1.9484055 1.4226855 9.241303 -1.9026168584823608 0.8072108030319214
Pedestrian 0.0 0 -1.7856221199035645 332.8460693359375 149.20758056640625 440.2376708984375 374.0 0.70255965 1.579717 0.6337441 -1.682285 1.358559 5.41016 -2.0870935916900635 0.7678921222686768
Pedestrian 0.0 0 1.9619983434677124 296.703857421875 164.16964721679688 366.743896484375 290.3747863769531 0.86683315 1.7676615 0.68216354 -3.967989 1.5262464 10.502005 1.6007474660873413 0.7199092507362366
Pedestrian 0.0 0 -1.2528326511383057 208.36474609375 177.67770385742188 305.42181396484375 365.6533508300781 0.7497278 1.6621566 0.6234795 -3.2665405 1.62974 6.7618413 -1.7028565406799316 0.6296612620353699
Pedestrian 0.0 0 0.3935489356517792 253.8070526123047 172.0309295654297 332.4834289550781 317.42962646484375 0.63624924 1.6171801 0.6574447 -3.6014094 1.5132152 8.320423 -0.014943219721317291 0.6158543229103088
Pedestrian 0.0 0 -2.0541820526123047 142.558837890625 171.62863159179688 239.92568969726562 324.497314453125 0.8528802 1.7438757 0.7102899 -5.0231915 1.6326168 8.720155 -2.5768003463745117 0.6090850234031677
Pedestrian 0.0 0 2.165146589279175 649.51416015625 166.07359313964844 673.7398071289062 219.5745391845703 0.4681308 1.7017186 0.62575066 1.9200754 1.2121481 23.224083 2.2476351261138916 0.5962539911270142
Pedestrian 0.0 0 -1.662846565246582 422.9713134765625 163.74461364746094 444.0577392578125 214.15936279296875 0.71024305 1.7404613 0.65764326 -5.926632 1.1285628 25.237442 -1.893502116203308 0.5067029595375061
Pedestrian 0.0 0 0.5539110898971558 215.93521118164062 168.6400909423828 270.11151123046875 270.5358581542969 0.69648904 1.7710433 0.5139208 -6.405358 1.5488033 12.769607 0.08897662162780762 0.36789369583129883
Pedestrian 0.0 0 -0.8187370300292969 902.6656494140625 165.68374633789062 960.56494140625 232.95431518554688 1.285576 1.6193392 0.5841374 8.149592 1.2398058 17.803425 -0.3894534409046173 0.34964054822921753
Pedestrian 0.0 0 -1.6822333335876465 381.02410888671875 161.4395751953125 451.8343505859375 341.6568298339844 0.61467046 1.5275164 0.54780877 -1.7270335 1.3588709 6.4718747 -1.9430088996887207 0.3260689079761505
Pedestrian 0.0 0 -0.11802729964256287 342.99224853515625 164.79872131347656 391.1185607910156 274.517578125 0.6861431 1.7321277 0.5426733 -3.87379 1.4697618 11.728756 -0.4370286166667938 0.28127726912498474
Pedestrian 0.0 0 -1.00131094455719 0.0 176.54266357421875 152.5645751953125 374.0 0.81370175 1.6325842 0.6807028 -3.9415767 1.6003937 5.2955394 -1.6411670446395874 0.27750223875045776
Pedestrian 0.0 0 -0.3877492845058441 528.3416137695312 168.67105102539062 558.9038696289062 214.20413208007812 1.0485542 1.7541523 0.5923298 -2.2868586 1.2609389 28.172167 -0.4687460958957672 0.2638971209526062
Pedestrian 0.0 0 0.06063908338546753 172.23748779296875 167.17002868652344 198.58473205566406 195.77670288085938 1.4959778 1.8904978 0.5483632 -27.80836 0.94417197 48.049156 -0.4640074372291565 0.12618215382099152
Cyclist 0.0 0 1.5430772304534912 483.03448486328125 166.27777099609375 506.0990905761719 223.03912353515625 1.6545502 1.738795 0.6761162 -3.442322 1.2736017 22.876335 1.3937225341796875 0.8580723404884338
Cyclist 0.0 0 2.3070449829101562 897.11962890625 165.64039611816406 963.1754760742188 232.80857849121094 1.5785953 1.6114035 0.58113647 8.119288 1.2321196 17.809818 2.7347848415374756 0.3587849736213684
Cyclist 0.0 0 -0.5431377291679382 530.5822143554688 171.75914001464844 575.6049194335938 217.86917114257812 1.7366171 1.7748778 0.5587821 -1.9196986 1.4009496 28.374508 -0.6106905341148376 0.3147718906402588
Cyclist 0.0 0 3.17840576171875 170.84617614746094 167.23928833007812 199.44619750976562 195.80101013183594 1.6373531 1.885253 0.54288584 -27.816498 0.94463956 48.035656 2.653510570526123 0.2544156610965729
Cyclist 0.0 0 1.9619983434677124 296.703857421875 164.16964721679688 366.743896484375 290.3747863769531 0.86683315 1.7676615 0.68216354 -3.967989 1.5262464 10.502005 1.6007474660873413 0.10263831168413162
Car 0.0 0 1.7581913471221924 345.8420715332031 178.65451049804688 453.25054931640625 259.7279357910156 3.4611742 1.4962648 1.534398 -4.132456 1.4450138 15.04156 1.4900707006454468 0.4008253812789917
