Pedestrian 0.0 0 1.5902881622314453 509.1282043457031 160.38973999023438 530.8417358398438 218.66598510742188 0.87545127 1.7646835 0.65254295 -2.5396805 1.1265563 22.216057 1.4764649868011475 0.7992653250694275
Pedestrian 0.0 0 1.40903639793396 776.2028198242188 138.6586151123047 844.1807250976562 288.7838439941406 0.8882336 1.7304746 0.6544818 2.4756908 1.237996 8.755943 1.684587836265564 0.7916436195373535
Pedestrian 0.0 0 -0.03704547882080078 1024.4122314453125 128.54495239257812 1173.70361328125 340.3781433105469 1.0131267 1.6688033 0.7356877 4.2218175 1.2530215 6.236641 0.5580341815948486 0.7197368741035461
Pedestrian 0.0 0 -1.9501302242279053 618.0673217773438 159.81890869140625 643.3908081054688 216.91102600097656 0.6335282 1.6975988 0.5710886 0.8554232 1.0540514 21.750492 -1.910821557044983 0.6408876180648804
Pedestrian 0.0 0 -2.622422695159912 170.3003692626953 159.26663208007812 222.1332550048828 264.23602294921875 0.54681873 1.6465929 0.50455195 -6.5331492 1.2991291 11.51864 -3.1383607387542725 0.6408498287200928
Pedestrian 0.0 0 0.586647093296051 594.293212890625 161.10533142089844 621.9641723632812 217.0109100341797 0.65392315 1.7309858 0.5943466 0.1857085 1.1006241 22.668299 0.594839334487915 0.6074551343917847
Pedestrian 0.0 0 -2.3312742710113525 0.0 156.754638671875 163.142578125 374.0 0.73422575 1.5925021 0.6748798 -3.8480694 1.4262357 5.2621703 -2.9626803398132324 0.5756545662879944
Pedestrian 0.0 0 1.1788420677185059 216.6339874267578 156.40206909179688 284.2073974609375 278.5845642089844 0.7460424 1.576131 0.57939696 -4.801581 1.2537043 9.727559 0.720322847366333 0.566966712474823
Pedestrian 0.0 0 1.094175934791565 710.9542236328125 168.18919372558594 747.8758544921875 238.84837341308594 0.69047534 1.6728538 0.6345879 3.0650518 1.3589214 17.428038 1.268264651298523 0.4700202941894531
Pedestrian 0.0 0 -0.9163979291915894 651.8330078125 163.3369598388672 703.6840209960938 246.77488708496094 0.5421805 1.5786961 0.857399 1.4535276 1.2362989 14.080215 -0.8135303854942322 0.43241122364997864
Pedestrian 0.0 0 -2.491757392883301 284.3144836425781 168.79539489746094 321.91912841796875 232.06137084960938 0.7197724 1.6512296 0.5815768 -7.967537 1.3208127 19.117943 -2.8866255283355713 0.38936975598335266
Pedestrian 0.0 0 -2.41206693649292 113.28946685791016 160.7052764892578 167.78541564941406 246.33407592773438 0.76482016 1.7574965 0.591402 -9.714617 1.3319322 15.092988 -2.9839658737182617 0.359535276889801
Pedestrian 0.0 0 0.42319419980049133 60.67623519897461 182.545166015625 168.86131286621094 349.6788330078125 0.77373713 1.7118192 0.63627434 -5.2652736 1.7249892 7.739796 -0.1741778552532196 0.3210870027542114
Pedestrian 0.0 0 1.655726432800293 349.5114440917969 163.6240692138672 377.0249938964844 229.17344665527344 0.85909015 1.7046764 0.6286477 -6.3790674 1.2409673 19.169598 1.3344829082489014 0.3146402835845947
Pedestrian 0.0 0 0.5994611978530884 1106.01904296875 127.69747924804688 1238.0 262.3211669921875 1.6844953 1.6722405 0.4820791 7.831693 1.0052652 9.796165 1.2738759517669678 0.1586657613515854
Pedestrian 0.0 0 -0.7982556819915771 72.79187774658203 134.0028076171875 146.15237426757812 208.94842529296875 1.669075 1.7678744 0.47088087 -12.189436 0.6486759 17.80456 -1.398587703704834 0.12171579897403717
Cyclist 0.0 0 0.5964099168777466 1104.1947021484375 127.46344757080078 1238.0 263.760009765625 1.736121 1.6872406 0.49000135 7.8306913 1.0196505 9.791485 1.2709953784942627 0.5256482362747192
Cyclist 0.0 0 -0.8104444742202759 75.58055877685547 137.08001708984375 147.8594207763672 211.23941040039062 1.6814026 1.7567223 0.45501974 -12.185092 0.70568156 17.880041 -1.4086401462554932 0.46834155917167664
Cyclist 0.0 0 -2.0104496479034424 133.13746643066406 154.40736389160156 210.87098693847656 252.12510681152344 1.8005618 1.7337462 0.5296422 -8.105152 1.254331 13.4628315 -2.5523672103881836 0.3328612446784973
Cyclist 0.0 0 -3.5184528827667236 877.3303833007812 157.49658203125 975.4743041992188 229.43893432617188 1.9650824 1.6650662 0.80636406 7.6578984 1.1107275 17.069685 -3.0967423915863037 0.32533010840415955
Cyclist 0.0 0 1.7945148944854736 734.4986572265625 169.52894592285156 787.3343505859375 271.0930480957031 1.7267019 1.8348404 0.63376516 3.0687287 1.6198423 13.890704 2.011942148208618 0.2730163037776947
Cyclist 0.0 0 1.1893726587295532 711.9112548828125 168.79493713378906 747.7582397460938 239.51568603515625 0.7099448 1.6756681 0.63605726 3.0746713 1.3758328 17.430437 1.3639731407165527 0.10479668527841568
Car 0.0 0 -1.3727697134017944 438.69427490234375 169.82115173339844 510.9775695800781 218.90420532226562 3.8973708 1.4912817 1.618225 -4.1217203 1.1375641 23.791864 -1.5443079471588135 0.46907705068588257
