Pedestrian 0.0 0 -1.5807512998580933 423.8935546875 161.32957458496094 472.8090515136719 286.6212158203125 0.83025503 1.6153401 0.62168336 -2.1248267 1.3566222 9.732615 -1.7956987619400024 0.8809987306594849
Pedestrian 0.0 0 -2.7657787799835205 507.6943054199219 155.36087036132812 618.828125 323.91357421875 1.0888019 1.7676662 0.60783434 -0.46368358 1.4948982 7.9896235 -2.823749542236328 0.823040246963501
Pedestrian 0.0 0 -2.3800296783447266 730.13671875 157.91763305664062 860.7448120117188 374.0 0.8845936 1.6573923 0.58051443 1.5342294 1.4809908 5.9421425 -2.1273534297943115 0.8226554989814758
Pedestrian 0.0 0 -1.461288571357727 504.69805908203125 155.86363220214844 548.6876831054688 259.88128662109375 0.79397833 1.655591 0.64070207 -1.2614616 1.2488467 11.828754 -1.567530632019043 0.7477369904518127
Pedestrian 0.0 0 -3.0554184913635254 626.3130493164062 157.68215942382812 699.8098754882812 281.5492858886719 1.0153747 1.7292067 0.6034021 0.8593881 1.3980244 10.408062 -2.9730358123779297 0.6627209186553955
Pedestrian 0.0 0 -2.169546604156494 678.6338500976562 154.3013458251953 776.5678100585938 318.9917297363281 0.95375884 1.5926368 0.56180614 1.2465292 1.330984 7.4948235 -2.0047364234924316 0.6586211919784546
Pedestrian 0.0 0 0.9156222343444824 69.53324890136719 149.1008758544922 133.32626342773438 255.92568969726562 0.6489668 1.753521 0.6217041 -8.515047 1.222981 12.182877 0.30561089515686035 0.5105547308921814
Pedestrian 0.0 0 -1.3597513437271118 544.6710205078125 158.4670867919922 588.6868286132812 253.5642852783203 0.57837623 1.7124687 0.70891404 -0.67584157 1.2989718 13.274868 -1.410618782043457 0.4802064895629883
Pedestrian 0.0 0 -0.05259467661380768 651.9819946289062 147.45755004882812 678.3091430664062 207.18788146972656 0.78140515 1.8232825 0.5556612 1.9378494 0.7852454 22.215847 0.03441333770751953 0.4265452027320862
Pedestrian 0.0 0 0.7180899381637573 554.00146484375 169.71954345703125 623.0692138671875 299.0077209472656 0.7240216 1.5952116 0.52917224 -0.2145792 1.4511981 9.2955475 0.6950099468231201 0.38736066222190857
Pedestrian 0.0 0 -2.0178959369659424 313.4710693359375 163.71044921875 364.3619689941406 257.70587158203125 1.0000883 1.7924759 0.5696833 -5.252274 1.4544894 14.248582 -2.3710591793060303 0.33477795124053955
Pedestrian 0.0 0 -1.695023536682129 598.24951171875 162.1533203125 618.9317626953125 208.3271026611328 0.6668114 1.7570504 0.7192967 0.25240636 1.0218765 27.704695 -1.6859132051467896 0.3195752501487732
Pedestrian 0.0 0 1.2651455402374268 27.072307586669922 153.579345703125 92.80281829833984 272.4716796875 0.6562628 1.7579628 0.6403636 -8.387015 1.3464321 11.069794 0.616767168045044 0.2936669588088989
Pedestrian 0.0 0 1.7509113550186157 682.7815551757812 160.09567260742188 701.0538330078125 203.8863983154297 0.65231824 1.718835 0.6157792 3.5870323 0.8797019 28.59639 1.8756961822509766 0.2633385956287384
Pedestrian 0.0 0 -2.614485740661621 579.04052734375 161.36074829101562 595.7184448242188 191.32374572753906 0.8707757 1.8833462 0.6098234 -0.8855179 0.61820185 45.62697 -2.6338911056518555 0.25246042013168335
Pedestrian 0.0 0 1.752111554145813 371.3620300292969 152.05653381347656 391.3908386230469 190.9815673828125 0.87358814 1.8359303 0.7725424 -10.52892 0.4481199 34.356823 1.4547406435012817 0.24826745688915253
Pedestrian 0.0 0 -0.046837836503982544 736.4773559570312 139.30039978027344 779.2922973632812 191.1552734375 1.4042271 1.7456073 0.5803198 5.318285 0.32610744 24.581264 0.16623330116271973 0.1862020343542099
Cyclist 0.0 0 -0.046837836503982544 736.4773559570312 139.30039978027344 779.2922973632812 191.1552734375 1.4042271 1.7456073 0.5803198 5.318285 0.32610744 24.581264 0.16623330116271973 0.35174962878227234
Cyclist 0.0 0 -2.105046272277832 307.0302429199219 163.4966278076172 363.0226135253906 256.01202392578125 1.1758267 1.7688446 0.5159662 -5.3504233 1.4258859 14.301413 -2.4630439281463623 0.14740343391895294
Cyclist 0.0 0 -2.9850046634674072 611.7835693359375 153.73753356933594 685.2068481445312 279.40704345703125 0.9784515 1.750099 0.6290966 0.64810723 1.3647926 10.41428 -2.9228522777557373 0.1048491820693016
Car 0.0 0 1.682204246520996 441.3353271484375 172.44540405273438 522.5969848632812 239.5221405029297 4.1263657 1.5465593 1.6224186 -3.0176558 1.3389995 18.660112 1.5218753814697266 0.8662631511688232
