Pedestrian 0.0 0 -0.9306239485740662 137.39727783203125 174.35386657714844 209.12710571289062 303.10833740234375 0.58561206 1.7507548 0.63978064 -6.178182 1.7728583 10.137135 -1.4779706001281738 0.47784340381622314
Pedestrian 0.0 0 0.11268134415149689 520.9384765625 172.82803344726562 530.3477783203125 195.92669677734375 0.6520277 1.7655745 0.6331646 -6.50899 1.7639482 55.466816 -0.004133652895689011 0.3023839592933655
Car 0.0 0 -1.854622721672058 720.5718383789062 170.6146697998047 887.8837890625 273.0253601074219 4.1993055 1.4883084 1.6359644 3.1053677 1.4561226 12.615672 -1.613269329071045 0.9732604622840881
Car 0.0 0 2.0026962757110596 120.2651138305664 179.13864135742188 396.76385498046875 350.24896240234375 4.0966563 1.7439448 1.6457217 -4.3192983 1.8454568 9.556386 1.5781967639923096 0.9601863026618958
Car 0.0 0 -2.0056443214416504 794.0758056640625 172.7425537109375 1209.2777099609375 375.0 3.895075 1.4805676 1.6248835 2.9510782 1.4802136 6.5634055 -1.583101511001587 0.9597578644752502
Car 0.0 0 -1.6650993824005127 496.92987060546875 179.43955993652344 528.8970336914062 206.17958068847656 3.5622094 1.5424851 1.6181042 -6.0527062 1.9663732 44.482265 -1.800338864326477 0.8743442893028259
Car 0.0 0 2.3554739952087402 0.0 183.14805603027344 171.8580780029297 375.0 4.042354 1.5828612 1.637566 -4.421161 1.6692052 3.9606988 1.515195369720459 0.78218013048172
Car 0.0 0 1.4009889364242554 627.8236694335938 170.92840576171875 665.5553588867188 200.81837463378906 3.7929733 1.6619408 1.5713166 2.0596724 1.5552326 42.093594 1.4498807191848755 0.4807809293270111
Car 0.0 0 -1.7989134788513184 605.2921752929688 171.28802490234375 638.3948974609375 195.02938842773438 3.3609135 1.5456228 1.510887 0.7365536 1.4440318 48.773365 -1.7838131189346313 0.46474209427833557
Car 0.0 0 -1.6820257902145386 468.08905029296875 179.50894165039062 498.4871826171875 204.18209838867188 3.8023992 1.5787858 1.6285622 -8.726571 2.053084 49.3287 -1.8571207523345947 0.3107942044734955
Car 0.0 0 -1.703898549079895 579.54150390625 174.33656311035156 605.203857421875 195.16636657714844 3.8347232 1.6913806 1.6659044 -1.5418278 1.8210342 60.89908 -1.7292108535766602 0.29972559213638306
