Pedestrian 0.0 0 -1.5861672163009644 485.3795471191406 165.9131317138672 507.4843444824219 230.99038696289062 0.76661944 1.7313523 0.58078676 -2.8921363 1.3178357 19.53359 -1.7331589460372925 0.7758844494819641
Pedestrian 0.0 0 -1.681839942932129 674.26318359375 173.1145477294922 701.8735961914062 237.66738891601562 0.93801755 1.7880795 0.6745129 2.41738 1.5569584 20.366272 -1.5636974573135376 0.593657374382019
Pedestrian 0.0 0 0.6708559989929199 839.2440185546875 184.85281372070312 905.185302734375 305.9166564941406 0.60925376 1.7362446 0.721864 4.0138507 1.7899188 10.7714615 1.0275537967681885 0.43182098865509033
Pedestrian 0.0 0 -2.529325008392334 554.4421997070312 171.85133361816406 576.9841918945312 207.75936889648438 0.9394456 1.7882651 0.6417978 -1.8115357 1.308631 36.29331 -2.579197406768799 0.4195329248905182
Pedestrian 0.0 0 -3.1497039794921875 706.2484741210938 170.29208374023438 721.5449829101562 202.5132293701172 0.78109175 1.663087 0.55496824 5.847966 1.0854533 37.40577 -2.9946208000183105 0.33884745836257935
Pedestrian 0.0 0 -0.4597107768058777 724.252197265625 166.96261596679688 803.0759887695312 302.0273132324219 0.87271374 1.7740291 0.6066632 2.1651816 1.5844146 9.831871 -0.2429499626159668 0.3193438649177551
Pedestrian 0.0 0 1.1359386444091797 787.0634155273438 154.33108520507812 813.332763671875 205.68466186523438 0.735297 1.7721654 0.6365288 6.945276 0.8356589 25.20165 1.4048515558242798 0.31586307287216187
Pedestrian 0.0 0 -0.1803874969482422 783.3453369140625 162.44406127929688 893.5791625976562 360.0801086425781 0.8494283 1.7077508 0.657523 2.0942092 1.5444747 6.58455 0.12754464149475098 0.3074435889720917
Pedestrian 0.0 0 0.8011617064476013 372.3768615722656 162.43756103515625 398.4234313964844 207.16383361816406 0.7590974 1.7041805 0.6098477 -8.384909 0.97887933 27.818832 0.5084106922149658 0.30036115646362305
Pedestrian 0.0 0 2.1444740295410156 335.3330993652344 181.57594299316406 368.7502746582031 241.68701171875 0.7885373 1.5948751 0.5125395 -6.7951503 1.5981345 19.500917 1.809178113937378 0.27355656027793884
Pedestrian 0.0 0 0.3156520426273346 103.02241516113281 175.28778076171875 117.0673599243164 201.55374145507812 0.64788085 1.7822646 0.5715109 -33.577484 1.3613993 49.104755 -0.28411367535591125 0.2671751379966736
Pedestrian 0.0 0 2.3815395832061768 109.54045867919922 172.4462432861328 128.78773498535156 204.48724365234375 0.8326316 1.8734524 0.4963042 -28.500908 1.3448507 42.45914 1.7903672456741333 0.2607642710208893
Pedestrian 0.0 0 -1.6896690130233765 699.7594604492188 175.43988037109375 713.7853393554688 206.95050048828125 0.7469589 1.6867095 0.6651174 5.6876197 1.3631575 38.83082 -1.5442314147949219 0.258558988571167
Cyclist 0.0 0 1.9903812408447266 635.8230590820312 170.32676696777344 661.3313598632812 206.24815368652344 1.9167142 1.8792758 0.6436788 2.5405827 1.2955844 38.575886 2.056145668029785 0.7131306529045105
Cyclist 0.0 0 2.044462203979492 1076.3590087890625 160.49644470214844 1214.7752685546875 310.17657470703125 1.6860003 1.6819209 0.6466121 6.573673 1.4472612 8.727934 2.689993143081665 0.27978116273880005
Cyclist 0.0 0 -1.638609528541565 739.4520874023438 166.6124725341797 790.1713256835938 305.15740966796875 0.9332657 1.7987666 0.6083192 2.1730847 1.6068087 9.830511 -1.4210530519485474 0.1585652232170105
Car 0.0 0 2.354048728942871 672.8909912109375 172.6885986328125 777.7200927734375 214.12075805664062 4.2430224 1.5756704 1.7099504 5.06387 1.2415972 29.239414 2.525534152984619 0.5438552498817444
Car 0.0 0 1.6948009729385376 592.0513916015625 174.21372985839844 616.9248657226562 192.93194580078125 4.088857 1.532882 1.6190974 0.3213698 0.93668073 60.95538 1.7000731229782104 0.458956778049469
Car 0.0 0 -1.897966980934143 720.8461303710938 154.1064910888672 837.9216918945312 225.04917907714844 3.6057444 1.5201142 1.626262 4.1018095 0.9343716 17.260548 -1.6646538972854614 0.31682896614074707
Car 0.0 0 -1.3668200969696045 380.9898986816406 178.33108520507812 471.65374755859375 237.52146911621094 3.9128606 1.4753001 1.6705235 -4.753381 1.3975012 19.882778 -1.6014857292175293 0.25409531593322754
