Pedestrian 0.0 0 -3.4347572326660156 1096.553466796875 199.31629943847656 1133.7901611328125 254.58682250976562 0.8063682 1.7286879 0.76576114 16.41259 2.6097689 23.522373 -2.825547218322754 0.4379311501979828
Pedestrian 0.0 0 -1.3789329528808594 154.4641876220703 153.77650451660156 175.60569763183594 193.2525634765625 0.7432032 2.0191314 0.80657005 -23.091301 1.0437087 37.392822 -1.9321446418762207 0.30622389912605286
Pedestrian 0.0 0 -1.6805059909820557 780.6358642578125 154.9713134765625 797.0025634765625 191.7987823486328 0.91612154 1.9204916 0.7422169 9.407512 0.9882966 38.127224 -1.4385979175567627 0.21486270427703857
Pedestrian 0.0 0 -0.7804552316665649 902.2679443359375 174.2738800048828 934.4671630859375 230.95989990234375 0.63578904 1.6139797 0.5795932 8.903058 1.6563253 20.947214 -0.3785646855831146 0.13230754435062408
Pedestrian 0.0 0 -1.0959781408309937 808.7725219726562 149.0959014892578 829.7313232421875 191.97848510742188 0.64252585 1.868217 0.6706418 9.210427 0.83353287 31.895447 -0.8148562908172607 0.11863765120506287
Cyclist 0.0 0 -3.003103017807007 1086.693603515625 197.40870666503906 1126.80078125 251.95787048339844 0.9870778 1.6943767 0.7379526 16.174416 2.5171804 23.559464 -2.40147066116333 0.20363126695156097
Cyclist 0.0 0 -2.0364527702331543 887.63671875 161.52915954589844 919.581298828125 209.79722595214844 1.421059 1.6678687 0.46030635 10.38178 1.2769048 25.656326 -1.6519460678100586 0.10575943440198898
Car 0.0 0 -2.1316158771514893 750.9185180664062 188.62625122070312 946.541259765625 289.96856689453125 3.4828908 1.4078114 1.5626451 3.880384 1.7224388 12.490578 -1.8304038047790527 0.9777161478996277
Car 0.0 0 2.206697940826416 78.49896240234375 185.34808349609375 211.64781188964844 235.56231689453125 4.4618087 1.5975622 1.782231 -16.841578 2.0942867 26.376568 1.6384457349777222 0.825545072555542
Car 0.0 0 -2.1694865226745605 10.113916397094727 209.85256958007812 92.64836120605469 241.3939971923828 3.5534637 1.4819384 1.8015584 -29.901794 3.5335252 38.59583 -2.8286349773406982 0.1649259626865387
Car 0.0 0 1.6498899459838867 806.6557006835938 190.69834899902344 891.4274291992188 267.1791076660156 3.8894522 1.4410939 1.5500424 5.558835 1.9053615 16.662504 1.9718925952911377 0.15634603798389435
