Pedestrian 0.0 0 -1.5570815801620483 819.8263549804688 142.66546630859375 834.3279418945312 183.1171417236328 0.54952335 1.9307946 0.6605979 10.699806 0.12636392 34.107307 -1.2530946731567383 0.43199577927589417
Pedestrian 0.0 0 -1.2244106531143188 0.0 180.47523498535156 18.259639739990234 236.96890258789062 0.54671705 1.8215433 0.5628916 -19.704733 1.8222916 23.147425 -1.9296422004699707 0.30838727951049805
Pedestrian 0.0 0 -1.6593210697174072 885.2991943359375 127.7712631225586 935.545654296875 264.3194580078125 0.9876496 1.7592344 0.53847116 4.10618 1.0815727 9.657158 -1.2572848796844482 0.16351890563964844
Pedestrian 0.0 0 0.2792884111404419 466.26837158203125 171.27166748046875 477.47412109375 194.51571655273438 0.7196395 1.8119973 0.6264973 -10.429331 1.0938449 55.458694 0.09340357780456543 0.14596344530582428
Cyclist 0.0 0 1.7415944337844849 414.99835205078125 174.0242462158203 431.2969970703125 203.52610778808594 1.7910392 1.7315286 0.65423703 -10.904443 1.3528255 42.412315 1.4899394512176514 0.6072268486022949
Cyclist 0.0 0 3.1385293006896973 594.9674682617188 165.21116638183594 617.5949096679688 188.43028259277344 1.766781 1.8129408 0.55479217 0.111017026 0.62043774 55.479538 3.1405303478240967 0.3849366009235382
Car 0.0 0 -1.5357260704040527 541.1262817382812 169.240234375 565.3294677734375 190.8043975830078 3.9849222 1.4809141 1.5901371 -3.6635644 0.7089593 50.572144 -1.6080421209335327 0.7259246110916138
Car 0.0 0 -0.37078267335891724 829.1134033203125 148.78001403808594 918.8292846679688 179.62950134277344 3.9956858 1.5468245 1.6036032 13.752833 -0.0443089 36.313023 -0.008745826780796051 0.722985565662384
Car 0.0 0 1.0881049633026123 117.8307876586914 195.62098693847656 187.9623565673828 224.57765197753906 3.915241 1.5217206 1.7892857 -26.06001 2.4314845 40.723705 0.5188467502593994 0.18806689977645874
Car 0.0 0 2.819544792175293 770.3338623046875 157.7367401123047 835.0014038085938 180.27093505859375 3.9062536 1.4960111 1.6055402 13.34908 -0.014492437 47.853195 3.091588020324707 0.17246651649475098
Car 0.0 0 2.184705972671509 116.9095687866211 175.51434326171875 198.60653686523438 208.08059692382812 3.570394 1.4533527 1.4711579 -21.027344 1.2323202 33.36969 1.6224240064620972 0.16056247055530548
Car 0.0 0 1.6385473012924194 401.0289611816406 173.75180053710938 433.38824462890625 202.25843811035156 4.214093 1.6906613 1.6734885 -11.681202 1.2918105 44.155956 1.3799275159835815 0.14615929126739502
