Pedestrian 0.0 0 -0.08816885948181152 1003.4253540039062 130.42074584960938 1106.1673583984375 288.04620361328125 1.0187384 1.8451055 0.68918073 5.5195107 1.260579 8.809842 0.47152018547058105 0.9006887674331665
Pedestrian 0.0 0 0.05539582669734955 619.345703125 134.85302734375 722.5880126953125 302.2635498046875 1.1037834 1.7769378 0.6691774 0.6990446 1.2941194 7.9099174 0.14354252815246582 0.7982562184333801
Pedestrian 0.0 0 -1.4469112157821655 172.14427185058594 175.10049438476562 221.16212463378906 280.17999267578125 0.8200534 1.6761535 0.61286956 -6.8287444 1.5916792 11.770579 -1.9726099967956543 0.7047706842422485
Pedestrian 0.0 0 0.06140527129173279 603.7623291015625 149.32272338867188 679.451904296875 295.9244079589844 0.89833564 1.7330879 0.6220074 0.4160909 1.3662002 8.711652 0.1091315746307373 0.5285112857818604
Pedestrian 0.0 0 3.491999387741089 118.85356140136719 114.6562271118164 210.2513885498047 250.35360717773438 0.94166917 1.8166932 0.57350206 -6.1553774 0.9368597 9.838927 2.9329581260681152 0.3269399106502533
Pedestrian 0.0 0 -0.8847401142120361 116.59163665771484 152.17811584472656 142.29295349121094 193.14642333984375 0.82333755 1.9886891 0.6821791 -23.390156 0.6153238 34.758484 -1.4770689010620117 0.28149139881134033
Cyclist 0.0 0 -0.32019543647766113 817.65380859375 153.85963439941406 941.9344482421875 261.2409973144531 1.7718934 1.6904858 0.6321475 4.3873997 1.2727475 11.481416 0.04481196403503418 0.8144612312316895
Cyclist 0.0 0 -1.9787834882736206 977.4496459960938 143.71847534179688 1022.0236206054688 209.24583435058594 1.638916 1.6519257 0.4049283 10.35505 0.7262677 18.654953 -1.4720460176467896 0.5492379069328308
Car 0.0 0 -0.8118231296539307 0.0 204.34983825683594 295.143798828125 370.0 3.9330654 1.4425949 1.5972774 -3.1913974 1.6243423 3.3657215 -1.570642113685608 0.8468964099884033
Car 0.0 0 1.8383092880249023 445.5529479980469 172.0106964111328 488.367431640625 199.00062561035156 3.8679261 1.6004251 1.6472056 -8.520942 1.0984024 43.9118 1.6466444730758667 0.7534797787666321
Car 0.0 0 -0.5545410513877869 969.1464233398438 156.4090576171875 1096.5169677734375 195.89988708496094 4.1400313 1.5476855 1.6802342 17.194862 0.60503805 28.571514 -0.012785552069544792 0.749383270740509
Car 0.0 0 1.832729697227478 88.41775512695312 180.2587890625 132.6741180419922 203.1748504638672 4.0228434 1.5015585 1.4972247 -33.829887 1.4870808 48.47003 1.2233777046203613 0.38390448689460754
