Pedestrian 0.0 0 -1.090264916419983 858.745849609375 141.946533203125 907.6856689453125 237.93482971191406 0.7157602 1.6420615 0.54291743 4.790112 1.1136886 12.781611 -0.731699526309967 0.6912006735801697
Pedestrian 0.0 0 1.9379031658172607 0.0 112.46050262451172 114.46390533447266 361.822021484375 1.0689539 1.78778 0.5884968 -4.5521736 1.355151 5.7679563 1.2697714567184448 0.13488371670246124
Pedestrian 0.0 0 1.1462444067001343 841.18359375 144.35189819335938 866.5578002929688 188.3619842529297 1.135029 1.8426205 0.6112552 10.3611555 0.64964867 30.801897 1.4707348346710205 0.12411227822303772
Cyclist 0.0 0 1.9169343709945679 0.0 110.75056457519531 132.0928497314453 375.0 1.4046382 1.8353522 0.568314 -4.3886676 1.4100424 5.698333 1.260650873184204 0.19786740839481354
Cyclist 0.0 0 1.9639737606048584 336.5932312011719 175.4942626953125 377.7867431640625 235.9635467529297 1.7069076 1.6982449 0.5315453 -7.4532437 1.7793739 21.203724 1.6259576082229614 0.18074257671833038
Cyclist 0.0 0 -0.20735186338424683 836.2545776367188 143.12899780273438 868.1898803710938 186.27978515625 1.1936721 1.8248647 0.61706436 10.320302 0.56814003 30.886436 0.11512184143066406 0.1631472110748291
Cyclist 0.0 0 -1.404333233833313 701.5885620117188 169.20611572265625 714.689453125 198.7081756591797 1.626934 1.7630068 0.5306401 5.9543805 1.545372 43.971024 -1.2697359323501587 0.14442680776119232
Cyclist 0.0 0 1.2194092273712158 725.09326171875 147.61849975585938 766.5316162109375 215.3675994873047 1.7225803 1.8334796 0.590336 3.7742743 1.1508948 20.422693 1.4021551609039307 0.12745143473148346
Car 0.0 0 1.8743741512298584 425.74853515625 182.7445831298828 523.2911376953125 239.3196258544922 4.2732177 1.4757854 1.687477 -4.0076103 1.8057542 21.819645 1.692728877067566 0.9528488516807556
Car 0.0 0 -1.582576870918274 703.0280151367188 177.9280242919922 761.3450927734375 225.80836486816406 3.493373 1.4074738 1.7321265 3.8946018 1.5858887 23.459259 -1.4180617332458496 0.9323133826255798
Car 0.0 0 -1.1746290922164917 651.5731201171875 173.92697143554688 684.8097534179688 193.2040252685547 3.434111 1.5954275 1.64216 4.990977 1.6905606 61.828037 -1.0940802097320557 0.727146565914154
Car 0.0 0 -1.4825413227081299 710.176513671875 176.82168579101562 753.8801879882812 212.29244995117188 3.6445725 1.5207502 1.6782128 5.6480594 1.7153714 33.3493 -1.314772605895996 0.1571035087108612
