Pedestrian 0.0 0 -1.811126708984375 699.7084350585938 164.0745849609375 720.7115478515625 204.69085693359375 0.88694566 1.737771 0.7117076 4.3072867 1.3625008 31.346254 -1.6745719909667969 0.6227476596832275
Cyclist 0.0 0 1.6493865251541138 502.1260986328125 175.40399169921875 528.2716064453125 238.17547607421875 1.8249359 1.7378405 0.6159993 -2.7865984 1.8156184 20.976154 1.517313838005066 0.8101890087127686
Cyclist 0.0 0 1.725305438041687 470.4422912597656 173.4927520751953 502.3353576660156 239.1208953857422 1.797037 1.7754016 0.6247276 -3.5291855 1.794655 20.437748 1.554311990737915 0.8055468201637268
Cyclist 0.0 0 1.844763159751892 525.1666259765625 172.73089599609375 547.7884521484375 209.35826110839844 1.7463564 1.7212195 0.63959914 -3.574205 1.715792 34.81925 1.7424712181091309 0.7303943037986755
Car 0.0 0 2.0295748710632324 93.01593780517578 186.41793823242188 359.23809814453125 336.5679016113281 3.887232 1.5838767 1.6093531 -4.967535 1.8071859 9.908854 1.5648696422576904 0.9679750204086304
Car 0.0 0 -1.9658775329589844 770.4229736328125 175.07131958007812 1146.328125 375.0 3.4572878 1.4911689 1.5651233 2.526078 1.5161521 6.272546 -1.583028793334961 0.9653075933456421
Car 0.0 0 -1.4357472658157349 639.6692504882812 176.66632080078125 674.52734375 202.83770751953125 4.22816 1.5919162 1.7026154 3.0684223 1.8512993 46.78019 -1.370248794555664 0.7689949870109558
Car 0.0 0 1.6679657697677612 425.32647705078125 182.20338439941406 484.96173095703125 231.4436492919922 4.710867 1.5438181 1.6436331 -5.5189624 1.9123167 25.975857 1.4586137533187866 0.7247491478919983
Car 0.0 0 1.841789960861206 501.96746826171875 180.03607177734375 547.0046997070312 208.1177215576172 4.262958 1.6032826 1.6832389 -5.253616 2.0695689 44.570965 1.724460482597351 0.4442986845970154
Car 0.0 0 -0.2257336974143982 696.6901245117188 173.0442657470703 761.3580322265625 197.84317016601562 3.5662186 1.4593139 1.6044416 7.093034 1.4713542 43.384872 -0.06367649137973785 0.3373824954032898
