Pedestrian 0.0 0 -0.5672156810760498 275.6002197265625 170.23373413085938 342.6876220703125 292.2810363769531 0.66640806 1.7525997 0.68217814 -4.5649467 1.7153305 10.826559 -0.9662398099899292 0.5910685658454895
Car 0.0 0 -1.1972029209136963 131.1504669189453 195.0980224609375 466.8721923828125 375.0 4.063762 1.4613402 1.6151183 -2.7486496 1.750953 7.336079 -1.5556890964508057 0.9700208306312561
Car 0.0 0 -1.6987402439117432 662.864013671875 178.5325164794922 734.6111450195312 236.23568725585938 3.7059867 1.4807777 1.5622103 2.4124732 1.6590558 20.742235 -1.5829532146453857 0.9616909623146057
Car 0.0 0 -1.741225004196167 639.8736572265625 178.3067169189453 688.5711669921875 214.9617462158203 3.8072624 1.5662274 1.6122977 2.4085917 1.8338407 33.388542 -1.669211506843567 0.9118896722793579
Car 0.0 0 -2.072054862976074 777.62109375 183.87051391601562 1242.0 375.0 3.9091942 1.5021935 1.5636845 2.466735 1.6114279 5.1346803 -1.6242042779922485 0.9066528677940369
Car 0.0 0 -1.5557044744491577 530.2078857421875 179.6655731201172 566.8482666015625 214.91798400878906 4.3300886 1.5479445 1.6496178 -2.9672499 1.8973572 34.754593 -1.6408751010894775 0.9054471850395203
Car 0.0 0 -1.3520210981369019 325.0243225097656 187.977783203125 473.98797607421875 296.3279113769531 3.7603352 1.4510567 1.5893447 -3.389823 1.7456951 12.1167145 -1.6248111724853516 0.871303915977478
Car 0.0 0 -0.8116622567176819 0.0 183.58624267578125 299.9603576660156 375.0 3.6104238 1.5504 1.5945266 -2.7296686 1.6179103 2.6795657 -1.6063226461410522 0.6713080406188965
Car 0.0 0 -1.691017746925354 624.986572265625 175.2273712158203 656.3902587890625 201.5762481689453 4.1301475 1.7421247 1.6923784 2.063209 1.9146464 50.212036 -1.6499508619308472 0.4564996659755707
Car 0.0 0 -1.5714362859725952 547.0269165039062 181.5118408203125 571.861328125 206.81903076171875 4.0933714 1.5848581 1.602779 -3.446761 2.1950018 48.71783 -1.6420680284500122 0.4356994926929474
