Pedestrian 0.0 0 2.341949939727783 72.86181640625 128.24826049804688 126.93150329589844 221.1952667236328 0.6824195 1.7230545 0.51100194 -9.762631 0.8965097 13.749452 1.724518895149231 0.52171790599823
Pedestrian 0.0 0 -1.00551176071167 0.0 184.2903289794922 30.760135650634766 259.6219787597656 0.8019909 1.6178027 0.59181327 -13.537091 1.8797265 16.06272 -1.7057902812957764 0.3437429964542389
Car 0.0 0 -2.563249111175537 35.42913818359375 186.46661376953125 311.5878601074219 289.5799560546875 3.4696465 1.4923253 1.6088088 -6.8967543 1.7269726 11.543025 -3.1018152236938477 0.9605558514595032
Car 0.0 0 -1.646695852279663 649.5801391601562 183.11138916015625 699.5792846679688 225.5188751220703 4.298755 1.5818241 1.7390835 2.579177 2.0409713 30.112354 -1.5612525939941406 0.9146983623504639
Car 0.0 0 0.4797213077545166 144.66468811035156 177.3820343017578 396.9713439941406 271.62322998046875 4.18516 1.7184664 1.6868976 -6.587648 1.8137094 14.180697 0.04483342170715332 0.9018161296844482
Car 0.0 0 0.26344138383865356 331.4150695800781 184.48382568359375 485.5137634277344 235.6719970703125 4.2474504 1.4740763 1.60543 -6.095063 1.8417038 21.965317 -0.0072343610227108 0.7960124015808105
Car 0.0 0 -2.717559337615967 233.31849670410156 181.716796875 436.1659851074219 256.7117004394531 4.048368 1.6013035 1.5994264 -6.2680235 1.8162669 16.545303 -3.0796923637390137 0.7188047170639038
Car 0.0 0 0.15363872051239014 420.7478942871094 184.8975372314453 523.5884399414062 220.8654327392578 4.1776586 1.485417 1.6679257 -5.957193 2.0234945 31.307178 -0.03439539670944214 0.6425281763076782
Car 0.0 0 0.4116690158843994 0.0 0.0 1242.0 375.0 4.132441 1.5352602 1.6603203 3.0682895 1.7062085 1.8296455 1.4447649717330933 0.5737858414649963
Car 0.0 0 3.294271230697632 372.6476135253906 179.15145874023438 471.6966552734375 216.70425415039062 3.6543264 1.4402777 1.5310084 -7.510019 1.7014529 28.934364 3.0403213500976562 0.45480406284332275
