Pedestrian 0.0 0 -1.513935923576355 537.0899658203125 172.91737365722656 552.7444458007812 213.16873168945312 0.7944126 1.7706916 0.6519592 -2.935761 1.7739087 32.147713 -1.6050043106079102 0.24364319443702698
Pedestrian 0.0 0 -2.7436370849609375 660.4999389648438 171.6056671142578 675.7188110351562 207.13795471191406 0.5235532 1.81337 0.7795359 2.9684525 1.7500196 37.286987 -2.664193630218506 0.14732538163661957
Pedestrian 0.0 0 2.04541015625 240.09852600097656 174.29598999023438 270.80352783203125 211.3016815185547 1.9746532 1.763487 0.5097326 -17.438377 1.8366807 35.450676 1.588259220123291 0.10889878869056702
Cyclist 0.0 0 2.020599842071533 240.23483276367188 174.381103515625 271.20050048828125 211.68528747558594 2.0707169 1.7770888 0.52059627 -17.4441 1.8547649 35.491806 1.563778042793274 0.654183566570282
Cyclist 0.0 0 -1.8899085521697998 800.7601318359375 175.24627685546875 819.7544555664062 213.48684692382812 1.5430019 1.6368874 0.33566386 8.764756 1.7451347 31.759026 -1.6206344366073608 0.18929216265678406
Car 0.0 0 -1.5618935823440552 548.5556640625 181.68370056152344 713.6041870117188 331.909423828125 3.9424949 1.489136 1.6953636 0.2224022 1.6287898 9.382291 -1.5381935834884644 0.9287933707237244
Car 0.0 0 1.5816044807434082 585.5762939453125 170.11669921875 641.3403930664062 220.5005645751953 3.7888026 1.4409106 1.5956979 0.078337535 1.3629855 22.537867 1.5850802659988403 0.29961103200912476
Car 0.0 0 1.7372208833694458 461.2025146484375 175.3661346435547 485.1226501464844 192.46998596191406 3.8692868 1.4906214 1.511957 -12.391571 1.7254869 65.40295 1.5499752759933472 0.2949433922767639
Car 0.0 0 1.2445098161697388 756.199951171875 174.07814025878906 798.3062133789062 198.40017700195312 4.13918 1.6358008 1.645035 11.708657 1.7261207 50.88193 1.470686674118042 0.19984929263591766
Car 0.0 0 -1.7870203256607056 564.6476440429688 177.94464111328125 589.9588012695312 195.63377380371094 3.771559 1.548051 1.5469217 -3.0535543 2.0306528 66.32765 -1.8330252170562744 0.15567484498023987
