Pedestrian 0.0 0 -3.1256980895996094 603.8859252929688 161.9545135498047 657.4527587890625 277.2802734375 0.7964708 1.7128342 0.66503435 0.26685536 1.5513114 11.061816 -3.101578712463379 0.8234293460845947
Pedestrian 0.0 0 -2.182030200958252 0.0 17.042997360229492 184.5404052734375 375.0 0.68547654 1.7261174 0.6121133 -2.7531621 1.0190442 3.6706855 -2.825557231903076 0.207784503698349
Pedestrian 0.0 0 -0.13574421405792236 641.5503540039062 173.97853088378906 664.7791748046875 219.7130889892578 0.7755311 1.6873633 0.73063797 1.5685874 1.7304696 27.031906 -0.07778194546699524 0.179520383477211
Pedestrian 0.0 0 -2.1313462257385254 476.4734191894531 176.76473999023438 494.8810729980469 214.4530792236328 0.5548171 1.6691896 0.6148846 -5.6318936 1.8476789 32.45097 -2.30318546295166 0.15064309537410736
Car 0.0 0 -1.6344373226165771 648.00146484375 169.97389221191406 772.1398315429688 286.0181884765625 3.7172873 1.4861106 1.5875193 1.3326976 1.4495846 11.1373415 -1.5153433084487915 0.8283339142799377
Car 0.0 0 -1.5541503429412842 630.870849609375 167.6754608154297 669.3903198242188 205.18557739257812 2.572268 1.4059354 1.4443997 1.5540406 1.212194 28.37591 -1.499438762664795 0.47336024045944214
Car 0.0 0 -1.7440330982208252 690.3518676757812 171.5934600830078 748.8196411132812 212.8462677001953 3.6421993 1.4719871 1.5904096 4.0740504 1.4273665 27.584854 -1.59740149974823 0.3163582384586334
Car 0.0 0 -1.598022222518921 620.85107421875 160.13587951660156 648.8233642578125 188.77317810058594 3.8817508 1.7277073 1.6486632 1.4956285 0.9607725 45.473618 -1.5651440620422363 0.2750193476676941
Car 0.0 0 -1.3337819576263428 254.59054565429688 171.10467529296875 319.267578125 212.31007385253906 3.3886428 1.4260356 1.4329789 -11.948148 1.3658532 26.764576 -1.7536518573760986 0.22791069746017456
Car 0.0 0 -2.7063992023468018 230.70208740234375 168.7544708251953 382.6775817871094 226.3402862548828 3.436854 1.4796364 1.5310676 -8.11703 1.3746593 19.367594 -3.1032650470733643 0.21311695873737335
Car 0.0 0 1.9741811752319336 245.1300811767578 174.76156616210938 389.0250244140625 252.27261352539062 4.1391344 1.5358889 1.5207856 -6.539309 1.5853603 16.485859 1.5965559482574463 0.1620207577943802
