Pedestrian 0.0 0 -1.8635562658309937 136.17263793945312 153.21104431152344 156.20046997070312 191.04006958007812 0.6448234 1.8976393 0.6996476 -23.60878 0.9126363 36.66754 -2.435603380203247 0.17239415645599365
Pedestrian 0.0 0 2.424503803253174 907.5770874023438 182.22755432128906 940.5537109375 241.00662231445312 0.6229102 1.5690141 0.5431594 8.534796 1.8302295 19.72363 2.8328945636749268 0.11868701130151749
Car 0.0 0 1.8805135488510132 356.6687927246094 184.83091735839844 411.5923767089844 215.2862548828125 4.4696937 1.5456731 1.66649 -12.66684 2.2575393 40.62038 1.5782350301742554 0.8809989094734192
Car 0.0 0 1.7409844398498535 871.496826171875 176.34071350097656 905.1512451171875 198.52191162109375 4.356322 1.5775844 1.6515551 20.965002 1.8515767 54.32938 2.1092655658721924 0.45026901364326477
Car 0.0 0 1.831688404083252 385.7115173339844 174.75633239746094 416.47406005859375 194.19140625 4.2490816 1.7078805 1.6629717 -19.073187 1.8878042 65.9636 1.550217866897583 0.24887515604496002
Car 0.0 0 -1.9467772245407104 745.9243774414062 168.18624877929688 792.8392333984375 194.92076110839844 3.3503551 1.4795845 1.5170635 9.128623 1.2216123 41.704628 -1.7312883138656616 0.24208927154541016
Car 0.0 0 -3.2501473426818848 739.2229614257812 176.92352294921875 800.0895385742188 202.35874938964844 3.631953 1.5744123 1.5891649 10.096965 1.83956 45.960064 -3.033892869949341 0.16046883165836334
Car 0.0 0 3.5888729095458984 0.0 213.5393829345703 115.84223937988281 266.4955139160156 3.5525074 1.5022771 1.6670789 -18.523808 2.8963232 23.512653 2.9216012954711914 0.1324981451034546
Car 0.0 0 1.186914086341858 654.3826293945312 178.18948364257812 735.595703125 220.97731018066406 4.103224 1.4581534 1.6174532 3.076947 1.6768216 27.326736 1.2990401983261108 0.12903493642807007
Car 0.0 0 -0.5244354009628296 1085.466796875 144.56094360351562 1187.81103515625 176.97891235351562 3.8464725 1.5855718 1.6598791 26.396038 0.2021082 36.31319 0.10411667823791504 0.12345042079687119
Car 0.0 0 1.3322911262512207 729.6937866210938 176.4490966796875 768.345947265625 201.8327178955078 4.126318 1.6374277 1.6538337 9.403585 1.8936054 49.238773 1.5209981203079224 0.12203487753868103
