Pedestrian 0.0 0 0.8287220597267151 490.5806579589844 160.93576049804688 507.8448181152344 193.6139678955078 0.8327385 1.8414301 0.5560264 -6.3514385 1.1701906 41.133503 0.6755216121673584 0.1967083215713501
Pedestrian 0.0 0 3.071760416030884 514.9886474609375 171.1437225341797 526.2354736328125 193.91317749023438 0.871304 1.8325753 0.48355925 -7.2594466 1.6952833 58.390472 2.9480693340301514 0.18378660082817078
Pedestrian 0.0 0 -0.39412373304367065 1012.3009033203125 134.0060577392578 1066.6663818359375 234.96958923339844 0.6703524 1.7712995 0.57485664 7.667564 1.090111 12.987035 0.13920807838439941 0.1571570336818695
Cyclist 0.0 0 -2.0553321838378906 1031.158935546875 0.0 1242.0 375.0 1.8505213 1.8020959 0.5360961 2.4712093 1.0615258 3.1936395 -1.396777868270874 0.18572796881198883
Car 0.0 0 -1.6233607530593872 674.5018920898438 173.22561645507812 715.7313232421875 209.1846923828125 3.8282967 1.5195309 1.6317075 3.7368717 1.5376331 32.488953 -1.508844256401062 0.9465740919113159
Car 0.0 0 1.7042131423950195 531.8147583007812 180.12908935546875 573.0613403320312 210.99588012695312 4.060729 1.5173033 1.6700213 -3.052518 1.926928 38.51529 1.6251237392425537 0.9399729371070862
Car 0.0 0 1.3344690799713135 709.77197265625 167.58314514160156 820.0942993164062 242.4105224609375 4.012152 1.5526068 1.6054369 3.4509168 1.4435984 17.002296 1.5347164869308472 0.9212741851806641
Car 0.0 0 -1.3839207887649536 579.6088256835938 178.11741638183594 615.9452514648438 203.56976318359375 4.0614295 1.627019 1.7524128 -0.815993 2.0016875 49.15992 -1.4005180597305298 0.8574004769325256
Car 0.0 0 -2.3444957733154297 1034.47509765625 0.0 1242.0 375.0 3.6644351 1.6019592 1.5699209 2.98527 1.1666679 2.3383584 -1.4381732940673828 0.5887058973312378
Car 0.0 0 0.9876536130905151 1133.9136962890625 122.84584045410156 1242.0 313.89813232421875 3.860549 1.5159761 1.5343412 7.4656496 1.1195256 7.7601843 1.7537097930908203 0.2268996238708496
