Pedestrian 0.0 0 0.233460932970047 446.3256530761719 162.31260681152344 476.3867492675781 222.29869079589844 0.7824671 1.8090024 0.6103251 -4.5161467 1.1194444 21.991903 0.03092169761657715 0.13486304879188538
Pedestrian 0.0 0 3.2071311473846436 530.0125122070312 165.09323120117188 555.670654296875 196.4344024658203 1.4419304 1.7939299 0.5274851 -3.7635164 0.6432762 41.42438 3.1165273189544678 0.12992896139621735
Cyclist 0.0 0 -1.6220858097076416 658.6102294921875 182.1211395263672 674.01611328125 229.43800354003906 1.6344677 1.6007496 0.44946396 1.9990091 1.4971904 25.138643 -1.5427334308624268 0.3290847837924957
Cyclist 0.0 0 -2.9518370628356934 530.5955810546875 165.16610717773438 561.3466796875 196.6786346435547 1.6965302 1.8012834 0.5337025 -3.5856848 0.65636253 41.43969 -3.038149833679199 0.16320158541202545
Car 0.0 0 -1.5623250007629395 581.9446411132812 175.7725830078125 619.732666015625 210.56436157226562 3.787718 1.5515809 1.6852547 -0.34657508 1.1315854 33.949787 -1.572533130645752 0.8681262135505676
Car 0.0 0 -0.87010657787323 0.0 195.99940490722656 137.32794189453125 371.8678894042969 4.1837974 1.4663222 1.6302435 -7.6536827 1.6249555 8.372802 -1.6106641292572021 0.7353260517120361
Car 0.0 0 -1.0020760297775269 0.0 185.71200561523438 185.93260192871094 257.470703125 4.0120893 1.38216 1.6053847 -11.289195 1.3956907 15.912983 -1.6191048622131348 0.699897050857544
Car 0.0 0 1.7289113998413086 491.9593811035156 187.26156616210938 541.3029174804688 224.3317413330078 3.5458975 1.463362 1.5292732 -3.8263288 1.5560484 30.368807 1.6035765409469604 0.522159993648529
Car 0.0 0 -1.2663867473602295 629.7175903320312 171.673828125 671.1818237304688 196.2281951904297 3.8738554 1.5131941 1.5839187 2.7757711 0.67979026 46.38862 -1.206620693206787 0.41702723503112793
Car 0.0 0 1.429875373840332 654.2288818359375 175.24961853027344 715.5764770507812 218.25485229492188 4.164692 1.4656436 1.6683143 2.729476 1.1271248 26.608316 1.5320976972579956 0.1661471277475357
Car 0.0 0 -1.36871337890625 276.1785583496094 184.64962768554688 390.29705810546875 258.1573486328125 4.136144 1.4839659 1.6568766 -6.2457867 1.4736692 16.680178 -1.7269961833953857 0.13720840215682983
Car 0.0 0 -1.3078690767288208 431.6107177734375 178.42674255371094 483.05487060546875 208.7010955810547 3.8880365 1.4342606 1.567736 -7.505792 1.1137619 36.03824 -1.5132066011428833 0.1351882517337799
Car 0.0 0 -1.0930094718933105 668.2653198242188 167.187744140625 717.998046875 193.15708923339844 3.576228 1.5387338 1.5936459 5.298183 0.4716738 44.516857 -0.9745514392852783 0.13286079466342926
