Pedestrian 0.0 0 -1.0010464191436768 8.406968116760254 152.76620483398438 38.02985382080078 197.67926025390625 0.6805064 1.917124 0.73928237 -25.160366 0.73477834 30.557344 -1.6898828744888306 0.6118220686912537
Pedestrian 0.0 0 -0.0798979103565216 280.2543640136719 172.2179412841797 316.4093017578125 233.09193420410156 0.93839663 1.7627431 0.58572376 -9.12238 1.5244861 20.948605 -0.4905988574028015 0.5985795259475708
Pedestrian 0.0 0 1.9831451177597046 544.7213745117188 164.11639404296875 574.9678344726562 221.6524658203125 0.8499117 1.761208 0.662067 -1.4404879 1.2612553 22.150423 1.9182045459747314 0.5834194421768188
Pedestrian 0.0 0 1.8321051597595215 400.9880065917969 160.59523010253906 436.87908935546875 233.18167114257812 1.0434954 1.9672185 0.7235329 -5.2019744 1.4293455 19.680077 1.5736885070800781 0.48297232389450073
Pedestrian 0.0 0 -0.6766127943992615 216.8286895751953 177.6941680908203 256.14599609375 230.74755859375 0.93129486 1.7437749 0.71650827 -12.431281 1.6530948 23.80481 -1.1578757762908936 0.41479039192199707
Pedestrian 0.0 0 -2.1019394397735596 1084.361572265625 144.84742736816406 1120.5677490234375 189.00552368164062 1.605129 1.7767506 0.47544202 20.548988 0.34372377 29.263113 -1.489728569984436 0.13806886970996857
Cyclist 0.0 0 -0.242265522480011 970.5696411132812 135.7474365234375 1057.716796875 207.73377990722656 1.8419464 1.7984804 0.6449103 10.476714 0.6819936 18.223684 0.27949023246765137 0.8153248429298401
Cyclist 0.0 0 -0.5478343963623047 730.2691040039062 160.0079803466797 773.55029296875 199.53338623046875 1.9585748 1.8096627 0.58536005 6.8360453 0.8728978 32.972454 -0.3434046804904938 0.663130521774292
Cyclist 0.0 0 -0.5426730513572693 896.55224609375 144.87301635742188 958.978271484375 198.59344482421875 1.8126113 1.7483499 0.63884133 10.657719 0.59040236 23.428131 -0.11574248969554901 0.6380772590637207
Cyclist 0.0 0 -0.4549061059951782 286.2907409667969 173.18431091308594 358.8853454589844 241.31654357910156 1.783082 1.771066 0.5279409 -7.6866326 1.582486 19.212702 -0.835482120513916 0.5321076512336731
Cyclist 0.0 0 -1.4747250080108643 840.5979614257812 155.7598876953125 856.1376342773438 196.74061584472656 1.8366325 1.7001331 0.4572632 10.403678 0.6752464 30.258291 -1.1435582637786865 0.33234500885009766
Cyclist 0.0 0 -2.1019394397735596 1084.361572265625 144.84742736816406 1120.5677490234375 189.00552368164062 1.605129 1.7767506 0.47544202 20.548988 0.34372377 29.263113 -1.489728569984436 0.3054819107055664
Cyclist 0.0 0 1.6989129781723022 407.7241516113281 158.48118591308594 438.04669189453125 229.13197326660156 1.0448762 1.9116123 0.69251114 -5.0949903 1.3174261 19.687363 1.445673942565918 0.1639689952135086
Cyclist 0.0 0 -0.651990532875061 217.1591339111328 177.78610229492188 255.43338012695312 230.6078643798828 0.90018606 1.737288 0.7053156 -12.439567 1.6495714 23.806698 -1.1334943771362305 0.1276201605796814
Cyclist 0.0 0 1.9659310579299927 544.2107543945312 163.93911743164062 574.5858154296875 222.18699645996094 0.91328114 1.7743173 0.64611316 -1.4484568 1.2714068 22.069426 1.9003932476043701 0.10161954164505005
Car 0.0 0 -1.3434221744537354 385.4244384765625 180.25881958007812 501.559814453125 257.22052001953125 3.7586005 1.4383233 1.593387 -3.3365967 1.4354525 15.095989 -1.5609502792358398 0.9701296091079712
Car 0.0 0 -0.5619466304779053 997.87109375 153.2239227294922 1103.672607421875 187.83523559570312 3.609751 1.4653858 1.5636872 19.288641 0.31204206 30.714315 -0.001191742718219757 0.6998584270477295
Car 0.0 0 -3.7989494800567627 1100.3133544921875 145.31117248535156 1224.0 182.4554901123047 4.3474813 1.5834024 1.6978949 24.482462 0.08483717 31.008154 -3.1306135654449463 0.6274856925010681
Car 0.0 0 -0.037307173013687134 570.9996337890625 177.0486297607422 643.5311889648438 204.68711853027344 4.101793 1.5590012 1.6095377 0.09499917 1.3657082 40.753475 -0.034976109862327576 0.3309313654899597
Car 0.0 0 -1.5648384094238281 478.36834716796875 173.87551879882812 499.60296630859375 192.93544006347656 3.9710157 1.4436451 1.59116 -9.10541 0.94315046 55.63382 -1.7270668745040894 0.31801605224609375
