Pedestrian 0.0 0 -1.5938189029693604 759.6502685546875 168.93191528320312 777.1300048828125 217.20782470703125 0.84005225 1.765348 0.61431193 5.8461876 1.6222835 26.853144 -1.379454255104065 0.5828697085380554
Pedestrian 0.0 0 -3.039184331893921 906.0701904296875 158.81259155273438 948.8303833007812 226.8218231201172 0.98344004 1.7520875 0.56125563 8.34416 1.3907038 19.072231 -2.6267712116241455 0.3374013602733612
Pedestrian 0.0 0 1.106328010559082 683.400634765625 168.92738342285156 702.3699951171875 203.7574005126953 1.1036376 1.8419874 0.578404 4.4126735 1.6346859 38.77344 1.2196470499038696 0.2987169921398163
Pedestrian 0.0 0 0.13630937039852142 732.0586547851562 167.3532257080078 747.0687255859375 192.7095489501953 1.0729042 1.9069288 0.40948203 9.782372 1.493599 54.620876 0.3135263919830322 0.28969642519950867
Pedestrian 0.0 0 -2.587463140487671 746.0374755859375 166.9283447265625 763.8844604492188 196.0186767578125 0.8811841 1.705581 0.54844785 8.564879 1.3585151 42.802574 -2.38996958732605 0.17825201153755188
Pedestrian 0.0 0 -1.4073797464370728 63.290771484375 155.4421844482422 83.05145263671875 194.89453125 0.7225055 1.8405963 0.6417986 -25.425999 1.0286293 34.12787 -2.04768705368042 0.12979476153850555
Cyclist 0.0 0 -2.5243310928344727 890.0097045898438 155.44749450683594 957.3439331054688 223.76870727539062 1.6296922 1.7346543 0.5322194 8.252734 1.2930666 19.1513 -2.1174542903900146 0.23251661658287048
Cyclist 0.0 0 1.1122472286224365 683.6124267578125 169.11187744140625 701.9056396484375 203.60372924804688 1.0500792 1.8253595 0.5694832 4.4062443 1.6276786 38.772522 1.225405216217041 0.20274430513381958
Cyclist 0.0 0 -1.8582309484481812 675.0523681640625 176.4261016845703 687.3510131835938 200.14865112304688 1.6392227 1.7297449 0.46366444 5.2671504 2.000232 53.71281 -1.7604820728302002 0.16491298377513885
Cyclist 0.0 0 -1.377516508102417 102.17445373535156 186.2666778564453 122.6095962524414 222.11386108398438 1.4824251 1.6907315 0.55272174 -24.449102 2.3640525 35.409554 -1.9818153381347656 0.12790817022323608
Car 0.0 0 -2.1351640224456787 1068.9393310546875 155.27337646484375 1128.4267578125 184.52792358398438 4.100597 2.1464505 1.842482 37.15005 0.85689163 55.014233 -1.5412214994430542 0.2896437644958496
Car 0.0 0 0.24985823035240173 746.7684936523438 167.05230712890625 819.470947265625 194.3461151123047 3.8816216 1.551734 1.7026713 10.198631 1.2222484 42.676052 0.4844365119934082 0.2166268527507782
Car 0.0 0 2.1947336196899414 95.40937805175781 183.9296112060547 177.7733612060547 213.6966094970703 4.052191 1.471607 1.6994581 -25.686323 2.1063733 39.26474 1.615423321723938 0.21476677060127258
