Pedestrian 0.0 0 1.6140559911727905 484.1919860839844 174.22088623046875 498.81640625 214.0710906982422 0.89778674 1.7432166 0.60484594 -5.303471 1.8052572 32.075447 1.4501948356628418 0.6905688047409058
Cyclist 0.0 0 -1.520599603652954 503.8414306640625 174.12069702148438 517.6759643554688 212.1982421875 1.797355 1.7462771 0.56037533 -4.7164497 1.8080641 34.06864 -1.6581648588180542 0.758920431137085
Car 0.0 0 -1.7929726839065552 641.5841674804688 172.4020538330078 705.2899780273438 218.91636657714844 3.2071338 1.4946089 1.5041971 2.076987 1.4804449 24.874115 -1.7096660137176514 0.9451227188110352
Car 0.0 0 -1.7484452724456787 568.0216674804688 175.40692138671875 605.4107055664062 202.20042419433594 3.6855938 1.5425899 1.6399996 -1.4916222 1.7052271 43.88864 -1.7824187278747559 0.9181301593780518
Car 0.0 0 -1.3266756534576416 0.0 196.86605834960938 94.98959350585938 261.902587890625 3.5596309 1.3972392 1.5484086 -14.879299 2.0903332 18.872528 -1.9943097829818726 0.917930006980896
Car 0.0 0 -1.551113247871399 430.22833251953125 182.05633544921875 473.9311828613281 222.61477661132812 3.5150466 1.391372 1.524088 -6.0177727 1.7660118 27.471725 -1.7667603492736816 0.9164215922355652
Car 0.0 0 -1.824959635734558 730.1674194335938 154.09304809570312 918.03564453125 281.1826171875 4.0856085 1.5422386 1.6233311 2.8860266 1.3149313 10.801529 -1.5638716220855713 0.9138093590736389
Car 0.0 0 -1.8094226121902466 608.6079711914062 173.43067932128906 659.45654296875 208.48377990722656 3.2984812 1.4537853 1.4888194 0.9656234 1.4809321 31.747822 -1.7790166139602661 0.9046096205711365
Car 0.0 0 1.330432415008545 693.1959838867188 176.34678649902344 806.4241943359375 252.6544189453125 3.7346365 1.4626324 1.5681809 2.891444 1.5492907 15.91376 1.5101662874221802 0.8846405744552612
Car 0.0 0 -1.4840689897537231 432.9627685546875 179.11373901367188 475.7306213378906 214.0639190673828 3.5667822 1.5196778 1.6632303 -7.3005047 1.8305434 33.915016 -1.6960924863815308 0.6590152382850647
Car 0.0 0 -1.6141301393508911 549.9805908203125 175.83526611328125 572.5414428710938 196.2685089111328 3.3680568 1.4615216 1.5313469 -3.691389 1.6917739 53.878586 -1.6825363636016846 0.6444573998451233
