Pedestrian 0.0 0 2.7535223960876465 455.79840087890625 187.20791625976562 482.65283203125 233.1930694580078 0.7771589 1.6537762 0.6803225 -5.2652826 2.196337 26.754704 2.5592072010040283 0.3416610062122345
Pedestrian 0.0 0 1.4441821575164795 236.6306610107422 185.12765502929688 280.55999755859375 284.19879150390625 0.63540906 1.6814742 0.6228355 -6.2844434 1.9068425 12.788376 0.9874234199523926 0.3111855983734131
Pedestrian 0.0 0 2.1680803298950195 182.11160278320312 203.936279296875 249.8632354736328 326.61865234375 0.6181115 1.7254419 0.64267474 -5.859913 2.1994467 10.65442 1.6652384996414185 0.23857800662517548
Pedestrian 0.0 0 0.995140016078949 1049.939453125 167.7010498046875 1233.4603271484375 375.0 1.5354346 1.6938814 0.5490172 4.568486 1.6540251 6.4072127 1.6145524978637695 0.15108174085617065
Cyclist 0.0 0 0.9419687390327454 1045.7198486328125 157.57559204101562 1242.0 374.34503173828125 1.6096717 1.6797112 0.55366266 4.575955 1.5616792 6.3952923 1.5630345344543457 0.32502034306526184
Car 0.0 0 1.7181001901626587 503.6568603515625 180.35572814941406 570.0499267578125 227.61248779296875 4.362273 1.4820958 1.7118043 -2.5364852 1.771217 25.551344 1.6191542148590088 0.9543219208717346
Car 0.0 0 -1.9492995738983154 812.9945678710938 194.8727569580078 1238.9002685546875 375.0 3.3994946 1.4017693 1.5857189 2.7239397 1.629982 5.7153764 -1.5045478343963623 0.9500411748886108
Car 0.0 0 -1.8446154594421387 716.449951171875 169.16400146484375 910.7743530273438 306.7625732421875 4.1733675 1.6985705 1.688575 2.777506 1.6533775 11.012729 -1.5975590944290161 0.9461771845817566
Car 0.0 0 -1.724510908126831 672.5517578125 168.41346740722656 744.0587768554688 225.0393524169922 4.4384465 1.823652 1.81687 3.3180764 1.6810018 25.475124 -1.5949922800064087 0.718916118144989
Car 0.0 0 -1.7151521444320679 657.4215087890625 177.9206085205078 705.1329956054688 216.9000701904297 3.9905248 1.6516948 1.6091737 3.1690142 1.8989931 33.131893 -1.6197937726974487 0.6477093696594238
Car 0.0 0 -1.6800092458724976 649.24951171875 178.2842559814453 686.5303344726562 208.36866760253906 3.9268742 1.5104122 1.5758492 3.0372663 1.81871 38.927185 -1.6021426916122437 0.5835046172142029
