Pedestrian 0.0 0 1.7654396295547485 847.6839599609375 155.13710021972656 869.0962524414062 205.87191772460938 0.64137805 1.6533023 0.5589662 8.194871 1.0763173 23.927647 2.0954043865203857 0.38094574213027954
Pedestrian 0.0 0 1.3295632600784302 669.7318725585938 168.40333557128906 686.2023315429688 203.16490173339844 0.91529846 1.8995545 0.70818865 3.7216153 1.6567047 39.930813 1.4224964380264282 0.3659818172454834
Cyclist 0.0 0 -2.0760295391082764 714.8242797851562 167.7538299560547 736.5438232421875 199.57598876953125 1.7340598 1.8065354 0.45993924 6.665235 1.5173581 41.8523 -1.9180997610092163 0.3604937195777893
Car 0.0 0 -2.0431065559387207 790.0045776367188 180.43603515625 1170.5084228515625 375.0 3.9808834 1.4389402 1.628162 3.1888049 1.5375901 7.3146286 -1.6319986581802368 0.9722250699996948
Car 0.0 0 1.9908552169799805 180.1942138671875 185.91726684570312 366.6946105957031 291.80908203125 3.2422235 1.4378736 1.5597094 -5.3577504 1.6817278 11.821189 1.5653162002563477 0.9713597893714905
Car 0.0 0 -1.8331800699234009 741.8795776367188 183.31922912597656 889.0182495117188 283.7997131347656 3.5967758 1.4784329 1.5757574 3.4069414 1.6904247 12.78862 -1.5728228092193604 0.9683582782745361
Car 0.0 0 1.8910099267959595 303.7318420410156 184.33477783203125 434.09881591796875 258.4737243652344 3.9657393 1.42653 1.6397094 -5.3792057 1.7208083 16.482649 1.5755523443222046 0.9464771151542664
Car 0.0 0 0.7987276315689087 470.93829345703125 178.0142059326172 535.2174682617188 203.823974609375 4.201638 1.5866957 1.6959295 -7.0347614 1.9376988 47.08028 0.6504044532775879 0.4489707052707672
Car 0.0 0 -2.7086410522460938 0.0 0.0 1242.0 375.0 3.8735905 1.5426118 1.5949234 3.3782325 1.4409488 1.7409765 -1.6136977672576904 0.41781601309776306
Car 0.0 0 1.5868040323257446 591.1261596679688 173.79188537597656 611.0709838867188 192.23423767089844 3.7690167 1.4783531 1.598142 -0.73644596 1.5590485 59.91573 1.57451331615448 0.3295297920703888
Car 0.0 0 2.383847713470459 988.9491577148438 159.96499633789062 1066.3297119140625 184.93040466308594 4.2224517 1.4903811 1.5220586 25.597538 0.7212936 44.300938 2.9077913761138916 0.3228833079338074
Car 0.0 0 2.8153629302978516 693.0811157226562 172.9022216796875 742.3343505859375 190.56887817382812 3.9051073 1.5038122 1.6380576 9.303987 1.5084288 62.574802 2.9629673957824707 0.2615736126899719
