Pedestrian 0.0 0 0.08770474046468735 657.2447509765625 171.56114196777344 686.4652099609375 224.92030334472656 0.8815157 1.6901014 0.70277303 2.2516408 1.3764 23.176275 0.1845536231994629 0.7031987309455872
Pedestrian 0.0 0 1.9240412712097168 334.3055725097656 163.39353942871094 398.0947265625 288.10064697265625 0.7105136 1.7509978 0.6804135 -3.4522805 1.4980851 10.450115 1.6049708127975464 0.6927309632301331
Pedestrian 0.0 0 1.4679675102233887 626.723876953125 165.4276123046875 644.7692260742188 212.33148193359375 0.8568649 1.8140082 0.6217543 1.3244394 1.1934259 28.224157 1.5148588418960571 0.6884334087371826
Pedestrian 0.0 0 1.634536862373352 583.97265625 173.83551025390625 601.2329711914062 216.25877380371094 0.82809514 1.7076406 0.65511864 -0.3730805 1.4001238 29.342346 1.6218228340148926 0.5413985848426819
Pedestrian 0.0 0 -2.1119349002838135 1010.3135986328125 152.2679443359375 1148.6575927734375 348.7283935546875 0.816 1.6717203 0.72699004 4.257211 1.4243647 6.530846 -1.5342518091201782 0.5350109338760376
Pedestrian 0.0 0 -1.2708964347839355 507.2478332519531 169.58489990234375 537.1323852539062 224.6869354248047 0.760292 1.5225732 0.64441705 -2.261277 1.1944888 20.280216 -1.38193941116333 0.5138920545578003
Pedestrian 0.0 0 2.0825130939483643 567.328125 164.686279296875 594.3870849609375 214.4442138671875 0.72597617 1.7797071 0.7237175 -0.76876915 1.179379 26.17972 2.0531563758850098 0.40517082810401917
Pedestrian 0.0 0 -0.9872678518295288 143.93927001953125 105.06764221191406 292.7291259765625 338.28424072265625 0.7227483 1.7007234 0.7580143 -3.0218914 1.1447439 5.6301103 -1.4798717498779297 0.3736026883125305
Pedestrian 0.0 0 -1.4046857357025146 619.5137939453125 164.1470489501953 634.3878173828125 198.25633239746094 0.7131883 1.8155253 0.69228864 1.3724072 0.8927251 38.650703 -1.3691927194595337 0.36742910742759705
Pedestrian 0.0 0 1.3006999492645264 652.7064819335938 164.70343017578125 669.9067993164062 199.93817138671875 0.953959 1.8719332 0.6926214 3.216996 0.9804151 38.69379 1.3836489915847778 0.36028867959976196
Pedestrian 0.0 0 -2.637695789337158 447.31036376953125 178.28834533691406 487.3602294921875 235.29530334472656 0.9305873 1.6037414 0.6594654 -3.883185 1.5145361 20.664598 -2.823444366455078 0.3042043447494507
Pedestrian 0.0 0 1.0898786783218384 678.63525390625 166.95669555664062 700.7807006835938 199.2139129638672 1.7220055 1.7703673 0.49018845 4.942149 0.9730097 40.31389 1.2118617296218872 0.10506656765937805
Cyclist 0.0 0 1.657209873199463 711.2564697265625 162.19627380371094 734.5656127929688 222.3226776123047 1.8097563 1.6710273 0.51819617 3.518999 1.1356906 20.902212 1.8240010738372803 0.307501882314682
Cyclist 0.0 0 1.0898786783218384 678.63525390625 166.95669555664062 700.7807006835938 199.2139129638672 1.7220055 1.7703673 0.49018845 4.942149 0.9730097 40.31389 1.2118617296218872 0.23548167943954468
Cyclist 0.0 0 1.832584261894226 567.71484375 164.6981964111328 594.3348999023438 215.5252685546875 1.1379544 1.8075854 0.70102656 -0.7567714 1.2111113 26.178362 1.8036839962005615 0.19239211082458496
Cyclist 0.0 0 -1.3470396995544434 507.9922180175781 172.806396484375 536.197265625 229.2506561279297 0.78401303 1.5559762 0.63296586 -2.2574582 1.3174763 20.22452 -1.4581995010375977 0.140607088804245
Car 0.0 0 -1.7826194763183594 752.443603515625 123.65648651123047 942.865966796875 270.6681213378906 3.8952618 1.6359552 1.6247368 3.1179163 0.9936224 10.00402 -1.4804942607879639 0.33588045835494995
