Pedestrian 0.0 0 1.868147850036621 835.1114501953125 124.2625503540039 889.6898803710938 212.132080078125 1.0001457 1.8559381 0.8831633 5.518743 0.8299708 15.901543 2.2021985054016113 0.4998379349708557
Car 0.0 0 -0.40666016936302185 789.7792358398438 184.62522888183594 1033.4920654296875 268.7500915527344 3.943693 1.4724824 1.6856416 5.5675907 1.7118468 13.76117 -0.02220573090016842 0.9611112475395203
Car 0.0 0 -1.6820087432861328 641.1270751953125 184.19537353515625 693.1185913085938 224.66363525390625 3.9818556 1.4077951 1.5796717 2.1232536 1.8839189 28.247265 -1.6069831848144531 0.9499770402908325
Car 0.0 0 3.718594551086426 0.0 174.1298828125 265.1349182128906 326.02301025390625 4.014179 1.5726829 1.6087493 -6.487012 1.5896697 8.442678 3.063446521759033 0.9235991835594177
Car 0.0 0 0.4529925286769867 133.61265563964844 190.75413513183594 383.2923889160156 276.3600769042969 3.9604192 1.4792403 1.4913011 -6.5194073 1.8341243 13.53413 0.004090785980224609 0.9074267148971558
Car 0.0 0 0.2886970341205597 315.7047119140625 181.83187866210938 473.3285827636719 233.419921875 4.280406 1.4806876 1.6168143 -6.468752 1.762361 21.79731 0.00020766258239746094 0.8764409422874451
Car 0.0 0 -2.314444065093994 0.0 212.6645965576172 175.59092712402344 375.0 4.2090316 1.5012538 1.6608647 -6.175756 1.8718741 5.8472614 -3.12715744972229 0.7870506048202515
Car 0.0 0 3.584719181060791 0.0 186.30517578125 323.7552795410156 298.5231628417969 4.212881 1.500058 1.4894475 -6.7570357 1.7210898 10.855713 3.0279624462127686 0.7229886651039124
Car 0.0 0 -1.6805940866470337 633.4232788085938 178.9056396484375 672.3436279296875 208.4506378173828 3.9800067 1.4153256 1.5771731 2.134802 1.7465847 37.421814 -1.6236088275909424 0.5237864851951599
Car 0.0 0 0.08334527909755707 424.6370544433594 181.34402465820312 518.8441162109375 213.2844696044922 4.282204 1.4496493 1.6440777 -6.551765 1.866383 34.34132 -0.10517297685146332 0.4838167428970337
Car 0.0 0 0.2313782125711441 385.37359619140625 177.2178955078125 499.0335388183594 217.05783081054688 4.2084103 1.5555335 1.6798495 -6.7682834 1.737653 29.202623 0.0036296844482421875 0.47918209433555603
Car 0.0 0 0.44656211137771606 190.1380157470703 185.44549560546875 393.1575622558594 259.230712890625 3.773296 1.5018708 1.5454295 -6.9249487 1.7926675 15.80476 0.03360128402709961 0.4633163809776306
