Pedestrian 0.0 0 -0.19693320989608765 660.5912475585938 176.005859375 670.0897216796875 200.0896759033203 0.5610794 1.7636037 0.7632645 4.06287 1.9988431 53.354565 -0.12093138694763184 0.19603553414344788
Pedestrian 0.0 0 1.5684409141540527 881.5724487304688 174.74151611328125 915.9467163085938 278.5884094238281 0.7363667 1.6569109 0.5139502 4.73081 1.6897105 11.962136 1.9450464248657227 0.1612587571144104
Pedestrian 0.0 0 -0.9281932711601257 144.59715270996094 169.62823486328125 164.16075134277344 204.0913848876953 0.6508087 1.8602232 0.6386503 -24.845634 1.6864637 39.29334 -1.4920331239700317 0.12202196568250656
Pedestrian 0.0 0 -1.5468720197677612 780.8011474609375 145.8642578125 794.6597290039062 184.6725311279297 0.77287745 1.9163629 0.65575397 8.854323 0.5839603 36.085705 -1.3062564134597778 0.10273497551679611
Cyclist 0.0 0 -2.2990472316741943 753.6284790039062 169.090576171875 779.9764404296875 201.39773559570312 1.450774 1.7191131 0.57709855 8.466915 1.5192139 39.16477 -2.086136817932129 0.13337987661361694
Car 0.0 0 1.8848539590835571 387.9066162109375 184.78538513183594 428.3846435546875 207.9632110595703 3.9948142 1.5624012 1.7002789 -14.732743 2.4687989 52.757915 1.6125391721725464 0.8063696026802063
Car 0.0 0 1.3819940090179443 677.6708984375 177.44093322753906 720.9637451171875 208.5976104736328 4.295682 1.6661091 1.679229 5.0316353 1.9438412 41.429222 1.5028533935546875 0.27266019582748413
Car 0.0 0 2.483550548553467 0.0 175.197509765625 81.61238861083984 203.99209594726562 3.787063 1.6058593 1.6108192 -33.672955 1.7511865 42.59976 1.8146604299545288 0.15913981199264526
Car 0.0 0 -1.588188648223877 657.28759765625 173.882568359375 678.4215087890625 194.4038848876953 3.6215239 1.504315 1.535372 4.3511877 1.585625 54.930126 -1.5091406106948853 0.128877192735672
Car 0.0 0 1.4512150287628174 703.7764282226562 185.31646728515625 747.4261474609375 219.29412841796875 3.7038498 1.428783 1.5643368 5.2868867 2.0419235 33.596184 1.6073006391525269 0.1169724315404892
