Pedestrian 0.0 0 -0.2862030863761902 873.0958862304688 126.48211669921875 957.8729248046875 262.8506774902344 0.9407318 1.8399345 0.67187935 4.2083025 1.2146261 10.11718 0.10798239707946777 0.41820287704467773
Pedestrian 0.0 0 -1.8767122030258179 747.5130004882812 166.84283447265625 786.6966552734375 238.8892364501953 1.0758393 1.8173162 0.7013386 4.024641 1.666047 18.766151 -1.665449619293213 0.3562651574611664
Pedestrian 0.0 0 -0.4008426070213318 963.33203125 98.90376281738281 1076.021240234375 273.001953125 0.92114794 1.8222641 0.5663482 4.395151 1.048594 7.880628 0.10790514945983887 0.30826136469841003
Pedestrian 0.0 0 1.8782007694244385 58.87477493286133 141.76669311523438 128.1474609375 277.044921875 0.419206 1.7450408 0.65485936 -6.9176173 1.3443834 9.605987 1.2540881633758545 0.29523441195487976
Pedestrian 0.0 0 -2.7976510524749756 668.1176147460938 175.0899658203125 689.5960693359375 207.66493225097656 1.0710663 1.7481577 0.45598713 3.7061076 1.8713824 39.212265 -2.7034170627593994 0.19236892461776733
Pedestrian 0.0 0 -3.7224326133728027 1086.450439453125 93.95636749267578 1225.326171875 315.298828125 0.7400373 1.8192488 0.6219206 4.649886 1.1711345 6.259596 -3.083528995513916 0.1786957085132599
Pedestrian 0.0 0 1.8108325004577637 334.591796875 174.89512634277344 371.2842102050781 240.37631225585938 1.111829 1.7667398 0.7209872 -7.191722 1.8256127 20.092014 1.467102289199829 0.1602565199136734
Pedestrian 0.0 0 -0.39181262254714966 719.0719604492188 142.76988220214844 744.166015625 192.01678466796875 0.73824424 1.8485554 0.6805561 4.587632 0.7196612 27.495714 -0.22648657858371735 0.15250904858112335
Car 0.0 0 1.852165699005127 303.1029968261719 191.55670166015625 465.54693603515625 306.62957763671875 3.6678421 1.4929073 1.5433556 -3.5363276 1.8468833 11.798183 1.5609521865844727 0.9630925059318542
Car 0.0 0 2.9219846725463867 400.60284423828125 184.745361328125 490.4854431152344 220.23062133789062 3.942447 1.5728729 1.6477396 -7.927559 2.1703532 34.6375 2.6969876289367676 0.8965665102005005
Car 0.0 0 1.5180264711380005 518.8173217773438 183.05357360839844 549.848388671875 211.65802001953125 3.9512808 1.5407686 1.5995702 -4.522154 2.1701944 42.421402 1.411826729774475 0.6831231713294983
Car 0.0 0 2.7691290378570557 416.91131591796875 182.6422576904297 496.9954528808594 215.52850341796875 3.796034 1.6124816 1.6686381 -8.110378 2.154046 38.151894 2.5596659183502197 0.17241525650024414
Car 0.0 0 -1.691545009613037 421.123779296875 158.87342834472656 458.6491394042969 187.0872344970703 4.002841 1.5659615 1.6583681 -10.027664 0.79035074 42.209797 -1.924788475036621 0.14631401002407074
