Pedestrian 0.0 0 1.4345481395721436 313.84991455078125 178.18614196777344 356.1572265625 260.0185546875 0.8751468 1.8756793 0.82873183 -6.609135 2.0074358 17.194761 1.0675888061523438 0.4164580702781677
Pedestrian 0.0 0 2.2139134407043457 638.231689453125 164.1609649658203 660.9602661132812 206.40196228027344 1.0334666 1.9258518 0.5419224 1.8006434 1.5298774 33.46377 2.2676703929901123 0.36393219232559204
Pedestrian 0.0 0 -0.21993213891983032 32.56891632080078 141.4349822998047 72.60961151123047 222.9419708251953 0.60666156 1.7782282 0.5330184 -12.520975 1.093121 16.142557 -0.8796482086181641 0.34077972173690796
Pedestrian 0.0 0 -1.9041416645050049 44.07711410522461 135.18673706054688 97.45037078857422 228.34425354003906 0.7865373 1.7770483 0.6192957 -10.692308 1.0588753 14.237726 -2.5482723712921143 0.27637240290641785
Pedestrian 0.0 0 0.2616603374481201 359.1644592285156 183.6186981201172 386.640380859375 245.76649475097656 0.59954375 1.7225624 0.6247159 -6.75839 2.0328088 20.439384 -0.05767800658941269 0.24646413326263428
Pedestrian 0.0 0 0.7705851793289185 74.12890625 125.1958236694336 133.49655151367188 221.81918334960938 0.73514 1.7935785 0.57072777 -9.676344 0.90927786 13.730076 0.15667486190795898 0.24117781221866608
Pedestrian 0.0 0 3.567917823791504 262.2028503417969 186.7023162841797 305.9529113769531 274.06646728515625 0.62208813 1.7255303 0.5889399 -6.6545253 2.012507 14.636342 3.1411972045898438 0.23735760152339935
Pedestrian 0.0 0 -0.7070025205612183 191.76583862304688 185.47206115722656 249.5233917236328 289.97601318359375 0.70542973 1.6632631 0.476387 -6.51741 1.8806992 11.995829 -1.2046921253204346 0.23724275827407837
Pedestrian 0.0 0 -1.5090827941894531 839.2590942382812 151.04795837402344 871.3204345703125 223.9427947998047 1.0197723 1.8845631 0.751332 6.509521 1.3211656 19.265345 -1.1832391023635864 0.196260005235672
Cyclist 0.0 0 2.528832197189331 766.4165649414062 171.0210418701172 852.246337890625 251.12876892089844 1.9713439 1.8431344 0.6344923 4.713784 1.8013192 17.231037 2.7958624362945557 0.18854346871376038
Car 0.0 0 -1.530543565750122 457.8410949707031 186.5858917236328 502.7166748046875 230.90744018554688 3.5425925 1.5414605 1.5799638 -5.038711 2.1122642 28.108475 -1.7079191207885742 0.9367893934249878
Car 0.0 0 3.3193037509918213 218.76174926757812 179.3213653564453 376.8766174316406 239.9320831298828 4.1297636 1.693592 1.7489833 -9.316487 1.9007821 21.756075 2.9147050380706787 0.8741868734359741
Car 0.0 0 1.6451095342636108 479.1876525878906 182.2190704345703 519.4562377929688 217.08404541015625 4.009463 1.5217556 1.6193523 -5.297989 1.998754 34.658997 1.493423342704773 0.6958643198013306
Car 0.0 0 1.6472831964492798 498.5789794921875 175.03924560546875 525.7642822265625 199.32444763183594 4.2288256 1.691276 1.6545342 -7.145302 1.8580728 52.794125 1.5127578973770142 0.1886119544506073
Car 0.0 0 -1.2795345783233643 357.0614318847656 158.15078735351562 403.7867126464844 192.4457244873047 4.3681602 2.2006211 1.81464 -15.389827 1.2575103 48.494884 -1.5868313312530518 0.18307963013648987
Car 0.0 0 -1.73186457157135 609.9089965820312 171.1299285888672 645.041748046875 196.64804077148438 3.9063842 1.59831 1.6871382 1.0689733 1.4906814 47.24119 -1.709240436553955 0.15927764773368835
