Pedestrian 0.0 0 3.2719411849975586 130.14840698242188 172.49981689453125 162.70162963867188 226.9105682373047 0.8152437 1.7605444 0.7593267 -15.365767 1.7494425 23.861217 2.6998207569122314 0.3477107584476471
Pedestrian 0.0 0 1.8453822135925293 303.3217468261719 144.74191284179688 330.823486328125 200.79676818847656 1.0006428 1.8098853 0.5940691 -9.708514 0.9025669 23.82456 1.4584269523620605 0.3092350661754608
Pedestrian 0.0 0 1.1122578382492065 1070.1004638671875 134.3756561279297 1117.4945068359375 212.98204040527344 0.8099186 1.8954035 0.6842141 11.900938 0.967949 17.84121 1.7005242109298706 0.22490473091602325
Pedestrian 0.0 0 2.5725464820861816 844.4554443359375 145.30154418945312 898.7435913085938 221.31536865234375 0.979515 1.8197469 0.80027044 6.383945 1.1605079 17.769625 2.9174482822418213 0.18597263097763062
Pedestrian 0.0 0 -1.3912758827209473 413.6017761230469 154.58815002441406 428.6842041015625 194.05560302734375 0.46162453 1.9377726 0.6501914 -9.374705 1.0413136 35.678577 -1.6482223272323608 0.1829947829246521
Car 0.0 0 -1.863621711730957 719.3209838867188 177.03933715820312 888.16650390625 288.3083801269531 3.684047 1.5043294 1.6007847 2.8992708 1.5839112 11.774455 -1.6221907138824463 0.9592183232307434
Car 0.0 0 -1.3028156757354736 284.86492919921875 179.86398315429688 474.81072998046875 304.0870666503906 3.9487913 1.4736158 1.6599778 -3.2287893 1.5980436 10.77465 -1.5939654111862183 0.957425594329834
Car 0.0 0 -1.9917547702789307 823.1285400390625 169.23716735839844 1158.205810546875 372.6162109375 3.2839513 1.4998373 1.5391746 3.2398407 1.4735225 6.970966 -1.5566927194595337 0.9562315344810486
Car 0.0 0 -1.6665183305740356 661.8818969726562 174.66615295410156 719.1993408203125 221.2074432373047 3.7629347 1.4741395 1.5934134 2.6587007 1.5417585 24.888159 -1.560096025466919 0.9447534680366516
Car 0.0 0 -1.6502388715744019 622.3449096679688 170.59481811523438 650.7977294921875 195.76402282714844 3.8808434 1.6770015 1.6623023 1.7763766 1.5268321 50.047752 -1.614760160446167 0.43679770827293396
