Pedestrian 0.0 0 -0.2624589502811432 925.464111328125 139.07379150390625 1052.3232421875 339.4498291015625 0.93940115 1.7590455 0.47013935 3.501566 1.38798 6.636589 0.2230360507965088 0.22357864677906036
Pedestrian 0.0 0 -0.2857753336429596 830.8328247070312 108.35685729980469 950.4781494140625 290.55731201171875 1.0288836 1.7808641 0.49916187 2.871683 1.0673186 7.312573 0.08842635154724121 0.19585144519805908
Car 0.0 0 -0.9147228598594666 491.7601013183594 175.96206665039062 579.8113403320312 214.56393432617188 3.736592 1.4390433 1.5554869 -2.5764217 1.2336284 28.77003 -1.0040369033813477 0.9438702464103699
Car 0.0 0 -0.3295653164386749 227.6448974609375 176.89598083496094 394.1334533691406 235.07467651367188 4.4436717 1.6231562 1.716567 -8.89053 1.4958553 22.139324 -0.7114260196685791 0.7980598211288452
Car 0.0 0 -1.3378548622131348 555.978759765625 170.86874389648438 586.0221557617188 191.26589965820312 3.671729 1.572037 1.5920379 -2.370212 0.75322026 57.314377 -1.3791859149932861 0.5127286314964294
Car 0.0 0 -1.431078314781189 573.6130981445312 167.9284210205078 605.3892822265625 191.77503967285156 3.8888078 1.542168 1.6201833 -0.7541992 0.6651896 48.482124 -1.4466333389282227 0.47510480880737305
Car 0.0 0 1.461706519126892 416.6578674316406 180.8499755859375 455.65643310546875 212.2450714111328 3.3620698 1.4255273 1.4570589 -7.9712076 1.3969476 34.441444 1.2342686653137207 0.3375385105609894
Car 0.0 0 0.04021191596984863 0.0 155.11549377441406 117.61184692382812 196.68812561035156 3.9899673 1.639863 1.673766 -22.747124 0.60011506 30.156849 -0.6060315370559692 0.28296229243278503
Car 0.0 0 -1.3227882385253906 0.0 169.11322021484375 25.72589683532715 213.349853515625 3.6533613 1.8082343 1.8637087 -26.855986 1.3028979 31.410816 -2.0301730632781982 0.2033754140138626
Car 0.0 0 0.1952856183052063 288.6587219238281 176.35922241210938 362.96142578125 205.64447021484375 3.30381 1.4558908 1.615139 -14.06564 1.201204 36.784096 -0.1699427366256714 0.1887074112892151
