Pedestrian 0.0 0 3.32729434967041 91.13899993896484 179.5222625732422 128.65711975097656 238.49746704101562 0.8660132 1.8246492 0.70451283 -15.929361 2.0415754 22.9324 2.720186471939087 0.6243093609809875
Pedestrian 0.0 0 -1.5534892082214355 659.7533569335938 170.90875244140625 675.9548950195312 225.28887939453125 1.521551 1.659113 0.48729745 1.7900037 1.6001225 22.79161 -1.4751121997833252 0.37236857414245605
Pedestrian 0.0 0 -0.6911689043045044 667.0577392578125 159.59327697753906 701.5706787109375 221.28009033203125 0.78434384 1.7489835 0.61432576 2.1078339 1.3733653 20.928299 -0.5907904505729675 0.358999639749527
Pedestrian 0.0 0 0.30905574560165405 176.72178649902344 178.1865997314453 187.76382446289062 200.149169921875 0.6034464 1.7328345 0.59864724 -34.08834 2.1605337 57.460102 -0.22638751566410065 0.262669175863266
Cyclist 0.0 0 -2.4838309288024902 674.5067749023438 160.22181701660156 740.6619262695312 228.66183471679688 1.7835306 1.7536952 0.55783 2.5445914 1.430368 19.315056 -2.352843999862671 0.6357576847076416
Cyclist 0.0 0 -1.6151639223098755 659.3805541992188 171.687255859375 677.127685546875 227.07675170898438 1.6849458 1.6874417 0.4803988 1.7869866 1.6522547 22.829006 -1.537046194076538 0.6084153652191162
Car 0.0 0 2.060851573944092 139.429443359375 191.95545959472656 260.9112854003906 249.46310424804688 3.8396776 1.509916 1.620826 -12.475328 2.148467 22.166708 1.5482374429702759 0.952344536781311
Car 0.0 0 -1.362314224243164 376.08673095703125 173.55181884765625 513.4146118164062 276.4752502441406 4.00172 1.6036595 1.6371361 -2.901304 1.6187972 13.273124 -1.5775142908096313 0.945438802242279
Car 0.0 0 -1.5958698987960815 585.45166015625 173.57061767578125 613.3064575195312 199.73715209960938 4.3502183 1.6168231 1.6930646 -0.76301974 1.665968 46.91007 -1.6121340990066528 0.636218786239624
Car 0.0 0 1.8216853141784668 384.52838134765625 181.66348266601562 433.99755859375 213.21633911132812 3.9347107 1.5094284 1.5555943 -10.431246 1.9931349 37.603455 1.5510880947113037 0.3104986548423767
Car 0.0 0 1.9016143083572388 377.67083740234375 177.99868774414062 417.37139892578125 199.5855255126953 4.006214 1.5143054 1.617597 -15.764273 1.9115379 53.62125 1.6156775951385498 0.263734370470047
Car 0.0 0 2.237295150756836 0.0 198.459716796875 97.23100280761719 255.52096557617188 3.5477524 1.4910306 1.6060504 -17.89804 2.343793 22.234152 1.5595251321792603 0.24623824656009674
