Car 0.0 0 -1.0273586511611938 0.0 191.06625366210938 341.41845703125 371.90142822265625 3.8010333 1.4130945 1.5716238 -4.4122224 1.4921438 7.6537647 -1.550302505493164 0.9601867198944092
Car 0.0 0 -1.2431485652923584 294.415771484375 185.6896514892578 431.9163513183594 261.2796630859375 3.9248936 1.4309524 1.6261648 -5.1690407 1.443668 15.597774 -1.5631545782089233 0.9501091837882996
Car 0.0 0 1.9943372011184692 217.91265869140625 179.41189575195312 316.5231018066406 221.45919799804688 4.1708727 1.3589524 1.556097 -11.895837 1.1725073 25.32666 1.555225133895874 0.9299718141555786
Car 0.0 0 -1.5882145166397095 573.9752807617188 175.00941467285156 613.3389282226562 210.80519104003906 3.677994 1.5301071 1.6844767 -0.71033293 1.0949662 32.59466 -1.61000394821167 0.8209375143051147
Car 0.0 0 -1.3279227018356323 378.3228454589844 183.03065490722656 430.7970886230469 218.2515869140625 3.2890801 1.4697789 1.4771351 -8.924979 1.3797282 31.661531 -1.6026805639266968 0.6391805410385132
Car 0.0 0 -1.0179240703582764 100.35897827148438 185.71829223632812 280.5950622558594 261.7177429199219 3.9272776 1.4353354 1.5251677 -8.856376 1.4487602 15.588924 -1.5345722436904907 0.6292955875396729
Car 0.0 0 -1.4977226257324219 417.9085998535156 163.95309448242188 450.1416320800781 193.41226196289062 2.7528088 1.5373976 1.5047268 -9.420619 0.42888793 38.992214 -1.734782338142395 0.6025772094726562
Car 0.0 0 -1.2804460525512695 320.10015869140625 168.71255493164062 398.2816162109375 214.51634216308594 3.6080987 1.4706242 1.5910586 -8.5557575 0.9418879 24.911322 -1.6112725734710693 0.5201691389083862
Car 0.0 0 -1.4615815877914429 502.4326171875 173.4287567138672 537.732666015625 201.1763458251953 4.1004233 1.5801392 1.6598653 -5.2196145 0.9100405 42.99254 -1.582397699356079 0.3732137680053711
Car 0.0 0 2.1333746910095215 356.5262145996094 169.21202087402344 405.4749450683594 194.98440551757812 3.8423305 1.9147916 1.839208 -17.46819 0.7269097 55.49662 1.8284311294555664 0.3210192024707794
