Pedestrian 0.0 0 -1.3375903367996216 900.603759765625 96.91307067871094 1000.3658447265625 313.74591064453125 0.6172642 1.7309701 0.6540658 2.8746932 1.1250939 6.2020826 -0.9035630226135254 0.4495362341403961
Pedestrian 0.0 0 -1.3494573831558228 308.4723205566406 159.07400512695312 344.6166076660156 228.66436767578125 1.1997055 1.8697066 0.6895753 -7.90081 1.499833 20.028778 -1.7251899242401123 0.34058719873428345
Pedestrian 0.0 0 1.7116433382034302 554.5824584960938 173.64820861816406 568.735595703125 205.96096801757812 1.2617005 1.7922428 0.6273048 -2.7561343 1.8381222 40.701847 1.644031286239624 0.32116344571113586
Pedestrian 0.0 0 -0.09123587608337402 672.8550415039062 141.1485595703125 703.8901977539062 198.65574645996094 0.9677622 1.8644336 0.5114447 2.5184073 0.8368735 23.653013 0.014837503433227539 0.30005401372909546
Cyclist 0.0 0 2.053605794906616 538.4730224609375 173.71641540527344 563.1451416015625 205.64271545410156 1.7943834 1.7430192 0.6153175 -3.3364484 1.7927834 40.38693 1.97118079662323 0.40841761231422424
Cyclist 0.0 0 -1.3494573831558228 308.4723205566406 159.07400512695312 344.6166076660156 228.66436767578125 1.1997055 1.8697066 0.6895753 -7.90081 1.499833 20.028778 -1.7251899242401123 0.17091350257396698
Car 0.0 0 -1.7239651679992676 669.8541259765625 175.36669921875 753.1026000976562 239.8083953857422 3.629867 1.5040115 1.5857416 2.4940233 1.5762672 18.81158 -1.5921547412872314 0.973105251789093
Car 0.0 0 1.7989052534103394 402.1128845214844 183.53506469726562 483.6893310546875 239.51174926757812 3.8174644 1.516375 1.6158676 -5.0766916 1.8734596 22.183926 1.5739336013793945 0.9639962911605835
Car 0.0 0 -1.0643999576568604 0.0 185.059814453125 358.4444274902344 375.0 4.2500167 1.579794 1.6689621 -4.564707 1.7579899 8.378762 -1.5632381439208984 0.962439239025116
Car 0.0 0 1.7015008926391602 484.8924560546875 182.96356201171875 526.6843872070312 213.67507934570312 4.0998926 1.4721159 1.6585354 -5.4655986 2.0337849 37.999195 1.5586460828781128 0.8682530522346497
Car 0.0 0 -2.3601956367492676 914.6934814453125 158.2883758544922 1242.0 375.0 3.628671 1.4848219 1.5553588 2.6350653 1.467915 2.675786 -1.5824646949768066 0.8021286129951477
Car 0.0 0 -1.4724220037460327 630.9896850585938 175.92442321777344 655.6461181640625 196.20179748535156 3.840332 1.5832683 1.6454439 2.7295332 1.8431476 58.965347 -1.4261645078659058 0.5568257570266724
Car 0.0 0 -0.22733017802238464 784.4719848632812 178.10189819335938 940.8668212890625 233.4505157470703 3.8094904 1.4377077 1.5765356 6.817353 1.5899785 19.904556 0.10264945030212402 0.36798912286758423
Car 0.0 0 1.8806239366531372 525.8499755859375 180.2602996826172 560.6611328125 200.39608764648438 4.017748 1.4825392 1.5813911 -5.238495 2.088077 56.822872 1.788693904876709 0.33822178840637207
