Car 0.0 0 -0.7492684721946716 990.968505859375 175.9427947998047 1242.0 333.5606689453125 3.7823317 1.5022773 1.6437014 6.402791 1.5403122 7.854945 -0.06537055969238281 0.9345229864120483
Car 0.0 0 -0.344912052154541 749.8024291992188 180.9387969970703 944.1692504882812 250.5750732421875 4.1524777 1.5856614 1.7583523 5.624343 1.7939402 17.600851 -0.03561783581972122 0.9279717803001404
Car 0.0 0 3.5483248233795166 69.46726989746094 173.74497985839844 357.9512939453125 276.818603515625 3.9744532 1.6034322 1.590666 -6.563239 1.6200527 12.2027855 3.0548593997955322 0.9149805903434753
Car 0.0 0 -1.6799408197402954 636.1868896484375 181.10617065429688 679.856201171875 215.1699981689453 3.6252172 1.376207 1.5277982 2.0283406 1.7624016 31.887732 -1.616417646408081 0.9138565063476562
Car 0.0 0 0.6454280614852905 0.0 187.9405059814453 325.8714294433594 312.0682067871094 4.2772584 1.4638157 1.5407856 -6.2830315 1.6849407 9.642073 0.06791019439697266 0.9123373627662659
Car 0.0 0 0.6661096215248108 0.0 184.96908569335938 265.8128356933594 363.5876159667969 4.277149 1.5266031 1.596686 -5.9905267 1.6615345 7.146732 -0.031505122780799866 0.8918964266777039
Car 0.0 0 0.21428091824054718 358.9495849609375 180.10574340820312 491.3630065917969 225.03005981445312 4.2962384 1.5178707 1.6175508 -6.50803 1.7838781 25.54521 -0.035177573561668396 0.8845137357711792
Car 0.0 0 3.499130964279175 236.5736083984375 184.99545288085938 427.8490905761719 249.89340209960938 4.023104 1.4641542 1.4699062 -6.6138115 1.7683975 17.306412 3.1340982913970947 0.8234843015670776
Car 0.0 0 -0.9153774380683899 1141.1990966796875 207.59454345703125 1242.0 375.0 3.729833 1.4223913 1.5242568 6.4211545 1.7320703 5.5533586 -0.05763547122478485 0.7558290958404541
Car 0.0 0 3.5038037300109863 151.73849487304688 181.1501007080078 388.8271179199219 262.80975341796875 4.0724335 1.5335509 1.5555742 -6.8018446 1.713083 14.657839 3.0693345069885254 0.7552814483642578
