Car 0.0 0 -2.394796133041382 752.0780639648438 177.11831665039062 878.162109375 229.69627380371094 3.545611 1.4397814 1.6006979 6.1127768 1.5815617 21.997509 -2.1237497329711914 0.9622806906700134
Car 0.0 0 -2.6196820735931396 105.26161193847656 179.89956665039062 336.6391296386719 267.7109069824219 3.3625906 1.480287 1.6052132 -7.0250134 1.6174517 13.152739 -3.110244035720825 0.9359720349311829
Car 0.0 0 -1.7750401496887207 624.6766357421875 176.8640594482422 672.7255859375 211.53892517089844 3.4101286 1.534579 1.6031697 1.7411206 1.7348213 34.155346 -1.7241077423095703 0.9338647127151489
Car 0.0 0 3.5411925315856934 169.22572326660156 189.9583740234375 384.2248229980469 270.5271911621094 3.7773468 1.5622747 1.662825 -6.9636006 1.9451845 15.249588 3.1128289699554443 0.8937644958496094
Car 0.0 0 -2.875873565673828 375.4870300292969 178.85389709472656 485.56982421875 216.1739959716797 4.122013 1.4826143 1.6766083 -7.401827 1.7384038 29.8306 -3.1190900802612305 0.8338149785995483
Car 0.0 0 3.8984932899475098 0.0 197.30319213867188 116.71009063720703 375.0 4.0321608 1.5115529 1.642503 -6.7233877 1.7466197 5.921205 3.049739122390747 0.71382737159729
Car 0.0 0 -1.635474681854248 611.64990234375 175.84921264648438 641.5158081054688 202.4671173095703 3.912154 1.5268903 1.5552721 0.9343854 1.7174251 43.82237 -1.6141557693481445 0.6933303475379944
Car 0.0 0 -2.8664400577545166 422.269287109375 179.6530303955078 498.9208984375 210.48220825195312 3.5335643 1.5144806 1.555026 -7.6111264 1.8695581 36.740707 -3.0707085132598877 0.6130483746528625
Car 0.0 0 1.7513034343719482 499.13189697265625 178.51904296875 532.302001953125 202.995849609375 3.8405266 1.5432594 1.5411773 -6.305742 1.9386377 48.35286 1.6216243505477905 0.6081495881080627
Car 0.0 0 -2.6953179836273193 319.144775390625 177.69154357910156 455.66290283203125 221.53854370117188 4.2430177 1.4395573 1.6270398 -7.7260976 1.6153486 25.048157 -2.994508743286133 0.531043291091919
