Pedestrian 0.0 0 -1.7737960815429688 808.1985473632812 180.063232421875 832.74609375 234.06155395507812 0.77470523 1.578504 0.55912685 6.249862 1.7988493 21.60665 -1.4922246932983398 0.1375880092382431
Pedestrian 0.0 0 -0.14703935384750366 1014.5652465820312 167.29949951171875 1068.099365234375 229.85890197753906 1.1926955 1.6722308 0.5257271 11.745143 1.5241153 19.753736 0.38938403129577637 0.10859882086515427
Cyclist 0.0 0 2.194204330444336 163.6824493408203 184.2560577392578 195.0124053955078 215.05690002441406 1.9707475 1.7207859 0.51599854 -25.115698 2.4016213 42.05508 1.6558390855789185 0.23626059293746948
Cyclist 0.0 0 -0.14703935384750366 1014.5652465820312 167.29949951171875 1068.099365234375 229.85890197753906 1.1926955 1.6722308 0.5257271 11.745143 1.5241153 19.753736 0.38938403129577637 0.1708335429430008
Cyclist 0.0 0 0.22541671991348267 755.7346801757812 153.5310821533203 795.9229125976562 208.69248962402344 1.2202663 1.8101282 0.55625767 5.5147166 1.1764022 24.190233 0.44955897331237793 0.1590176820755005
Cyclist 0.0 0 3.1073999404907227 584.61376953125 177.48170471191406 615.7298583984375 210.971435546875 1.6936939 1.8251795 0.640131 -0.5834621 2.0830169 39.78164 3.0927343368530273 0.15890735387802124
Cyclist 0.0 0 -1.7887709140777588 717.9678344726562 175.7244110107422 732.5813598632812 209.616455078125 1.5617636 1.6327729 0.3822968 5.6553917 1.7782422 35.682888 -1.6315879821777344 0.1410597264766693
Cyclist 0.0 0 0.15616092085838318 716.8067626953125 135.20367431640625 760.1657104492188 190.9803924560547 1.3612915 1.829672 0.5429839 4.2558484 0.5949678 24.143976 0.33063817024230957 0.10177987068891525
Car 0.0 0 -1.6022926568984985 587.4031372070312 179.17529296875 617.9160766601562 206.84861755371094 4.059102 1.4781739 1.6200069 -0.49926457 1.860585 41.54354 -1.6143099069595337 0.5005357265472412
Car 0.0 0 1.713958740234375 428.23052978515625 184.90957641601562 477.8395080566406 222.3126678466797 3.823621 1.4689935 1.5909895 -6.840123 2.0295649 31.563679 1.5005499124526978 0.22687473893165588
Car 0.0 0 1.834788203239441 333.08746337890625 166.5380401611328 434.8880310058594 232.64697265625 4.430553 1.7526848 1.7675381 -6.583626 1.5855935 21.371433 1.5359559059143066 0.1953795999288559
Car 0.0 0 -0.46838223934173584 699.30126953125 169.56494140625 769.8247680664062 196.83560180664062 3.5906885 1.4897125 1.586437 6.9803004 1.310399 40.698826 -0.29852381348609924 0.10471231490373611
Car 0.0 0 1.8074562549591064 393.4983825683594 176.48358154296875 464.7151794433594 224.804931640625 4.0840483 1.6340598 1.6450909 -6.6501284 1.7793069 26.752497 1.5638147592544556 0.10231254249811172
