Cyclist 0.0 0 1.6541776657104492 507.2584533691406 175.1206817626953 528.1239013671875 225.97254943847656 1.7110229 1.733676 0.59539026 -3.2997053 1.8170081 25.541851 1.5257010459899902 0.907089352607727
Car 0.0 0 3.5328803062438965 84.3900375366211 182.06980895996094 356.43988037109375 275.59820556640625 4.0630164 1.5603882 1.7181104 -7.0314527 1.7439232 13.290274 3.0462498664855957 0.9676803350448608
Car 0.0 0 -1.6713829040527344 632.2752075195312 179.1721649169922 678.5257568359375 214.6542205810547 4.351778 1.4787426 1.6706084 1.9722995 1.787975 33.06265 -1.6118000745773315 0.9601597189903259
Car 0.0 0 -0.5128540396690369 906.9144897460938 188.8400421142578 1242.0 317.7537841796875 3.7372048 1.484713 1.5819815 6.01419 1.7136608 9.421771 0.055272817611694336 0.9381120204925537
Car 0.0 0 -0.4305139482021332 742.6676025390625 186.8726806640625 938.0800170898438 255.02320861816406 4.2466817 1.5109397 1.5542942 5.4595757 1.8708653 17.463255 -0.12750864028930664 0.9266151189804077
Car 0.0 0 -0.7254316806793213 1031.517822265625 186.1974639892578 1242.0 374.5211181640625 3.9793544 1.4673806 1.5799756 6.2631407 1.6056539 6.5978494 0.03394722938537598 0.9126185178756714
Car 0.0 0 -2.4765782356262207 0.0 187.6206512451172 258.9776916503906 322.7098693847656 3.991034 1.4638208 1.5683254 -6.71285 1.6610229 8.804375 -3.1279966831207275 0.9065698981285095
Car 0.0 0 2.690999984741211 786.5130004882812 179.07843017578125 1034.17041015625 272.1556091308594 4.3107758 1.7348241 1.6981211 5.8931437 1.8694146 14.567806 3.075407028198242 0.8979291915893555
Car 0.0 0 -0.4987773895263672 865.9708251953125 185.64456176757812 1141.78955078125 286.08831787109375 3.7415059 1.5348918 1.5965552 6.380126 1.7634985 12.052645 -0.011922607198357582 0.8875336050987244
Car 0.0 0 0.26648667454719543 364.3688659667969 177.6627197265625 483.0662536621094 219.30307006835938 4.0332603 1.5043234 1.6175836 -6.9752584 1.6908643 27.095499 0.014525175094604492 0.8540643453598022
Car 0.0 0 -0.3269938826560974 745.23828125 169.33155822753906 907.7095947265625 233.4331512451172 3.967944 1.6865422 1.6488785 5.836217 1.5942233 19.88737 -0.04154461622238159 0.8452133536338806
Car 0.0 0 3.829352378845215 0.0 179.40139770507812 157.13919067382812 375.0 4.2796764 1.4787656 1.6254247 -6.6398706 1.545208 6.191479 3.009023427963257 0.7517611384391785
