Pedestrian 0.0 0 1.7773391008377075 954.6309204101562 141.4497528076172 1023.813232421875 293.49102783203125 0.5917633 1.7157253 0.61665 4.5593934 1.265126 8.528326 2.2682957649230957 0.6385990977287292
Pedestrian 0.0 0 2.462623119354248 0.0 128.52383422851562 223.02603149414062 374.0 0.87383217 1.6837219 0.623335 -2.0091822 1.5308856 2.586235 1.8021423816680908 0.5950869917869568
Pedestrian 0.0 0 -1.6481785774230957 789.0357055664062 153.27017211914062 819.5570678710938 227.80149841308594 0.66140175 1.694045 0.63161874 4.6762066 1.0536127 16.710384 -1.3753197193145752 0.5012820959091187
Pedestrian 0.0 0 0.624103844165802 459.5776062011719 186.12355041503906 496.4103698730469 252.02732849121094 0.7050016 1.6304774 0.6004337 -3.1672516 1.751879 18.252617 0.45229148864746094 0.4276179075241089
Pedestrian 0.0 0 1.7924323081970215 523.9130859375 166.4608154296875 545.8082885742188 212.83819580078125 0.90580744 1.7995251 0.6799139 -2.6411614 1.2169939 28.362877 1.6995797157287598 0.33496081829071045
Pedestrian 0.0 0 -1.1824666261672974 592.4164428710938 161.28683471679688 612.05029296875 195.36045837402344 1.0100445 1.7855129 0.71725225 0.04294783 0.7271599 38.242683 -1.1813435554504395 0.28659743070602417
Pedestrian 0.0 0 3.3644497394561768 382.4184265136719 156.1260528564453 421.0439758300781 227.49464416503906 0.85103077 1.7971537 0.5612262 -5.1374707 1.1593874 18.387354 3.0919952392578125 0.2777195870876312
Pedestrian 0.0 0 -1.747826099395752 660.8697509765625 159.060791015625 673.1558837890625 188.1058349609375 0.8897943 1.8740581 0.6498069 4.279102 0.4269277 46.81726 -1.6566792726516724 0.21613454818725586
Pedestrian 0.0 0 -1.5613592863082886 513.850341796875 167.25439453125 528.489501953125 208.14443969726562 0.62874913 1.7400656 0.619871 -3.4661686 1.1348177 30.910318 -1.6730290651321411 0.20173610746860504
Pedestrian 0.0 0 -3.0526187419891357 526.6942749023438 152.44125366210938 553.8436279296875 208.7653350830078 0.83119965 1.807548 0.5937459 -2.0085094 0.87609494 23.348324 -3.1384313106536865 0.20102256536483765
Car 0.0 0 1.5289218425750732 613.0451049804688 167.51290893554688 652.4198608398438 201.71315002441406 3.9449384 1.4684176 1.6197904 1.3636979 0.86883485 32.812477 1.5704582929611206 0.7340939044952393
Car 0.0 0 -1.3393540382385254 758.9266967773438 150.5161590576172 1066.98681640625 374.0 3.543195 1.425029 1.52145 2.7445717 1.248697 5.983645 -0.9093062877655029 0.2629565894603729
Car 0.0 0 1.469778299331665 413.4139709472656 179.6184539794922 467.3520202636719 223.735107421875 3.586803 1.4487307 1.5022969 -5.8009424 1.3880315 25.525808 1.2463157176971436 0.23446998000144958
Car 0.0 0 1.5874451398849487 1004.2166137695312 169.766357421875 1137.784912109375 278.7194519042969 3.9260118 1.5063183 1.6149195 7.796338 1.3454169 12.00796 2.1633028984069824 0.22957009077072144
Car 0.0 0 1.4608609676361084 1124.895263671875 162.21432495117188 1238.0 309.9416809082031 3.8948255 1.495286 1.551281 7.8100533 1.3014437 9.319094 2.158388137817383 0.18345919251441956
Car 0.0 0 -1.532883882522583 1088.5389404296875 137.6718292236328 1161.7003173828125 195.8528289794922 4.303897 1.6828929 1.7298084 16.801834 0.41629422 22.999928 -0.9019689559936523 0.179823637008667
