Car 0.0 0 -1.9567664861679077 821.7228393554688 191.16702270507812 1121.0428466796875 365.4239501953125 3.7199244 1.3814722 1.5523919 3.5613708 1.6327255 7.9980736 -1.5378458499908447 0.9758196473121643
Car 0.0 0 1.8673744201660156 282.0994873046875 193.0549774169922 459.4654235839844 325.0504150390625 3.3744895 1.5233783 1.5043269 -3.3398683 1.8663093 10.538345 1.5604630708694458 0.9617262482643127
Car 0.0 0 -1.7975130081176758 724.278564453125 175.44700622558594 863.9678344726562 273.2753601074219 3.6078622 1.5353516 1.6607722 3.149028 1.589757 13.226954 -1.5637874603271484 0.878715991973877
Car 0.0 0 2.1612823009490967 0.0 202.7091827392578 310.9726257324219 375.0 3.829268 1.5081991 1.5776272 -3.2176595 1.7598959 4.103556 1.4963027238845825 0.8465175628662109
Car 0.0 0 1.6307963132858276 537.6615600585938 176.28271484375 568.8501586914062 202.95294189453125 3.9745605 1.5173513 1.6436027 -3.4162476 1.7342525 43.564472 1.552538275718689 0.8395382165908813
Car 0.0 0 -2.3032078742980957 992.8509521484375 208.58602905273438 1242.0 375.0 4.0562587 1.4673729 1.6279234 3.5877223 1.7442681 3.5048876 -1.5061311721801758 0.8065263628959656
Car 0.0 0 -1.6705918312072754 669.066162109375 180.2123260498047 725.91552734375 225.158203125 4.0583887 1.4506444 1.6165091 3.0280638 1.7369632 25.995758 -1.5546313524246216 0.7606933116912842
Car 0.0 0 1.2939202785491943 687.6602783203125 181.61688232421875 793.0323486328125 246.4434814453125 4.317407 1.5264683 1.6966507 3.3849447 1.7948581 19.829601 1.4629921913146973 0.7469992637634277
Car 0.0 0 -1.6993211507797241 645.0221557617188 175.5223846435547 679.7764282226562 203.8861541748047 3.7009785 1.5806472 1.5698552 3.0060923 1.7450243 42.455765 -1.6286338567733765 0.6355238556861877
Car 0.0 0 -1.7611591815948486 650.101806640625 176.41297912597656 691.3841552734375 207.79063415527344 3.3806462 1.5605983 1.5492837 3.1210513 1.7573442 38.04815 -1.6793134212493896 0.5569470524787903
