Pedestrian 0.0 0 3.111468553543091 507.10650634765625 167.06333923339844 528.7501831054688 226.59194946289062 0.5773348 1.6321926 0.7472007 -2.3729498 1.2375143 20.105137 2.9939849376678467 0.5880547165870667
Pedestrian 0.0 0 1.918213129043579 295.8861999511719 197.04913330078125 403.8205261230469 374.0 0.7358628 1.5691874 0.62772894 -2.0932443 1.7064911 5.906552 1.577629566192627 0.5025320649147034
Pedestrian 0.0 0 -1.5219089984893799 654.3385009765625 164.9167022705078 673.8628540039062 205.79339599609375 0.87549984 1.6502389 0.7579208 2.5605512 0.9817487 29.482328 -1.4352760314941406 0.39854374527931213
Pedestrian 0.0 0 2.529139280319214 28.40528678894043 156.22128295898438 152.43292236328125 347.8454284667969 0.7419446 1.6961563 0.6111349 -4.872545 1.473784 6.8068643 1.9078692197799683 0.3714393377304077
Pedestrian 0.0 0 -0.20713531970977783 0.0 154.77694702148438 51.53230285644531 298.6581115722656 0.4908239 1.7602842 0.6441685 -7.470882 1.4346865 9.179103 -0.8902952671051025 0.31481337547302246
Pedestrian 0.0 0 3.374269485473633 279.18560791015625 188.69534301757812 382.3359375 366.7761535644531 0.8338277 1.6442783 0.5668864 -2.6613252 1.719072 6.9925394 3.0106027126312256 0.28519394993782043
Pedestrian 0.0 0 1.614656686782837 737.478515625 178.0644989013672 770.4829711914062 254.44061279296875 0.72592366 1.7080051 0.7125433 3.475173 1.6323935 16.501753 1.8222179412841797 0.27840447425842285
Pedestrian 0.0 0 -1.715354323387146 702.5552368164062 168.51455688476562 717.938232421875 206.7059326171875 0.7572169 1.7903045 0.6170275 5.144135 1.1825008 34.05118 -1.5654174089431763 0.2052021473646164
Pedestrian 0.0 0 1.7688899040222168 370.8914794921875 178.5829620361328 435.0370178222656 315.7596740722656 0.92534095 1.6457263 0.6168207 -2.539763 1.6120733 9.099572 1.4967085123062134 0.19682760536670685
Pedestrian 0.0 0 1.298671007156372 677.7488403320312 184.3592529296875 700.3814086914062 233.93606567382812 0.7117304 1.4332395 0.4879184 2.5523543 1.5202948 21.197483 1.4185024499893188 0.19111007452011108
Pedestrian 0.0 0 -0.03759610652923584 18.172439575195312 158.15049743652344 126.71416473388672 374.0 0.7114153 1.7627093 0.6573164 -4.5392375 1.581615 6.0906315 -0.6780707836151123 0.18144868314266205
Cyclist 0.0 0 -1.8511967658996582 665.2737426757812 180.5778350830078 690.0975952148438 227.74554443359375 1.67403 1.5608436 0.39395484 2.5768275 1.5314133 24.626642 -1.7469403743743896 0.38527911901474
Cyclist 0.0 0 0.42349880933761597 0.0 152.64303588867188 71.6810302734375 293.5281677246094 0.881406 1.7287973 0.54080075 -7.455081 1.3760339 9.18604 -0.25825512409210205 0.1626490205526352
Cyclist 0.0 0 1.918213129043579 295.8861999511719 197.04913330078125 403.8205261230469 374.0 0.7358628 1.5691874 0.62772894 -2.0932443 1.7064911 5.906552 1.577629566192627 0.14559072256088257
Car 0.0 0 -2.3603577613830566 950.671875 54.17646789550781 1238.0 374.0 3.802833 1.5870152 1.5901922 3.0567408 1.410676 2.916923 -1.5515581369400024 0.7582622170448303
Car 0.0 0 3.00101375579834 441.30450439453125 172.04771423339844 511.3640441894531 198.5071563720703 3.8728538 1.5089155 1.6731869 -7.384502 0.970669 42.354725 2.828399896621704 0.21252846717834473
Car 0.0 0 -1.9650657176971436 628.1253051757812 160.74754333496094 664.5593872070312 180.10781860351562 4.222941 1.6258936 1.6871122 3.9221385 -0.125976 62.92437 -1.9028152227401733 0.19279684126377106
Car 0.0 0 -2.1893346309661865 697.0745849609375 155.41676330566406 748.1646118164062 185.1204071044922 4.84639 2.4397144 1.8437893 10.355891 0.297849 61.580482 -2.0227251052856445 0.15853776037693024
