Pedestrian 0.0 0 -2.4647772312164307 773.2192993164062 158.55044555664062 795.6668090820312 200.86566162109375 0.69652563 1.8078377 0.64417595 7.5250335 1.1971036 31.296112 -2.2288103103637695 0.35159561038017273
Car 0.0 0 -2.3959600925445557 766.133544921875 179.27284240722656 900.7266845703125 235.789306640625 3.4863594 1.4200541 1.5867807 6.187818 1.6194341 20.464373 -2.102330207824707 0.9678500294685364
Car 0.0 0 -2.572667121887207 31.250110626220703 180.12969970703125 303.26837158203125 282.2310791015625 3.4100888 1.5067275 1.596717 -7.032007 1.6325849 11.603939 -3.117487907409668 0.9624630212783813
Car 0.0 0 -1.7764947414398193 626.9217529296875 176.0606689453125 675.5427856445312 210.92880249023438 3.2862725 1.4785794 1.5486692 1.775549 1.6318151 32.655354 -1.7221758365631104 0.9374418258666992
Car 0.0 0 -2.6381218433380127 121.6534423828125 187.85626220703125 366.7027893066406 277.4134216308594 3.8696291 1.5677643 1.6743326 -6.9428406 1.8749915 13.844916 -3.1029465198516846 0.8435665369033813
Car 0.0 0 -1.6299495697021484 610.4168090820312 176.25265502929688 641.1715698242188 202.7174530029297 3.8883984 1.460902 1.5668392 0.85139257 1.6698475 42.30745 -1.6098283529281616 0.7737367749214172
Car 0.0 0 3.3380661010742188 362.7078857421875 178.63998413085938 478.90814208984375 218.94305419921875 4.1400776 1.5032536 1.6465422 -7.3417826 1.7367282 28.124296 3.082716941833496 0.7588156461715698
Car 0.0 0 -2.7890658378601074 413.6445007324219 180.98326110839844 495.9954833984375 213.6065216064453 3.6152222 1.5250832 1.576419 -7.5956616 1.9345623 35.276516 -3.001145839691162 0.6012347340583801
Car 0.0 0 0.21219004690647125 423.2886047363281 176.55455017089844 503.3591003417969 206.87490844726562 4.1120534 1.6444343 1.6779966 -8.163466 1.8554289 40.20416 0.011863231658935547 0.4255010187625885
Car 0.0 0 3.3899664878845215 299.8458251953125 179.16360473632812 442.2666015625 228.23281860351562 4.1095395 1.5097296 1.6365073 -7.70186 1.7231481 23.402805 3.072030782699585 0.40594902634620667
