Car 0.0 0 -1.3252358436584473 298.12060546875 191.11801147460938 414.10028076171875 265.5992736816406 3.551931 1.4257959 1.5895362 -5.461675 1.5724792 15.885913 -1.6563822031021118 0.9752858281135559
Car 0.0 0 -1.6110944747924805 537.238037109375 181.52752685546875 582.3926391601562 223.12062072753906 3.581453 1.6010281 1.6954669 -2.0600412 1.4601917 29.539804 -1.6807196140289307 0.9744967222213745
Car 0.0 0 -1.3800512552261353 384.9930725097656 185.85171508789062 460.8448486328125 237.02891540527344 3.8981729 1.4446688 1.565532 -5.679868 1.4673213 22.329536 -1.6291345357894897 0.9599711298942566
Car 0.0 0 -1.820280909538269 666.9195556640625 179.8888397216797 814.15869140625 283.1733703613281 3.7747355 1.6072656 1.7089628 2.1920645 1.5255028 13.135213 -1.654920220375061 0.9511744379997253
Car 0.0 0 -1.0607531070709229 0.0 189.31785583496094 274.9754943847656 376.0 3.7202275 1.4751784 1.6166369 -4.841042 1.5275193 7.0436144 -1.6629012823104858 0.9463974833488464
Car 0.0 0 -1.4485371112823486 418.7890625 178.0756378173828 476.0033264160156 221.6201171875 4.704855 1.7003123 1.8041716 -6.742666 1.4226401 30.493528 -1.6661535501480103 0.8163150548934937
Car 0.0 0 -1.3711735010147095 461.65863037109375 182.3096923828125 499.61309814453125 207.6816864013672 3.4171617 1.4412491 1.5677961 -7.5085526 1.2773058 42.558266 -1.5458062887191772 0.777188241481781
Car 0.0 0 -1.6630407571792603 576.98095703125 181.55172729492188 602.3106689453125 202.62045288085938 3.68157 1.5794269 1.6281674 -1.4528337 1.3058861 55.809532 -1.6890668869018555 0.6963791251182556
Car 0.0 0 1.8939275741577148 268.02679443359375 185.06637573242188 330.37884521484375 217.53521728515625 3.7643163 1.4584529 1.615819 -14.641989 1.4528768 34.227596 1.4897019863128662 0.5728023648262024
Car 0.0 0 -1.4699904918670654 529.80908203125 184.40130615234375 565.6259765625 213.4941864013672 3.5706754 1.5032232 1.5837922 -3.2377555 1.462275 38.938557 -1.5529500246047974 0.45138540863990784
