Pedestrian 0.0 0 1.576879858970642 649.5665283203125 167.83538818359375 656.7904052734375 191.02822875976562 1.3915482 1.7991682 0.5594096 3.3703415 1.4102104 56.682636 1.6362698078155518 0.23433127999305725
Pedestrian 0.0 0 -0.40362727642059326 898.1715087890625 153.34800720214844 947.2794189453125 247.1654052734375 0.7043776 1.784002 0.57489103 6.0104403 1.4134398 14.005845 0.0017430782318115234 0.12098230421543121
Pedestrian 0.0 0 2.9081671237945557 636.7887573242188 171.1222686767578 648.1658935546875 191.55296325683594 0.92711765 1.8164881 0.49036923 2.8806248 1.6628782 64.47679 2.9528143405914307 0.12065088748931885
Cyclist 0.0 0 1.587807059288025 649.436767578125 167.6825714111328 656.8541259765625 190.85731506347656 1.3480718 1.7985948 0.560208 3.3681135 1.3975984 56.68936 1.6471507549285889 0.3150738775730133
Car 0.0 0 0.9045228958129883 1116.5535888671875 189.28208923339844 1225.0772705078125 225.6027374267578 4.2617292 1.4897962 1.7223386 25.970608 2.305439 33.66663 1.5615830421447754 0.5557286143302917
Car 0.0 0 2.250600814819336 976.6300659179688 179.2884521484375 1039.2918701171875 203.3494415283203 3.916074 1.5016333 1.450806 26.0032 1.9354643 47.194195 2.7541983127593994 0.2105516791343689
Car 0.0 0 -3.79534649848938 1213.3292236328125 195.89051818847656 1242.0 231.37005615234375 3.229684 1.4788482 1.8379776 29.540443 2.5501409 32.48905 -3.057448148727417 0.20811887085437775
Car 0.0 0 -2.567556619644165 1081.4298095703125 128.20077514648438 1242.0 221.48562622070312 4.0634756 1.9046849 1.8721682 13.624796 0.9933158 16.952572 -1.8905631303787231 0.20266355574131012
Car 0.0 0 1.9819629192352295 376.07708740234375 177.00277709960938 418.70794677734375 199.43727111816406 4.1447043 1.6735624 1.7045859 -16.700474 2.0128756 56.784637 1.6959258317947388 0.2021162509918213
Car 0.0 0 2.0539233684539795 240.84515380859375 183.8988494873047 282.285400390625 207.00372314453125 4.143953 1.9907571 1.6978334 -31.96556 3.0377557 66.27278 1.604508876800537 0.18414293229579926
Car 0.0 0 2.0025365352630615 294.7322692871094 181.85604858398438 342.79168701171875 205.2874755859375 3.8566878 1.4948267 1.5903672 -19.948912 2.1373377 49.50273 1.619458556175232 0.16022741794586182
Car 0.0 0 2.5338802337646484 454.4754943847656 179.35377502441406 501.0562438964844 196.374267578125 4.0884233 1.511362 1.6469363 -12.388781 2.139434 67.648994 2.3527541160583496 0.1476661115884781
Car 0.0 0 1.943899154663086 334.4554443359375 178.38812255859375 380.17791748046875 203.4878692626953 3.942944 1.6070708 1.6093073 -17.156158 1.9992024 49.07696 1.607601523399353 0.12680715322494507
