Pedestrian 0.0 0 2.7173728942871094 110.8082504272461 165.3070831298828 158.57032775878906 236.40756225585938 0.8040538 1.7699286 0.7018325 -12.222869 1.5824184 18.485958 2.1331660747528076 0.2644120156764984
Pedestrian 0.0 0 -1.6333591938018799 0.0 140.51473999023438 30.805606842041016 212.39593505859375 0.52208346 1.9339466 0.64655447 -16.40038 1.0642244 19.821632 -2.324584484100342 0.25287771224975586
Cyclist 0.0 0 2.006643772125244 351.0653991699219 159.10421752929688 385.17523193359375 205.13522338867188 1.7470074 1.6876826 0.5411001 -9.192726 1.1839182 27.349945 1.682391881942749 0.5994991660118103
Car 0.0 0 1.785722017288208 390.48370361328125 183.4830322265625 501.4641418457031 253.38047790527344 4.330199 1.4311191 1.7342042 -3.8832648 1.7226571 17.596561 1.568520188331604 0.9632716774940491
Car 0.0 0 -1.1813080310821533 109.8905029296875 179.98643493652344 438.1228332519531 373.2458801269531 4.132535 1.4859535 1.617397 -3.2021093 1.5835366 7.765283 -1.5724258422851562 0.9596055746078491
Car 0.0 0 -1.7031606435775757 684.7329711914062 177.22293090820312 775.0770874023438 249.62857055664062 3.5096645 1.4680223 1.5700163 2.6004856 1.5797188 16.612661 -1.5478843450546265 0.9503989815711975
Car 0.0 0 -1.912485122680664 753.6480712890625 177.04624938964844 1044.9273681640625 347.0235595703125 4.2793336 1.4596957 1.654781 2.9033523 1.5216353 8.44786 -1.581452488899231 0.9474193453788757
Car 0.0 0 3.297950029373169 422.93988037109375 169.2089080810547 515.6712646484375 205.9302978515625 4.10355 1.6949958 1.6988001 -6.6536922 1.5271024 34.22419 3.1059305667877197 0.7395813465118408
Car 0.0 0 -1.6166380643844604 651.6979370117188 174.87010192871094 699.42578125 216.27560424804688 3.6008804 1.4296787 1.5946015 2.342416 1.5103838 26.920963 -1.5298458337783813 0.6990473866462708
Car 0.0 0 1.866208553314209 147.948974609375 194.492919921875 279.5814208984375 275.652587890625 3.8305135 1.4763628 1.5291903 -8.781195 2.0245087 16.2338 1.3703629970550537 0.2541128695011139
