Pedestrian 0.0 0 -1.6939176321029663 667.499755859375 172.58416748046875 679.2756958007812 200.02207946777344 0.91153586 1.7713685 0.6568124 4.0985823 1.7543061 47.046494 -1.607019305229187 0.17805610597133636
Pedestrian 0.0 0 3.0190563201904297 685.6470336914062 171.2038116455078 700.6577758789062 200.68914794921875 0.83147806 1.7455121 0.5091972 4.9161043 1.6481806 42.969982 3.1329689025878906 0.15222996473312378
Pedestrian 0.0 0 1.7459003925323486 278.9571533203125 187.614990234375 309.0960388183594 244.3162384033203 1.1945695 1.7900785 0.71505487 -10.449598 2.290733 23.787546 1.3319896459579468 0.14252568781375885
Cyclist 0.0 0 1.7459003925323486 278.9571533203125 187.614990234375 309.0960388183594 244.3162384033203 1.1945695 1.7900785 0.71505487 -10.449598 2.290733 23.787546 1.3319896459579468 0.14981351792812347
Car 0.0 0 -1.2321925163269043 302.35699462890625 174.95394897460938 410.7884216308594 235.49755859375 3.6145377 1.4200718 1.5519744 -6.5372777 1.4805926 18.85787 -1.5658891201019287 0.9786127805709839
Car 0.0 0 -1.4535471200942993 465.84210205078125 174.95553588867188 534.269775390625 227.4940643310547 3.965214 1.4601046 1.6249818 -3.3369145 1.5310283 22.217657 -1.6026248931884766 0.9734729528427124
Car 0.0 0 -1.482701063156128 546.9727172851562 170.97488403320312 573.8047485351562 193.13504028320312 3.55508 1.5473197 1.6310377 -3.5826092 1.4164697 52.171356 -1.551263451576233 0.5467463135719299
Car 0.0 0 1.3629447221755981 776.4282836914062 173.89291381835938 843.0540161132812 215.63140869140625 4.2273393 1.4676687 1.6007395 7.5076566 1.510922 27.63247 1.6282374858856201 0.2878125309944153
Car 0.0 0 2.178159713745117 267.1096496582031 184.26451110839844 332.6493225097656 213.8123016357422 4.371101 1.7201523 1.6456892 -19.752848 2.4859009 46.08994 1.7732675075531006 0.18895545601844788
Car 0.0 0 1.6232960224151611 494.73614501953125 178.0294647216797 533.3280639648438 208.86741638183594 3.8680525 1.3854395 1.6600332 -4.650785 1.6517137 35.076294 1.4914743900299072 0.1767486184835434
Car 0.0 0 -1.6280238628387451 521.4474487304688 167.4351348876953 540.9652709960938 184.8727264404297 3.4993188 1.5571159 1.5809064 -7.2796574 1.0735881 66.28454 -1.7374098300933838 0.15588045120239258
