Pedestrian 0.0 0 -1.693352460861206 587.45947265625 155.49346923828125 603.4865112304688 195.6664581298828 0.49301735 2.0073047 0.75197035 -0.7716199 1.1402172 36.34782 -1.7145780324935913 0.47463560104370117
Pedestrian 0.0 0 0.39464008808135986 903.7877197265625 176.6317901611328 958.814453125 275.4303283691406 0.72663224 1.841241 0.8006826 6.1955113 1.9178647 14.0244465 0.8106248378753662 0.3353465497493744
Pedestrian 0.0 0 1.6355946063995361 1013.7122192382812 159.51705932617188 1033.3636474609375 207.6080780029297 0.6281815 1.8249894 0.61858517 15.899516 1.319228 27.811218 2.1549410820007324 0.24631233513355255
Pedestrian 0.0 0 0.44537168741226196 992.8949584960938 179.27371215820312 1045.0230712890625 285.11138916015625 0.5911444 1.7457598 0.56601816 6.947628 1.8596447 12.352458 0.9577224254608154 0.22601425647735596
Pedestrian 0.0 0 -1.4929766654968262 450.35052490234375 158.7638702392578 462.95574951171875 189.74624633789062 0.51705474 1.9378839 0.7391141 -9.685788 1.0569333 45.43296 -1.7030208110809326 0.18379665911197662
Pedestrian 0.0 0 -2.0174014568328857 442.2814636230469 146.48802185058594 460.7279052734375 193.40948486328125 0.47342178 2.0203724 0.6439003 -6.9496017 0.88544846 31.450476 -2.2348763942718506 0.1358175128698349
Pedestrian 0.0 0 -1.7310600280761719 1105.695556640625 160.58740234375 1135.70703125 220.81161499023438 0.71648663 1.7656999 0.6260032 15.241969 1.4064162 21.611073 -1.1167957782745361 0.12947054207324982
Pedestrian 0.0 0 0.03212164342403412 530.3252563476562 146.614501953125 541.797119140625 190.94070434570312 0.4993976 1.9979165 0.6898332 -3.4066095 0.8155805 32.880936 -0.0711144357919693 0.12780000269412994
Pedestrian 0.0 0 1.0777068138122559 874.169189453125 147.9256591796875 910.15771484375 203.18646240234375 1.2630694 1.7955488 0.58977854 9.367471 0.9859286 24.104464 1.4483642578125 0.12264224886894226
Pedestrian 0.0 0 -1.3740448951721191 570.4649658203125 148.54368591308594 587.8411865234375 190.7462921142578 0.6380095 1.9372251 0.6952947 -1.4679437 0.82166773 33.48622 -1.4178540706634521 0.12157319486141205
Pedestrian 0.0 0 -3.3461616039276123 1029.73583984375 198.7276611328125 1087.5147705078125 331.6500549316406 0.5639544 1.7494098 0.6288131 6.1732388 2.1238403 10.037471 -2.794771671295166 0.1190079003572464
Pedestrian 0.0 0 1.2946079969406128 1171.821044921875 146.0725860595703 1211.15966796875 209.8878936767578 0.75887597 1.9497219 0.77837676 18.110178 1.1318389 22.543253 1.9713897705078125 0.11790157109498978
Pedestrian 0.0 0 2.3599305152893066 1081.51171875 144.14727783203125 1110.3096923828125 194.32476806640625 0.5085629 1.7878848 0.7138133 17.532051 0.76538706 26.105072 2.9513378143310547 0.11603232473134995
Pedestrian 0.0 0 -1.2711178064346313 510.78607177734375 147.49252319335938 531.70947265625 194.5403594970703 0.573914 1.9129559 0.7175723 -3.6896625 0.88212144 29.680187 -1.3947973251342773 0.11067552119493484
Pedestrian 0.0 0 -0.2607455849647522 984.6199340820312 148.8447723388672 1036.0975341796875 217.71090698242188 1.0311377 1.7234553 0.6008465 10.186743 1.1229546 18.470343 0.24326300621032715 0.1069423034787178
Pedestrian 0.0 0 -2.006688356399536 1207.9033203125 188.21473693847656 1242.0 274.01409912109375 0.6567726 1.6517437 0.52005243 12.376281 1.967214 14.412554 -1.2971563339233398 0.10301928967237473
Pedestrian 0.0 0 1.1473321914672852 1057.031005859375 132.7607421875 1100.0791015625 209.32174682617188 0.69812495 1.7877902 0.63016516 11.135011 0.8519233 17.238256 1.7208534479141235 0.10159079730510712
Cyclist 0.0 0 0.940788984298706 872.6770629882812 148.72048950195312 912.699462890625 202.4756317138672 1.264597 1.7409337 0.6131429 9.365523 0.9596945 24.05493 1.3120712041854858 0.2302025556564331
Cyclist 0.0 0 -1.9620530605316162 952.4076538085938 153.9503631591797 1002.74951171875 223.7949676513672 1.7795157 1.6758581 0.48458534 9.200779 1.2226408 18.215565 -1.494329571723938 0.11243021488189697
Car 0.0 0 -1.7694952487945557 675.2830200195312 179.3399200439453 774.6691284179688 248.43272399902344 4.2745705 1.506279 1.6376743 2.7256558 1.6908323 18.312145 -1.62173593044281 0.9513706564903259
Car 0.0 0 2.3514411449432373 800.4082641601562 168.21502685546875 939.3384399414062 222.6808624267578 3.8351789 1.4926246 1.6470076 7.648583 1.3658527 21.340982 2.6955785751342773 0.10014649480581284
