Pedestrian 0.0 0 1.7459815740585327 886.7326049804688 157.3727264404297 909.6384887695312 209.717529296875 0.6120625 1.6123459 0.5703283 8.996391 1.1358435 22.632599 2.124328374862671 0.5578448176383972
Pedestrian 0.0 0 2.1958138942718506 251.1197509765625 163.62765502929688 297.3630676269531 232.57366943359375 1.005083 1.8198997 0.68077886 -9.1561165 1.5767187 19.600275 1.758796215057373 0.16148211061954498
Pedestrian 0.0 0 -0.44130611419677734 787.861328125 141.25347900390625 848.9751586914062 210.42726135253906 1.4575771 1.8497257 0.675692 5.6466584 1.0050771 19.742826 -0.16273249685764313 0.15512192249298096
Cyclist 0.0 0 -2.2119574546813965 1079.1912841796875 138.98062133789062 1172.22021484375 236.0185546875 1.882644 1.8481233 0.50900525 10.387905 1.2033502 14.686725 -1.5963497161865234 0.9526192545890808
Cyclist 0.0 0 1.7347980737686157 500.2669372558594 168.15916442871094 513.8668212890625 197.4603729248047 1.567836 1.7012379 0.5496715 -6.1154337 1.4290115 42.67963 1.5924798250198364 0.33160600066185
Cyclist 0.0 0 -0.459501177072525 785.4966430664062 142.35235595703125 851.6204833984375 211.17152404785156 1.6272309 1.8407667 0.63404477 5.655526 1.0252705 19.754913 -0.18067437410354614 0.1514224410057068
Cyclist 0.0 0 1.5207659006118774 479.2886962890625 172.02191162109375 490.7749938964844 206.6864013671875 1.6445591 1.6730105 0.4751209 -6.2233434 1.633209 35.675232 1.3480594158172607 0.12821705639362335
Cyclist 0.0 0 -1.8343305587768555 1097.8968505859375 156.71893310546875 1141.1993408203125 228.6377410888672 1.5366434 1.6672509 0.47080934 12.30606 1.2935593 17.526749 -1.222176432609558 0.12676453590393066
Car 0.0 0 1.7896090745925903 370.283447265625 184.28285217285156 546.1005249023438 310.4814453125 4.0963926 1.490805 1.7089539 -2.1147833 1.6977428 10.967693 1.5991274118423462 0.9734888672828674
Car 0.0 0 -3.3496618270874023 756.5860595703125 186.00604248046875 986.3764038085938 277.0655822753906 3.7317357 1.5159545 1.5744765 4.613717 1.7775929 13.316933 -3.016148567199707 0.20303869247436523
Car 0.0 0 1.6583577394485474 492.3722229003906 188.2171173095703 530.3677368164062 219.84194946289062 3.7358701 1.5057199 1.6691935 -5.195981 2.3581283 38.1085 1.5228463411331177 0.15796718001365662
Car 0.0 0 1.321151614189148 401.8345031738281 195.83485412597656 526.48779296875 280.8340148925781 4.263707 1.426905 1.5935215 -3.3379521 1.9962456 15.597927 1.1103317737579346 0.14903351664543152
Car 0.0 0 1.4257597923278809 758.4733276367188 164.74063110351562 804.6826782226562 197.3263702392578 3.75144 1.4149107 1.5341614 7.808632 1.0629766 33.261658 1.6563478708267212 0.12503758072853088
Car 0.0 0 1.8140056133270264 549.0885620117188 180.56924438476562 592.5606689453125 209.14930725097656 4.097389 1.586956 1.6742882 -2.33416 2.0746422 43.402992 1.760278582572937 0.12436304986476898
