Pedestrian 0.0 0 2.688295364379883 758.2562866210938 175.48458862304688 784.787841796875 221.67149353027344 0.7190213 1.6278207 0.64207554 5.74318 1.7239425 25.868244 2.906768321990967 0.5666018724441528
Pedestrian 0.0 0 -2.819334030151367 712.2264404296875 173.28114318847656 726.3864135742188 202.95999145507812 0.66739887 1.7948351 0.70549 6.6516285 1.8215837 44.11171 -2.669671058654785 0.42790183424949646
Pedestrian 0.0 0 -0.25302284955978394 1013.4638671875 160.8337860107422 1084.227294921875 247.0730438232422 1.1434019 1.7394353 0.5932622 9.051115 1.4973466 14.998282 0.2899491786956787 0.33084920048713684
Pedestrian 0.0 0 1.4229704141616821 842.332763671875 161.4556884765625 866.031494140625 211.38006591796875 0.9293745 1.7912936 0.690174 8.884402 1.3826789 26.404251 1.747546911239624 0.29470521211624146
Pedestrian 0.0 0 0.1855018138885498 720.6654052734375 167.88101196289062 734.4898681640625 193.1627960205078 0.9752749 1.9016845 0.40474138 8.875905 1.5279762 54.62699 0.3465762138366699 0.15714256465435028
Cyclist 0.0 0 -3.485642194747925 1000.888916015625 156.78253173828125 1094.11669921875 244.22605895996094 1.5542233 1.7628542 0.5662558 9.002235 1.4392126 14.973336 -2.9443278312683105 0.39266517758369446
Car 0.0 0 2.076355218887329 153.2752227783203 184.86024475097656 263.80328369140625 232.48025512695312 4.1033187 1.4975371 1.6646851 -14.22998 1.9609964 25.775553 1.5719220638275146 0.9410094618797302
Car 0.0 0 0.999546468257904 1058.0985107421875 180.4645538330078 1113.9869384765625 204.51095581054688 4.225916 1.8214921 1.7443984 38.23965 2.4572797 58.118557 1.5814967155456543 0.3454785645008087
Car 0.0 0 0.9157023429870605 1128.1798095703125 189.47352600097656 1192.4522705078125 215.32748413085938 3.660573 1.6556017 1.6835871 38.327793 2.8590438 50.39485 1.5659211874008179 0.22162583470344543
Car 0.0 0 -0.2756856679916382 1001.41064453125 176.96493530273438 1077.8466796875 202.6908721923828 3.816718 1.5472223 1.5601615 26.718248 1.8112642 45.034065 0.25978517532348633 0.21986831724643707
