Pedestrian 0.0 0 -0.1983318328857422 1064.7568359375 74.65900421142578 1216.9417724609375 357.84033203125 0.7372636 1.7941679 0.5586958 3.6070347 1.1253034 4.8839927 0.43779587745666504 0.3870352804660797
Pedestrian 0.0 0 0.40262022614479065 302.4429626464844 173.3341522216797 319.218994140625 200.15371704101562 0.9482175 1.8427055 0.5053843 -20.31247 1.3516645 48.831276 0.008420705795288086 0.24680346250534058
Pedestrian 0.0 0 -1.4825319051742554 747.4683227539062 176.2527313232422 777.1190185546875 249.29763793945312 0.72903186 1.6657149 0.6180984 3.651327 1.5704695 16.55911 -1.2655022144317627 0.20133616030216217
Pedestrian 0.0 0 -3.0828840732574463 725.7066040039062 165.10670471191406 763.0177001953125 232.9844207763672 0.9523229 1.7846843 0.56982654 3.7103198 1.3815403 18.979767 -2.8898305892944336 0.18684053421020508
Pedestrian 0.0 0 0.3151338994503021 847.85693359375 91.82502746582031 965.7716674804688 323.06787109375 0.7335846 1.7130425 0.5762668 2.3763885 1.0578512 5.69049 0.7107260227203369 0.1771380454301834
Pedestrian 0.0 0 -1.6168197393417358 707.117431640625 168.27938842773438 723.8373413085938 213.2863311767578 1.0480435 1.7264369 0.596504 4.2932143 1.2591684 27.670055 -1.4628896713256836 0.17387010157108307
Pedestrian 0.0 0 -1.7190098762512207 824.9940795898438 160.92047119140625 841.4146118164062 199.92579650878906 0.9117179 1.7583592 0.5854855 10.4238 0.877176 32.36618 -1.4074409008026123 0.1674519181251526
Pedestrian 0.0 0 2.248957395553589 425.0377502441406 170.1219024658203 442.27337646484375 194.17640686035156 1.2879248 1.7705823 0.5684579 -12.769002 1.007955 52.742546 2.011427164077759 0.1578313559293747
Pedestrian 0.0 0 1.0552244186401367 755.2632446289062 134.20455932617188 817.25927734375 235.48733520507812 0.95951265 1.8047718 0.7376696 3.3142536 0.9814691 13.154501 1.302035927772522 0.15125474333763123
Cyclist 0.0 0 -1.7935765981674194 893.7984008789062 142.9907989501953 918.990478515625 194.03533935546875 1.7171903 1.7385826 0.44558457 10.598786 0.46255022 24.961714 -1.3920433521270752 0.22374019026756287
Cyclist 0.0 0 -1.6168197393417358 707.117431640625 168.27938842773438 723.8373413085938 213.2863311767578 1.0480435 1.7264369 0.596504 4.2932143 1.2591684 27.670055 -1.4628896713256836 0.17535771429538727
Cyclist 0.0 0 2.2587287425994873 425.26654052734375 170.25601196289062 442.2911071777344 194.12648010253906 1.2623643 1.7577685 0.5618409 -12.762117 1.0046974 52.751076 2.0213587284088135 0.10511717945337296
Car 0.0 0 -1.459131121635437 556.7229614257812 166.6807861328125 579.20068359375 183.1759796142578 4.0744805 1.4886622 1.6500273 -3.3950744 0.2426663 65.88816 -1.5106134414672852 0.5073403120040894
Car 0.0 0 2.254331350326538 29.11955451965332 132.62986755371094 195.01759338378906 208.2429656982422 4.1986527 1.9643433 1.6630557 -14.107877 0.72231936 20.523293 1.6521064043045044 0.3927611708641052
Car 0.0 0 1.820239543914795 263.4256286621094 176.5946044921875 318.3636169433594 208.25070190429688 3.8265014 1.455251 1.5545822 -15.272483 1.2771742 34.51443 1.4036438465118408 0.15649789571762085
