Pedestrian 0.0 0 -1.8810185194015503 725.098388671875 162.8786163330078 749.890380859375 218.4381103515625 0.7519918 1.7450737 0.5771913 4.0258093 1.4321139 23.07211 -1.7082695960998535 0.7036478519439697
Pedestrian 0.0 0 1.9085320234298706 26.577951431274414 132.1997833251953 222.7581024169922 375.0 1.4045614 1.6854405 0.55966175 -2.9376295 1.4782046 4.4311156 1.3231035470962524 0.22066545486450195
Pedestrian 0.0 0 3.4155192375183105 296.48443603515625 152.48353576660156 326.52630615234375 214.25985717773438 0.7005504 1.804071 0.55204225 -8.88794 1.2095445 21.38448 3.021615505218506 0.20415760576725006
Cyclist 0.0 0 1.6823471784591675 453.9107360839844 173.04559326171875 484.0478210449219 248.93946838378906 1.7643338 1.789652 0.54546994 -3.5326133 1.7950081 17.918139 1.4876906871795654 0.7899026870727539
Cyclist 0.0 0 1.910742998123169 23.83839988708496 131.87673950195312 225.54632568359375 375.0 1.4610521 1.7114283 0.56531787 -2.9308343 1.5041105 4.4312725 1.3263969421386719 0.47434332966804504
Car 0.0 0 1.8750187158584595 273.2374572753906 188.74949645996094 419.3510437011719 280.0734558105469 4.207833 1.581263 1.7108326 -5.451809 1.9672333 15.367303 1.5341036319732666 0.9324383735656738
Car 0.0 0 1.7523280382156372 474.134033203125 179.71437072753906 524.1920166015625 214.78660583496094 4.1227937 1.5154907 1.6182091 -5.203254 1.8596869 34.075615 1.6008012294769287 0.9209204316139221
Car 0.0 0 -1.450899362564087 643.4935302734375 176.8378448486328 685.7719116210938 209.57528686523438 3.8451402 1.5280353 1.6694082 2.755606 1.7397106 36.2221 -1.3749703168869019 0.904879629611969
Car 0.0 0 1.7145135402679443 659.4594116210938 169.7116241455078 693.61083984375 197.55242919921875 3.9484909 1.7062451 1.6363448 4.2816505 1.5140198 46.328022 1.8066720962524414 0.5878453254699707
Car 0.0 0 0.629650354385376 936.7697143554688 163.3607635498047 1057.281982421875 206.02268981933594 3.6655688 1.4326867 1.5102881 13.904598 1.1142399 26.206556 1.1174592971801758 0.3146389424800873
