Pedestrian 0.0 0 1.401033878326416 446.50335693359375 176.7160186767578 491.9766845703125 270.58612060546875 0.7095744 1.6961766 0.72526056 -2.6987457 1.771459 13.534149 1.2042126655578613 0.5152870416641235
Pedestrian 0.0 0 2.0555784702301025 183.35704040527344 162.69992065429688 203.3358154296875 200.79061889648438 0.5781548 1.9914647 0.7265451 -21.991076 1.4609448 38.024033 1.5312325954437256 0.5101212859153748
Pedestrian 0.0 0 -0.36252427101135254 322.6533508300781 133.45921325683594 419.2259216308594 322.6863098144531 0.66982126 1.6916821 0.7098364 -2.3581703 1.3398523 6.934692 -0.6903112530708313 0.34196460247039795
Pedestrian 0.0 0 -2.9666390419006348 679.7417602539062 168.90040588378906 692.1959228515625 198.07937622070312 0.67689663 1.8300927 0.6784905 4.7789445 1.5824829 45.671173 -2.862380266189575 0.192770853638649
Pedestrian 0.0 0 1.0522249937057495 922.6015014648438 170.8015899658203 964.1280517578125 228.990234375 1.2749623 1.7155839 0.5888741 10.070019 1.6554307 21.931374 1.482670545578003 0.16980160772800446
Pedestrian 0.0 0 2.622823476791382 298.5199279785156 186.20260620117188 334.5786437988281 220.79591369628906 1.6146312 1.7485013 0.72001094 -15.476473 2.4675245 37.986134 2.235933303833008 0.10349594801664352
Cyclist 0.0 0 1.0512079000473022 921.2033081054688 171.2667694091797 965.1861572265625 229.8332061767578 1.3902582 1.7218046 0.5995955 10.060995 1.6754996 21.929003 1.4813545942306519 0.21656334400177002
Cyclist 0.0 0 2.622823476791382 298.5199279785156 186.20260620117188 334.5786437988281 220.79591369628906 1.6146312 1.7485013 0.72001094 -15.476473 2.4675245 37.986134 2.235933303833008 0.19478748738765717
Car 0.0 0 2.0472400188446045 0.0 195.03941345214844 272.6251220703125 343.0828857421875 4.3443604 1.5244412 1.7510939 -6.610463 1.9118928 10.3431425 1.4785544872283936 0.9537935853004456
Car 0.0 0 2.342034101486206 381.3540954589844 182.78334045410156 549.5816650390625 243.92324829101562 4.801546 1.4315951 1.7536793 -3.9140723 1.7440733 20.189339 2.150541305541992 0.7801334261894226
Car 0.0 0 -0.18925607204437256 830.5940551757812 168.76466369628906 961.0059204101562 215.9404296875 3.5128424 1.3857836 1.5105069 8.673561 1.2660177 22.25366 0.18239068984985352 0.17872634530067444
Car 0.0 0 2.9291927814483643 606.9114379882812 192.96029663085938 683.4293823242188 221.78781127929688 3.8908222 1.4576968 1.6408236 1.8484104 2.581587 39.18721 2.9763264656066895 0.15050986409187317
Car 0.0 0 -2.5209245681762695 1121.223876953125 139.7892608642578 1242.0 195.01437377929688 3.6252449 1.748653 1.8572224 19.999462 0.7020461 24.839659 -1.8430559635162354 0.14723899960517883
