Pedestrian 0.0 0 0.9383004307746887 1037.4696044921875 151.59849548339844 1159.5302734375 317.2882995605469 1.0252985 1.8180951 0.7108507 5.621171 1.5852188 8.442755 1.5257015228271484 0.38976144790649414
Pedestrian 0.0 0 -1.0928080081939697 227.00294494628906 199.4327850341797 276.2156677246094 295.0578918457031 0.635045 1.7723674 0.6266509 -6.932194 2.2956712 13.871695 -1.556244969367981 0.35578832030296326
Pedestrian 0.0 0 3.0095012187957764 534.3552856445312 174.1396942138672 548.2991333007812 199.57455444335938 0.9097849 1.7676134 0.53180486 -4.8408628 1.8586769 50.53931 2.914008378982544 0.3432813882827759
Pedestrian 0.0 0 -0.3554389774799347 604.9671630859375 177.2178497314453 623.74072265625 213.90028381347656 0.7349537 1.7364547 0.61031824 0.16842574 1.9489734 34.664055 -0.35058021545410156 0.3297131657600403
Cyclist 0.0 0 0.7494546175003052 586.290771484375 130.09510803222656 624.6456909179688 180.5023956298828 1.42264 1.8264834 0.56289685 -0.21923603 0.27749348 26.82973 0.7412834167480469 0.24606038630008698
Cyclist 0.0 0 0.34027695655822754 603.4547729492188 130.6062469482422 643.2240600585938 185.89585876464844 1.2606094 1.8691564 0.5464105 0.41608897 0.4412593 24.866282 0.3570084571838379 0.19916105270385742
Cyclist 0.0 0 -1.2417818307876587 604.57861328125 176.4903564453125 623.4783325195312 213.9461669921875 0.97862977 1.7627722 0.62562835 0.15937188 1.9405122 34.629204 -1.2371796369552612 0.16019411385059357
Car 0.0 0 1.7346158027648926 366.3855285644531 184.2430877685547 452.4471740722656 245.41281127929688 4.0288625 1.4443493 1.6414702 -5.4561815 1.7918401 19.900688 1.4670209884643555 0.9659485220909119
Car 0.0 0 1.6841061115264893 427.3691101074219 184.3236083984375 476.33453369140625 224.25965881347656 3.545959 1.396207 1.4726065 -6.143794 1.8727974 28.117733 1.468984603881836 0.8925151228904724
Car 0.0 0 1.2885375022888184 652.5978393554688 164.3958282470703 757.4310302734375 235.02801513671875 4.0719566 1.6705745 1.6639795 2.3450017 1.4708818 19.205784 1.4100348949432373 0.6943380832672119
Car 0.0 0 1.6511677503585815 447.589599609375 180.31539916992188 486.53265380859375 214.51620483398438 3.6643455 1.5019784 1.534586 -6.807617 1.8780859 34.425205 1.4559357166290283 0.3350198566913605
Car 0.0 0 -1.5503937005996704 546.6109008789062 174.6071014404297 571.6880493164062 199.46261596679688 3.9129472 1.6764514 1.6886996 -3.5843284 1.8054359 50.94113 -1.6206400394439697 0.31479987502098083
Car 0.0 0 -1.2468326091766357 0.0 144.7113494873047 158.62271118164062 246.7752227783203 4.3017216 1.7713077 1.8380806 -11.007491 1.283253 14.84901 -1.8847389221191406 0.23273956775665283
