Car 0.0 0 -1.9038307666778564 744.6594848632812 190.0219268798828 995.0866088867188 353.84918212890625 3.6783528 1.4439679 1.5813879 2.7302632 1.6933763 8.605444 -1.5966047048568726 0.9754157066345215
Car 0.0 0 -2.6513378620147705 77.81055450439453 169.14505004882812 366.5330810546875 277.2886962890625 3.9221454 1.6763463 1.6584438 -6.3501544 1.6192112 12.019347 -3.137389898300171 0.9610544443130493
Car 0.0 0 -1.7056081295013428 669.4251708984375 179.30963134765625 753.7859497070312 245.96633911132812 3.9329891 1.590075 1.7197001 2.5920603 1.7830786 19.559843 -1.5738563537597656 0.950393795967102
Car 0.0 0 -1.714678168296814 654.088134765625 184.21942138671875 718.80078125 232.7394256591797 4.218161 1.5137916 1.6777922 2.5814986 1.9520938 25.656656 -1.6143985986709595 0.9138058423995972
Car 0.0 0 3.4120333194732666 290.89923095703125 182.60385131835938 458.9356384277344 246.59689331054688 4.0572133 1.6383944 1.6689442 -6.3500996 1.916982 19.66907 3.09975004196167 0.8989647626876831
Car 0.0 0 0.4026120901107788 251.37997436523438 185.7031707763672 433.2411804199219 258.44415283203125 3.7192492 1.6019413 1.5646895 -6.295947 1.9218524 17.068655 0.04923510551452637 0.7615646123886108
Car 0.0 0 1.0057164430618286 0.0 193.9310760498047 224.83572387695312 375.0 4.271723 1.5484307 1.6549603 -6.4223146 1.808615 7.477319 0.29607462882995605 0.7600735425949097
Car 0.0 0 -2.8723533153533936 363.4111022949219 180.1602783203125 482.43438720703125 221.36082458496094 4.341324 1.5863494 1.6434298 -7.481352 1.8884536 28.939537 -3.125331401824951 0.7235934138298035
Car 0.0 0 -1.7152327299118042 640.0263061523438 178.67530822753906 684.21240234375 214.5651397705078 3.6368282 1.6130855 1.614776 2.4295878 1.9102247 34.908745 -1.6457464694976807 0.7066895961761475
Car 0.0 0 3.248279333114624 440.5175476074219 171.3898468017578 513.7571411132812 206.174560546875 3.661562 1.7971507 1.6767534 -7.0306644 1.7218629 38.248844 3.0664947032928467 0.6278699636459351
Car 0.0 0 0.6385687589645386 188.35049438476562 192.09898376464844 409.0510559082031 275.8515930175781 3.9991524 1.5142623 1.615961 -6.4126425 1.9442215 14.85937 0.23115873336791992 0.5630294680595398
