Pedestrian 0.0 0 3.127335548400879 591.4249267578125 157.7559051513672 606.610595703125 187.0193328857422 1.0215714 1.9727502 0.49547043 -0.77677894 0.9552921 48.901657 3.111452341079712 0.22227540612220764
Pedestrian 0.0 0 -0.9430270791053772 264.6380920410156 168.19699096679688 282.13018798828125 198.9840545654297 0.6291808 1.7842286 0.689068 -19.713871 1.5146947 42.18731 -1.380169153213501 0.1364099383354187
Pedestrian 0.0 0 1.6132285594940186 607.7194213867188 161.15858459472656 616.214599609375 189.8510284423828 0.8350808 1.9293289 0.542299 0.10586271 1.143267 48.943897 1.615391492843628 0.11330082267522812
Car 0.0 0 -1.4193142652511597 506.6750793457031 177.1074676513672 553.3495483398438 212.5419921875 3.5654278 1.4928193 1.5795557 -3.6025338 1.6963264 32.644394 -1.5292264223098755 0.9746938347816467
Car 0.0 0 -1.5761162042617798 568.1129150390625 178.59449768066406 620.3265380859375 224.17237854003906 3.4965587 1.3833758 1.618501 -0.5863585 1.5897068 24.115032 -1.600426435470581 0.9490428566932678
Car 0.0 0 1.932875633239746 253.8641357421875 185.1739959716797 332.7720947265625 223.7902069091797 4.153974 1.3756353 1.5446645 -12.726619 1.9100324 29.161394 1.5213719606399536 0.9029305577278137
Car 0.0 0 1.7716542482376099 421.077880859375 174.54110717773438 447.3804931640625 192.2623748779297 3.880879 1.4980416 1.500727 -15.414385 1.6510922 63.333492 1.5329116582870483 0.18058349192142487
Car 0.0 0 -2.077863931655884 0.0 200.70164489746094 43.18566131591797 249.3880615234375 3.9724169 1.4952183 1.8044064 -22.32431 2.5349395 25.409903 -2.798710823059082 0.13494370877742767
Car 0.0 0 -0.8546487092971802 745.5732421875 180.8710174560547 786.0939331054688 199.716064453125 3.5005517 1.5717491 1.5589737 13.656338 2.2937315 63.271614 -0.6420729160308838 0.11592528969049454
Car 0.0 0 1.0337517261505127 835.9042358398438 179.2849884033203 902.9225463867188 208.84896850585938 4.0137925 1.5021764 1.639717 14.159092 1.8754754 39.712505 1.3762407302856445 0.11032410711050034
