Pedestrian 0.0 0 -1.9030722379684448 820.9760131835938 142.27197265625 880.4161376953125 255.85789489746094 0.91830647 1.6869842 0.59860766 3.7991784 1.1056755 11.126252 -1.5740249156951904 0.8512220978736877
Pedestrian 0.0 0 2.4090611934661865 561.2992553710938 159.90069580078125 615.3517456054688 245.99081420898438 0.94802755 1.7550083 0.6577763 -0.31199813 1.3159318 15.205277 2.388545036315918 0.8128421902656555
Pedestrian 0.0 0 3.0004026889801025 438.05694580078125 154.61361694335938 484.5458679199219 239.7490692138672 0.901254 1.7582052 0.52533185 -3.0122092 1.2041888 15.229049 2.8051295280456543 0.7403941750526428
Pedestrian 0.0 0 -2.067744731903076 1129.3211669921875 131.42442321777344 1238.0 346.872314453125 0.71320105 1.5988399 0.63651556 4.7148 1.2286278 5.7386413 -1.3799782991409302 0.7258500456809998
Pedestrian 0.0 0 -1.4434431791305542 404.8918151855469 187.1219024658203 460.8426818847656 288.4842834472656 0.8221634 1.5342231 0.7669435 -2.6942232 1.6280239 11.368952 -1.6761314868927002 0.7187651991844177
Pedestrian 0.0 0 1.7801704406738281 560.4810791015625 158.11904907226562 581.453857421875 206.30755615234375 0.88963044 1.8539886 0.6513268 -1.206288 0.9554577 28.127012 1.7373095750808716 0.6810015439987183
Pedestrian 0.0 0 1.2887157201766968 719.2899780273438 147.75668334960938 753.9290771484375 225.3417510986328 0.7592996 1.7622795 0.6025974 3.1032398 0.9970406 16.721222 1.472214937210083 0.598852276802063
Pedestrian 0.0 0 1.1047792434692383 522.6554565429688 158.05613708496094 561.6973266601562 233.00765991210938 0.8933064 1.8065262 0.63158906 -1.5129354 1.2426636 17.856987 1.0202560424804688 0.547852635383606
Pedestrian 0.0 0 1.703460454940796 597.3421630859375 159.87074279785156 617.4603271484375 207.17739868164062 0.78491396 1.7795268 0.67240965 0.21304272 0.9669331 27.454529 1.711220145225525 0.537868082523346
Pedestrian 0.0 0 1.849137544631958 285.79925537109375 156.0829620361328 384.56243896484375 343.48834228515625 0.8904838 1.6029469 0.6353289 -2.469091 1.3869307 6.6105247 1.4916746616363525 0.5310829281806946
Pedestrian 0.0 0 0.18867938220500946 609.8236694335938 159.67494201660156 630.794189453125 207.35781860351562 0.6845688 1.7320522 0.53086436 0.6757419 0.9403155 26.422615 0.2142481803894043 0.49408817291259766
Pedestrian 0.0 0 -1.8567430973052979 995.202880859375 98.23860931396484 1221.235595703125 374.0 0.80533 1.59526 0.62809944 2.1922565 1.2705305 3.2892544 -1.2688626050949097 0.4039580821990967
Pedestrian 0.0 0 2.565277338027954 840.4124145507812 130.53451538085938 896.9182739257812 230.27899169921875 0.78686154 1.7627684 0.5540471 4.8076715 0.8633372 13.049687 2.918260335922241 0.4019956886768341
Pedestrian 0.0 0 2.073357105255127 514.6414794921875 157.81094360351562 536.4894409179688 198.05715942382812 0.8563351 1.8569698 0.69248146 -3.5632567 0.76487774 33.670296 1.9679217338562012 0.31748172640800476
Pedestrian 0.0 0 -2.4828836917877197 501.75762939453125 161.3582000732422 525.9937744140625 213.31117248535156 0.5380641 1.723141 0.63174886 -2.9761837 1.0561762 24.231638 -2.6050939559936523 0.2866959869861603
Pedestrian 0.0 0 -2.2900848388671875 628.8729248046875 155.5667724609375 680.7738037109375 210.06607055664062 1.7770761 1.6540034 0.6128024 1.6410447 0.86807287 22.691824 -2.2178916931152344 0.10418935865163803
Pedestrian 0.0 0 -0.7205550670623779 324.5313720703125 149.92874145507812 401.6189270019531 232.39393615722656 1.6664495 1.7057967 0.5303755 -5.2190466 1.0539805 15.709255 -1.0413100719451904 0.10055029392242432
Cyclist 0.0 0 -1.5365508794784546 549.1922607421875 163.2887420654297 566.2183837890625 218.40872192382812 1.746963 1.6624603 0.4776822 -1.3889877 1.1143167 22.542587 -1.5980892181396484 0.7661240696907043
Cyclist 0.0 0 -0.7132996320724487 323.3204040527344 156.21157836914062 401.848876953125 238.38961791992188 1.6965607 1.6975517 0.53175604 -5.2260375 1.1764061 15.701096 -1.0346109867095947 0.35838228464126587
Cyclist 0.0 0 -2.2900848388671875 628.8729248046875 155.5667724609375 680.7738037109375 210.06607055664062 1.7770761 1.6540034 0.6128024 1.6410447 0.86807287 22.691824 -2.2178916931152344 0.3246692717075348
Cyclist 0.0 0 1.8618642091751099 287.2958068847656 154.44032287597656 387.5181884765625 346.583740234375 0.9639246 1.6228819 0.6121813 -2.4292462 1.3957169 6.564956 1.507455825805664 0.13976320624351501
Cyclist 0.0 0 -1.8567430973052979 995.202880859375 98.23860931396484 1221.235595703125 374.0 0.80533 1.59526 0.62809944 2.1922565 1.2705305 3.2892544 -1.2688626050949097 0.12872357666492462
