Pedestrian 0.0 0 0.42962947487831116 460.7799072265625 147.1857147216797 512.9395141601562 238.1671600341797 0.7868121 1.6774536 0.63032395 -2.3835666 1.2045574 13.705411 0.25743746757507324 0.2888794243335724
Pedestrian 0.0 0 0.6763331890106201 126.55274200439453 135.65975952148438 226.62664794921875 284.8597717285156 0.8740056 1.7532886 0.58781034 -5.3409433 1.3165672 8.82514 0.13210153579711914 0.25966528058052063
Pedestrian 0.0 0 1.5230165719985962 411.74493408203125 153.85752868652344 456.2262268066406 269.0330810546875 0.803147 1.6304268 0.59759384 -2.6690052 1.3618702 10.68205 1.2781707048416138 0.21031668782234192
Pedestrian 0.0 0 -1.7247517108917236 782.8021850585938 121.56957244873047 837.7561645507812 238.72372436523438 0.683409 1.745933 0.7170738 3.022545 0.9820059 11.129626 -1.459571123123169 0.17752398550510406
Pedestrian 0.0 0 -3.5790843963623047 1099.2415771484375 130.16946411132812 1132.4132080078125 196.84695434570312 0.5659186 1.9650408 0.71241367 15.131377 0.70745003 21.661009 -2.969329833984375 0.1651560664176941
Pedestrian 0.0 0 -2.707362174987793 647.2643432617188 141.1542510986328 679.0684204101562 212.03253173828125 0.6330054 1.8346387 0.63355726 1.3624444 1.014469 19.104206 -2.6361663341522217 0.1475992351770401
Pedestrian 0.0 0 0.5224133729934692 215.67601013183594 122.65574645996094 324.79931640625 284.8309020996094 0.9751285 1.7728623 0.55637544 -3.8995688 1.2244643 8.200523 0.07853531837463379 0.13661381602287292
Pedestrian 0.0 0 1.4726094007492065 695.6533813476562 145.1535186767578 733.4020385742188 242.08444213867188 0.78854996 1.6507698 0.5787416 1.7762182 1.179378 12.691079 1.6116641759872437 0.13572755455970764
Pedestrian 0.0 0 3.0367937088012695 632.6832275390625 138.72332763671875 664.723876953125 222.9186553955078 0.6541909 1.8537265 0.6342323 0.8135029 1.1026303 16.21785 3.0869126319885254 0.11879473924636841
Pedestrian 0.0 0 1.58030104637146 669.51025390625 135.30636596679688 703.1088256835938 231.3865966796875 0.7772109 1.7823892 0.62139696 1.4099768 1.0861988 13.803246 1.682096242904663 0.11671313643455505
Pedestrian 0.0 0 3.164543390274048 543.050048828125 137.54873657226562 613.3754272460938 266.43096923828125 0.95277643 1.7452945 0.6609298 -0.4927811 1.2675563 10.11078 3.1158437728881836 0.10433195531368256
Cyclist 0.0 0 -1.1951172351837158 59.013179779052734 158.1956787109375 133.39251708984375 263.0128479003906 1.7372113 1.6726356 0.43662563 -8.842858 1.439081 12.406916 -1.8143399953842163 0.477048397064209
Cyclist 0.0 0 1.1991263628005981 179.54742431640625 116.58289337158203 259.552490234375 244.4286651611328 1.6117574 1.7242897 0.45448965 -5.7130194 0.9657042 10.420677 0.6976363658905029 0.19317559897899628
Car 0.0 0 2.056065559387207 1013.2178344726562 167.4742431640625 1242.0 290.83807373046875 3.7625442 1.4582417 1.5709804 7.542916 1.3950073 10.039925 2.7003931999206543 0.9350981116294861
Car 0.0 0 -0.8600795269012451 748.6168212890625 167.16729736328125 1070.9927978515625 317.21868896484375 3.429937 1.4190985 1.5757879 3.4118564 1.3656749 8.300384 -0.47008538246154785 0.9278369545936584
