Car 0.0 0 -1.3689990043640137 421.7229919433594 181.41668701171875 495.6831359863281 232.18670654296875 3.6106603 1.4641387 1.5746117 -4.62229 1.3557119 22.532803 -1.5713281631469727 0.9849509000778198
Car 0.0 0 -1.2264649868011475 258.5408020019531 188.92747497558594 423.84747314453125 282.3044738769531 3.9707785 1.4294798 1.55054 -4.6972647 1.5087606 13.145143 -1.56966233253479 0.9719430208206177
Car 0.0 0 -0.968303382396698 0.0 185.84779357910156 198.93711853027344 292.47271728515625 3.6700218 1.4316305 1.5608743 -8.392205 1.4445308 11.525467 -1.5976696014404297 0.9362255334854126
Car 0.0 0 -1.3023502826690674 360.8335266113281 180.24130249023438 421.9658203125 216.44691467285156 3.7274005 1.4477804 1.5599622 -9.173659 1.2499965 30.622515 -1.5934147834777832 0.9242767095565796
Car 0.0 0 -1.549843192100525 574.2786254882812 176.5935516357422 610.0472412109375 209.5927276611328 3.771074 1.5492842 1.6793108 -0.76663274 1.1456124 35.631905 -1.5713552236557007 0.9188087582588196
Car 0.0 0 -1.0690572261810303 131.91998291015625 180.50486755371094 255.06884765625 232.36705017089844 3.6578672 1.4030133 1.5894259 -12.154011 1.2767036 21.285477 -1.587880253791809 0.8788431286811829
Car 0.0 0 -1.4169906377792358 451.3190002441406 178.13218688964844 503.3901062011719 217.01541137695312 3.813589 1.5567946 1.622814 -5.536503 1.2743186 30.703733 -1.5953936576843262 0.8302363157272339
Car 0.0 0 -0.6943823099136353 0.0 189.45721435546875 161.61878967285156 376.0 3.8985548 1.4735028 1.5990248 -4.213767 1.5066633 3.4710865 -1.5761233568191528 0.6629993319511414
Car 0.0 0 -1.226412057876587 239.6492919921875 184.65968322753906 342.70233154296875 243.75674438476562 3.453268 1.5068264 1.5563987 -8.7706175 1.4937807 20.100134 -1.637853741645813 0.6456021666526794
Car 0.0 0 -1.332901120185852 429.43328857421875 173.2535858154297 473.04718017578125 200.59149169921875 3.6560469 1.4961754 1.6268743 -8.940942 0.842633 41.18558 -1.54667329788208 0.618482768535614
