Car 0.0 0 -1.9270155429840088 769.373046875 189.65878295898438 1048.187255859375 369.3349609375 3.4367533 1.4010005 1.519323 2.7909324 1.6201974 7.669613 -1.5780162811279297 0.973202109336853
Car 0.0 0 -0.38628727197647095 842.7822265625 171.99342346191406 1117.8199462890625 260.94049072265625 4.034843 1.4598055 1.5838337 6.3279943 1.4460396 12.777222 0.07355785369873047 0.9440237283706665
Car 0.0 0 3.6395339965820312 74.31343078613281 177.00230407714844 336.6510009765625 265.302734375 3.7593307 1.4457189 1.4869555 -7.002448 1.5231259 12.640445 3.1336467266082764 0.925944983959198
Car 0.0 0 -1.6681798696517944 636.328125 175.3392791748047 671.657958984375 203.650146484375 4.014304 1.53786 1.6400875 2.4529638 1.6884853 41.58641 -1.6092634201049805 0.8941848874092102
Car 0.0 0 0.3071744740009308 312.4581298828125 173.21383666992188 462.01190185546875 229.22378540039062 4.0673366 1.6524342 1.6977053 -6.8037915 1.6642796 22.163355 0.009322881698608398 0.8886932730674744
Car 0.0 0 0.7833561897277832 0.0 167.43331909179688 253.4688262939453 326.4322509765625 3.6792407 1.5063872 1.5143774 -6.092824 1.4553887 7.8062854 0.12061762809753418 0.8878895044326782
Car 0.0 0 0.5746925473213196 0.0 178.24630737304688 354.7959289550781 296.0914001464844 4.354239 1.4996228 1.5641471 -6.083147 1.5819423 10.110825 0.03306293487548828 0.8769771456718445
Car 0.0 0 0.4227127134799957 163.6227264404297 182.37933349609375 405.48699951171875 260.5902404785156 4.31297 1.5145912 1.5499371 -6.6630516 1.7225736 14.942666 0.003267049789428711 0.845231831073761
Car 0.0 0 -0.3230733573436737 777.4378051757812 176.23526000976562 943.1893310546875 241.24658203125 3.6406314 1.5545735 1.4759278 6.136728 1.6431375 18.074167 0.004244089126586914 0.8324102759361267
Car 0.0 0 0.1686321347951889 436.2008361816406 173.00897216796875 525.0556030273438 207.57977294921875 4.123586 1.6774418 1.700262 -6.418807 1.6856937 35.8828 -0.008378224447369576 0.8151119947433472
Car 0.0 0 -0.21174906194210052 710.931884765625 167.6570281982422 816.259765625 211.36402893066406 3.7964602 1.6714201 1.6269903 5.9479594 1.4730387 28.41365 -0.005394285544753075 0.8079144358634949
Car 0.0 0 -2.7402448654174805 245.45176696777344 178.41998291015625 431.8026428222656 245.77218627929688 3.9727883 1.5462732 1.4908203 -6.558385 1.688292 17.530449 -3.098238468170166 0.7323495745658875
Car 0.0 0 -0.3088798522949219 706.7716064453125 178.63279724121094 826.5155029296875 221.93136596679688 3.9264019 1.4881542 1.5821036 5.5601535 1.7049251 26.03817 -0.09850098192691803 0.7273868322372437
