Pedestrian 0.0 0 1.6504981517791748 53.53142166137695 161.21969604492188 125.03160858154297 324.2118225097656 0.6572523 1.6690369 0.5801529 -5.6773562 1.5502597 7.817451 1.0223767757415771 0.6245812177658081
Pedestrian 0.0 0 1.4182711839675903 782.6701049804688 114.7404556274414 834.5868530273438 236.05978393554688 0.7703188 1.7745899 0.6474055 2.9524202 0.924896 10.96997 1.681178092956543 0.46962809562683105
Pedestrian 0.0 0 0.10129588842391968 665.0084228515625 142.3845672607422 694.4466552734375 191.20367431640625 1.1131945 1.9001842 0.46877265 2.7066913 0.71458185 28.420048 0.19624829292297363 0.3378502428531647
Cyclist 0.0 0 2.037829875946045 564.18994140625 174.6949005126953 584.3953247070312 201.53164672851562 1.8287835 1.7532244 0.5900318 -2.4068723 1.8790562 48.22134 1.9879581928253174 0.4072667360305786
Car 0.0 0 1.7585700750350952 445.6553039550781 181.7270050048828 509.4456481933594 227.71791076660156 3.8844917 1.5467153 1.6457682 -4.9079056 1.9026504 26.963623 1.578521728515625 0.9647072553634644
Car 0.0 0 -1.8794195652008057 761.7926635742188 181.25543212890625 1012.0338134765625 355.60272216796875 3.212808 1.4591478 1.5286345 2.6635141 1.5693946 7.813505 -1.550887107849121 0.9626129865646362
Car 0.0 0 -1.2265009880065918 260.1371765136719 180.29922485351562 437.9171142578125 295.69451904296875 4.0779514 1.7134615 1.7001581 -4.5132313 1.8693613 13.023317 -1.5600990056991577 0.946923017501831
Car 0.0 0 -1.7265074253082275 661.049560546875 175.78216552734375 727.3057861328125 227.62428283691406 3.567334 1.543885 1.5910276 2.6171832 1.6470302 23.50786 -1.6156318187713623 0.944618284702301
Car 0.0 0 1.6208611726760864 504.647216796875 177.9033203125 536.6487426757812 210.4910888671875 4.3436418 1.808507 1.6768332 -5.304197 2.1250832 42.957237 1.498006820678711 0.808180034160614
Car 0.0 0 -0.8097257018089294 0.0 219.00833129882812 178.58572387695312 375.0 3.8147569 1.5294218 1.6369098 -4.189031 1.8991652 3.810897 -1.6423559188842773 0.7267286777496338
