Pedestrian 0.0 0 2.981309175491333 672.1655883789062 182.3277587890625 694.6430053710938 229.9598388671875 0.7082039 1.6908756 0.68276095 2.6083987 2.0389442 26.117237 3.0808517932891846 0.2521200180053711
Pedestrian 0.0 0 2.4041543006896973 1113.332763671875 191.09523010253906 1176.241943359375 281.8297119140625 0.78065556 1.6709381 0.57232803 10.123654 2.0269315 13.739959 3.039156198501587 0.21687321364879608
Pedestrian 0.0 0 -0.7728267908096313 1087.2708740234375 141.8429718017578 1143.28369140625 238.1381072998047 0.6341909 1.6581234 0.5089315 8.852908 1.1244967 12.72463 -0.16497233510017395 0.18324047327041626
Pedestrian 0.0 0 1.8713905811309814 1171.8643798828125 102.6895751953125 1242.0 249.71083068847656 1.008573 1.7673103 0.6198663 7.69697 0.92423695 9.204732 2.5678164958953857 0.1443183273077011
Pedestrian 0.0 0 -1.679950475692749 733.6363525390625 169.7200927734375 747.412109375 200.2057647705078 1.7352185 1.6729152 0.57210463 7.279134 1.5012985 40.477177 -1.5020192861557007 0.10140278935432434
Cyclist 0.0 0 -1.679950475692749 733.6363525390625 169.7200927734375 747.412109375 200.2057647705078 1.7352185 1.6729152 0.57210463 7.279134 1.5012985 40.477177 -1.5020192861557007 0.3469352424144745
Cyclist 0.0 0 -0.7498739957809448 1079.0928955078125 139.8702392578125 1151.2679443359375 241.16259765625 0.9184699 1.7369459 0.5422955 8.834006 1.1717031 12.703586 -0.14224554598331451 0.13575255870819092
Cyclist 0.0 0 2.422748327255249 1110.5042724609375 190.78543090820312 1180.385986328125 282.2756042480469 0.91339636 1.6835277 0.5782571 10.12614 2.0332322 13.72838 3.058270215988159 0.1036234125494957
Car 0.0 0 1.961926817893982 237.84585571289062 186.12709045410156 330.2500915527344 230.68881225585938 4.7623553 1.6231648 1.8296505 -13.49568 2.22196 30.12123 1.5406994819641113 0.9466595649719238
Car 0.0 0 1.7004019021987915 346.6656799316406 188.91110229492188 374.1722412109375 210.58636474609375 3.8318684 1.5524926 1.5632995 -19.60889 2.860556 56.725708 1.3675816059112549 0.23292778432369232
Car 0.0 0 2.298919200897217 138.92385864257812 185.51773071289062 209.0463409423828 214.6067352294922 3.5669107 1.5378072 1.4646891 -25.14006 2.3027582 41.67338 1.7561029195785522 0.19197918474674225
Car 0.0 0 1.5180885791778564 734.006591796875 175.89630126953125 763.8797607421875 202.09593200683594 3.7372522 1.5174447 1.59433 8.438923 1.7124515 44.202156 1.7067350149154663 0.14339743554592133
Car 0.0 0 1.6880759000778198 72.70636749267578 193.49720764160156 122.0148696899414 226.91726684570312 3.8007996 1.5503081 1.6896886 -27.038383 2.7001433 38.101868 1.070913314819336 0.12433995306491852
