Pedestrian 0.0 0 -0.38675040006637573 512.2786865234375 174.4161834716797 550.2094116210938 237.343994140625 0.8719918 1.7252295 0.6705869 -2.006038 1.5321745 20.191334 -0.4857768714427948 0.7200436592102051
Pedestrian 0.0 0 1.84926176071167 271.02069091796875 165.09249877929688 386.55340576171875 370.93438720703125 0.79827815 1.6550286 0.7449022 -2.3714986 1.524499 6.2029 1.4840883016586304 0.7113471031188965
Pedestrian 0.0 0 -3.181349039077759 730.535400390625 164.26528930664062 761.0956420898438 237.43824768066406 0.6874496 1.7057984 0.59753424 3.3935559 1.3052303 17.091728 -2.9853484630584717 0.33497902750968933
Pedestrian 0.0 0 1.7900162935256958 698.8541259765625 162.36495971679688 736.7769165039062 247.03785705566406 0.9653738 1.7641042 0.6164281 2.4875033 1.3666732 15.525794 1.9488835334777832 0.28459447622299194
Pedestrian 0.0 0 1.8856194019317627 0.0 91.98219299316406 95.09371948242188 306.6524353027344 0.7021248 1.8726863 0.73113453 -5.3302374 1.0931565 6.7202163 1.2150603532791138 0.27822861075401306
Pedestrian 0.0 0 2.0691914558410645 173.40077209472656 125.99211883544922 243.67062377929688 258.8598937988281 0.6619346 1.8096322 0.62989783 -5.5617747 1.0549493 10.113315 1.566389799118042 0.19113002717494965
Cyclist 0.0 0 1.1834840774536133 779.7733154296875 149.53428649902344 831.1820068359375 219.63710021972656 1.9660183 1.6924537 0.55373216 5.1455708 0.92191803 18.347855 1.456905722618103 0.3113204836845398
Cyclist 0.0 0 3.0198121070861816 414.30010986328125 173.0318145751953 502.3331604003906 266.7368469238281 1.5747173 1.7061632 0.58334905 -2.75224 1.5532432 13.602166 2.82016921043396 0.28176212310791016
Cyclist 0.0 0 -2.1528759002685547 763.7801513671875 146.00975036621094 806.2396240234375 202.90016174316406 1.7063191 1.7272357 0.4269341 5.7488494 0.65084404 22.682585 -1.9046549797058105 0.1709253340959549
Cyclist 0.0 0 1.7900162935256958 698.8541259765625 162.36495971679688 736.7769165039062 247.03785705566406 0.9653738 1.7641042 0.6164281 2.4875033 1.3666732 15.525794 1.9488835334777832 0.10199086368083954
Car 0.0 0 1.1979167461395264 804.4243774414062 204.3822784423828 1103.855224609375 374.0 3.8028486 1.3820765 1.5365633 3.4311469 1.6966329 7.902254 1.6075527667999268 0.23227258026599884
