Pedestrian 0.0 0 2.9380478858947754 653.2840576171875 168.31024169921875 671.0418701171875 210.05030822753906 0.6380064 1.815634 0.76070887 2.6588633 1.2428567 31.659674 3.021833896636963 0.5085679292678833
Pedestrian 0.0 0 1.9013429880142212 825.14794921875 184.4159393310547 883.5123901367188 300.0953369140625 0.6172571 1.6195399 0.6421197 3.661008 1.6653372 10.517401 2.2363157272338867 0.31825393438339233
Pedestrian 0.0 0 1.2778383493423462 691.0350341796875 188.03465270996094 722.9444580078125 254.8118896484375 0.76755327 1.6302501 0.59446007 2.6104176 1.7994204 18.040773 1.4215364456176758 0.24363119900226593
Pedestrian 0.0 0 -0.34414008259773254 708.2305297851562 182.0474090576172 741.4410400390625 255.71070861816406 0.5750373 1.6835269 0.6587403 2.8439133 1.6978109 16.79463 -0.17639662325382233 0.19772008061408997
Pedestrian 0.0 0 2.2825872898101807 0.0 241.42648315429688 218.12884521484375 374.0 0.78857195 1.6524404 0.61280733 -2.088858 1.9232887 2.8113067 1.6435681581497192 0.19446033239364624
Pedestrian 0.0 0 -2.2968297004699707 481.35565185546875 172.2697296142578 522.1453857421875 248.59255981445312 0.5809645 1.743046 0.7544101 -2.3749404 1.5334578 16.878107 -2.4366230964660645 0.16357660293579102
Pedestrian 0.0 0 0.08935610949993134 725.7780151367188 153.67259216308594 744.0977783203125 198.11544799804688 0.68103033 1.7763033 0.57869196 5.3896646 0.66509235 29.078327 0.2726261615753174 0.1353786587715149
Pedestrian 0.0 0 0.08230116963386536 510.26275634765625 167.17193603515625 540.053955078125 219.63150024414062 0.95867455 1.7669396 0.7203077 -2.6248975 1.2854215 24.563921 -0.024154722690582275 0.13333331048488617
Pedestrian 0.0 0 -2.4943292140960693 251.53968811035156 194.34378051757812 385.50787353515625 374.0 0.7869017 1.6209519 0.6943262 -2.402274 1.7379001 6.0221033 -2.8738951683044434 0.12170373648405075
Pedestrian 0.0 0 -3.206267833709717 683.0479736328125 159.97024536132812 704.2164306640625 205.1925811767578 0.76563627 1.7199802 0.6723917 3.5279753 0.90214545 27.677755 -3.0794854164123535 0.11140559613704681
Pedestrian 0.0 0 1.567854404449463 738.6810302734375 186.46371459960938 771.0833740234375 262.416015625 0.69302964 1.6532335 0.6950213 3.3987596 1.7685229 16.096699 1.7759443521499634 0.11031712591648102
Cyclist 0.0 0 -1.9487196207046509 658.04443359375 168.85289001464844 687.6343994140625 215.31199645996094 1.7888522 1.6501195 0.4509452 2.5900638 1.2019798 26.432873 -1.85104501247406 0.46988368034362793
Cyclist 0.0 0 -2.8797671794891357 502.6910400390625 175.77383422851562 559.0245361328125 225.63233947753906 1.8250412 1.6731186 0.59255195 -2.4300432 1.4820439 24.543344 -2.9784557819366455 0.16248778998851776
Cyclist 0.0 0 1.241640567779541 722.7964477539062 152.03469848632812 746.9266357421875 195.92677307128906 1.4415077 1.7412956 0.5252133 5.4043736 0.57334745 29.24668 1.4243652820587158 0.12817731499671936
Cyclist 0.0 0 2.3530941009521484 0.0 245.92913818359375 202.66683959960938 374.0 0.8308426 1.5839577 0.5595742 -2.074092 1.8646489 2.6647243 1.6916937828063965 0.10343623161315918
Car 0.0 0 -1.3237560987472534 506.25372314453125 178.69631958007812 565.3555908203125 222.95635986328125 2.623152 1.4831154 1.4930657 -2.3024049 1.3902471 25.480297 -1.4138715267181396 0.24031437933444977
Car 0.0 0 -1.9270975589752197 723.11474609375 200.26084899902344 893.8048706054688 309.10150146484375 3.5412378 1.416527 1.4988002 3.1613035 1.7742263 11.811593 -1.6655827760696411 0.13048207759857178
Car 0.0 0 2.9342432022094727 523.4915161132812 172.72117614746094 604.6472778320312 199.32037353515625 4.3310385 1.4525723 1.6479743 -2.1251283 0.97398704 40.577797 2.8819193840026855 0.11220365017652512
