Pedestrian 0.0 0 1.4415749311447144 617.1338500976562 166.2629852294922 639.000244140625 221.87791442871094 0.92839813 1.8704259 0.63321066 0.8834505 1.3590579 24.647932 1.4774023294448853 0.8012251853942871
Pedestrian 0.0 0 2.6384618282318115 592.4783325195312 174.55653381347656 633.8330078125 247.65830993652344 0.7594106 1.7012641 0.6708853 0.24238731 1.5408777 17.189365 2.652561902999878 0.7698022127151489
Pedestrian 0.0 0 -1.3306176662445068 288.0408935546875 168.24082946777344 334.91583251953125 275.58349609375 0.7625603 1.7383881 0.56653476 -4.8932114 1.5249509 12.0489855 -1.716380000114441 0.5392895340919495
Pedestrian 0.0 0 1.6450130939483643 562.6907958984375 176.92674255371094 583.6417846679688 227.5436248779297 0.82838327 1.6963809 0.65613693 -0.98235464 1.5441929 24.496906 1.6049333810806274 0.4926605522632599
Pedestrian 0.0 0 1.6957626342773438 644.9957885742188 164.91493225097656 658.9408569335938 202.47572326660156 0.5404047 1.8880911 0.64390856 2.5584784 1.0552753 36.43386 1.7658700942993164 0.45509955286979675
Pedestrian 0.0 0 1.4174573421478271 636.9617919921875 165.3861083984375 653.2119750976562 203.51011657714844 0.7319587 1.8556728 0.6936385 2.1368032 1.0722301 35.3587 1.477816104888916 0.40467092394828796
Pedestrian 0.0 0 -0.1236465573310852 595.3646240234375 165.83311462402344 610.1424560546875 191.63392639160156 0.987726 1.8122168 0.5174988 0.10532755 0.71242726 50.769047 -0.12157192081212997 0.337225079536438
Pedestrian 0.0 0 -1.0550355911254883 539.58251953125 166.86082458496094 577.4672241210938 229.45643615722656 0.9708209 1.7572726 0.7073532 -1.2621101 1.3474478 20.754957 -1.1157708168029785 0.32961606979370117
Pedestrian 0.0 0 1.3790818452835083 657.4623413085938 165.89242553710938 674.3434448242188 203.32546997070312 0.7119644 1.8273503 0.7060803 3.170243 1.0663366 35.45423 1.4682625532150269 0.3190642297267914
Pedestrian 0.0 0 -1.1939862966537476 717.1395874023438 159.60757446289062 733.5637817382812 194.1295928955078 0.64669937 1.8363605 0.68130946 6.6674857 0.6726569 38.66185 -1.0232096910476685 0.3090367019176483
Pedestrian 0.0 0 -1.2869349718093872 607.9046630859375 161.81224060058594 623.3098754882812 201.4468994140625 0.45745382 1.7556183 0.58454615 0.6222017 0.88449776 32.121624 -1.2675671577453613 0.3001193702220917
Pedestrian 0.0 0 0.6188377737998962 483.5920104980469 171.6221466064453 517.4187622070312 244.82162475585938 0.53091514 1.6437793 0.58311373 -2.3525116 1.4231763 16.50935 0.477294921875 0.27508053183555603
Pedestrian 0.0 0 1.7004860639572144 708.0805053710938 158.5118865966797 724.7366943359375 198.7437744140625 0.68946373 1.9100361 0.7082467 5.5206404 0.81957036 34.531998 1.859014868736267 0.2676078975200653
Pedestrian 0.0 0 0.04337771236896515 374.59100341796875 183.10955810546875 408.4703063964844 261.7685852050781 0.67914194 1.6605905 0.6886434 -4.585033 1.6976893 15.595032 -0.24257095158100128 0.17923474311828613
Pedestrian 0.0 0 3.6697044372558594 97.2666015625 170.8937225341797 207.15272521972656 327.6465148925781 0.74857926 1.65788 0.7785696 -5.019536 1.5470643 7.9960117 3.109126567840576 0.1614021360874176
Pedestrian 0.0 0 -1.775587558746338 757.7100219726562 158.09080505371094 774.5403442382812 197.76976013183594 0.9059762 1.8353468 0.5958488 7.7068453 0.75348157 33.68282 -1.550653100013733 0.16043297946453094
Pedestrian 0.0 0 1.432450771331787 727.6449584960938 162.9778594970703 766.57421875 245.2289276123047 1.8821474 1.7259126 0.588105 3.188393 1.3384871 16.027088 1.6288247108459473 0.12147538363933563
Cyclist 0.0 0 1.3573734760284424 732.3529052734375 164.4365234375 776.55517578125 247.4652557373047 1.8593726 1.7366102 0.57022303 3.333924 1.3809484 15.953692 1.5633838176727295 0.30759197473526
Cyclist 0.0 0 -1.2884067296981812 283.24127197265625 163.234375 334.1197814941406 273.4183349609375 0.9610885 1.7670382 0.5454018 -4.925801 1.4754032 12.024232 -1.6772096157073975 0.12312785536050797
Cyclist 0.0 0 1.6580837965011597 562.5759887695312 175.8768310546875 583.2979736328125 226.9014892578125 0.81600964 1.7048965 0.6370273 -0.9875126 1.5180899 24.421728 1.617669939994812 0.11481877416372299
Car 0.0 0 -2.1050338745117188 821.9804077148438 188.29855346679688 956.2736206054688 251.02017211914062 3.9153855 1.4862655 1.5896156 7.6209826 1.6917067 19.525356 -1.7329070568084717 0.17559877038002014
