Pedestrian 0.0 0 -0.9358608722686768 1087.060546875 132.64064025878906 1242.0 375.0 0.93429977 1.7161468 0.58195543 3.6091115 1.483227 4.587668 -0.26928338408470154 0.22562722861766815
Pedestrian 0.0 0 -1.9418203830718994 0.0 211.63597106933594 103.72735595703125 375.0 0.7470521 1.6389205 0.6539383 -5.0355897 2.0035686 6.3045835 -2.6157796382904053 0.20612597465515137
Pedestrian 0.0 0 3.424236536026001 9.513106346130371 94.24209594726562 149.65577697753906 284.6988830566406 0.99824154 1.7889615 0.6315263 -5.3365927 1.0509174 7.243268 2.789259195327759 0.1903218924999237
Pedestrian 0.0 0 2.5187478065490723 936.9971313476562 166.441162109375 1057.8154296875 361.6063537597656 0.6992084 1.7384269 0.7548519 3.5946746 1.6816628 6.846661 3.0022151470184326 0.18887315690517426
Pedestrian 0.0 0 1.326074481010437 93.09461212158203 136.31546020507812 164.8480682373047 284.212158203125 0.690226 1.7718182 0.601271 -6.120381 1.3344404 9.095735 0.7337794303894043 0.18260127305984497
Pedestrian 0.0 0 1.4718815088272095 752.99267578125 158.29151916503906 787.6720581054688 240.8021697998047 0.89526767 1.8719891 0.702472 3.6842318 1.541956 16.852762 1.6871083974838257 0.134847491979599
Pedestrian 0.0 0 1.6728591918945312 519.578125 173.83291625976562 533.4296264648438 210.66976928710938 0.8782488 1.8354414 0.6094674 -4.2476807 1.8858098 36.415672 1.5567396879196167 0.1265297532081604
Pedestrian 0.0 0 -3.212444543838501 673.4151611328125 164.69944763183594 687.87060546875 195.18984985351562 0.86212534 1.8936245 0.5432068 4.3798575 1.3875388 45.091476 -3.1156156063079834 0.10372424870729446
Cyclist 0.0 0 1.7318308353424072 509.4586486816406 187.93646240234375 523.6448364257812 225.99868774414062 1.5889046 1.6411904 0.38726988 -4.247336 2.3385887 32.54319 1.602050542831421 0.489541620016098
Cyclist 0.0 0 -2.088937282562256 1073.652587890625 123.21571350097656 1242.0 375.0 1.7147628 1.7479866 0.5165054 3.6081223 1.4919053 4.6106453 -1.4249192476272583 0.2777760326862335
Cyclist 0.0 0 2.2151529788970947 435.0050964355469 150.22401428222656 483.1832580566406 208.40989685058594 1.8269112 1.8004844 0.5318275 -4.8879685 1.1005876 23.264387 2.0080599784851074 0.10685917735099792
Car 0.0 0 1.8479573726654053 303.074951171875 176.16278076171875 463.18023681640625 287.545654296875 3.432747 1.5982847 1.6770176 -3.6923459 1.662464 12.1841955 1.5537103414535522 0.9768978357315063
Car 0.0 0 -1.5285491943359375 659.1021728515625 180.66055297851562 698.609375 221.8432159423828 3.4315932 1.648101 1.5678037 2.996279 2.007386 31.364813 -1.4333082437515259 0.5384016036987305
Car 0.0 0 -2.09498929977417 643.8168334960938 164.76663208007812 694.7615356445312 193.10000610351562 3.6893585 1.7496552 1.6464942 3.7494607 1.2505978 46.573456 -2.0146560668945312 0.16009290516376495
Car 0.0 0 1.5970332622528076 637.4630737304688 182.8123321533203 659.7011108398438 205.97390747070312 4.2161336 1.716776 1.6620072 3.081983 2.5408194 57.51036 1.6505720615386963 0.15369415283203125
