Pedestrian 0.0 0 1.7347135543823242 247.37637329101562 180.1677703857422 286.58001708984375 255.23751831054688 1.1628885 1.8373854 0.72743154 -8.801019 2.031427 18.445475 1.2895230054855347 0.4057159125804901
Pedestrian 0.0 0 -1.0705797672271729 350.0172424316406 168.0425262451172 385.8428039550781 218.6729278564453 1.7186158 1.7814553 0.47247776 -8.838878 1.6125195 26.272282 -1.395117998123169 0.10458902269601822
Cyclist 0.0 0 -1.0705797672271729 350.0172424316406 168.0425262451172 385.8428039550781 218.6729278564453 1.7186158 1.7814553 0.47247776 -8.838878 1.6125195 26.272282 -1.395117998123169 0.32531261444091797
Car 0.0 0 -1.4116830825805664 494.624267578125 180.77944946289062 555.7718505859375 226.7960662841797 4.032561 1.5311613 1.6312726 -3.1052763 1.84802 26.761799 -1.52720046043396 0.97642982006073
Car 0.0 0 -1.7372522354125977 672.3858642578125 179.55471801757812 760.3726806640625 242.1011199951172 4.1576653 1.4676819 1.648696 2.6992924 1.668493 19.480486 -1.599565029144287 0.9500911235809326
Car 0.0 0 -1.7772811651229858 704.9437255859375 182.95974731445312 838.64990234375 278.8577880859375 3.8473766 1.5066801 1.6609557 2.8351505 1.7254252 13.664565 -1.5727019309997559 0.9438073635101318
Car 0.0 0 -1.8832192420959473 739.1295776367188 180.0031280517578 1034.01708984375 373.3349609375 4.2237506 1.565483 1.6947321 2.6225147 1.6671343 8.108249 -1.5704009532928467 0.9314000606536865
Car 0.0 0 -1.6825007200241089 647.7456665039062 178.59194946289062 688.279541015625 212.3278045654297 3.6545496 1.5614728 1.6011451 2.796364 1.8619047 35.87766 -1.6047163009643555 0.8085686564445496
Car 0.0 0 -2.263925075531006 898.2529296875 0.0 1242.0 375.0 3.7094004 1.8284692 1.5961175 2.7226229 1.4525925 3.167544 -1.5539199113845825 0.6071016192436218
Car 0.0 0 1.6394109725952148 521.53173828125 183.71539306640625 557.5878295898438 215.40663146972656 3.9634988 1.4671185 1.5622826 -3.5779028 2.0512695 36.77636 1.5424280166625977 0.456677109003067
