Pedestrian 0.0 0 0.9055080413818359 297.1367492675781 118.01808166503906 359.8628234863281 242.0634765625 0.73235327 1.8381592 0.5693313 -4.389822 1.0259343 11.119962 0.5295188426971436 0.19315272569656372
Pedestrian 0.0 0 -1.474492073059082 250.1357421875 154.13157653808594 269.6285400390625 207.32162475585938 0.44823533 1.9392134 0.6075995 -12.957367 1.2569851 26.619312 -1.9274961948394775 0.17156948149204254
Pedestrian 0.0 0 -1.6037060022354126 741.2286376953125 139.6103973388672 781.5250854492188 250.75169372558594 0.7972545 1.7858458 0.6276615 2.460921 1.252037 12.0367775 -1.402035117149353 0.1645316332578659
Cyclist 0.0 0 -3.1441097259521484 647.4818725585938 173.3476104736328 675.4808349609375 206.34205627441406 1.4935958 1.7618266 0.58795005 2.7359617 1.7890198 38.879826 -3.0738558769226074 0.15413439273834229
Car 0.0 0 1.8019301891326904 332.1677551269531 187.3402557373047 467.9776306152344 287.4057312011719 3.7271593 1.5351384 1.6056446 -3.8052502 1.8449168 13.512383 1.527427315711975 0.9686230421066284
Car 0.0 0 1.7633432149887085 418.7596740722656 172.85394287109375 511.6017150878906 251.15469360351562 4.270863 1.8924816 1.6687886 -3.8394353 1.8928384 19.572779 1.5696407556533813 0.9358562231063843
Car 0.0 0 1.6281297206878662 523.3250122070312 176.4744415283203 560.8720703125 209.65679931640625 4.0638905 1.5940561 1.6966012 -3.481754 1.7912792 37.170395 1.5347321033477783 0.7403029799461365
Car 0.0 0 -0.15758413076400757 648.1170654296875 174.93960571289062 725.6318359375 204.6889190673828 4.0087304 1.5874965 1.707922 4.143051 1.7050834 39.594414 -0.05332627147436142 0.5352467894554138
Car 0.0 0 -2.8436763286590576 369.3110656738281 171.04762268066406 458.5055847167969 204.96017456054688 3.529522 1.475693 1.6204885 -8.762288 1.3974466 32.26225 -3.108874797821045 0.3211541175842285
Car 0.0 0 1.5743284225463867 632.6898193359375 180.53805541992188 655.9852905273438 204.25491333007812 3.7606058 1.6232837 1.634045 2.4769685 2.2036948 52.54532 1.6214332580566406 0.19558249413967133
