Pedestrian 0.0 0 0.36841461062431335 322.33642578125 169.9999237060547 334.569091796875 194.42239379882812 0.6573981 1.8258072 0.679162 -21.20511 1.612797 54.27983 -0.004016619175672531 0.17150083184242249
Pedestrian 0.0 0 0.07113257795572281 595.558349609375 158.95799255371094 610.1051635742188 187.13206481933594 0.9438702 1.8839263 0.5294478 -0.5100605 0.95509505 48.537407 0.06062436103820801 0.1478143185377121
Pedestrian 0.0 0 -2.8835206031799316 419.613525390625 175.25851440429688 439.8157958984375 224.25169372558594 0.5463614 1.751596 0.72314656 -6.5844545 1.84047 26.194128 -3.1297895908355713 0.14454756677150726
Pedestrian 0.0 0 2.5507397651672363 985.3781127929688 119.41987609863281 1062.9786376953125 250.45787048339844 0.8150427 1.6894372 0.38030297 5.4035716 1.0008833 9.5198345 3.0670039653778076 0.12860333919525146
Pedestrian 0.0 0 -2.531582832336426 979.4281005859375 195.52040100097656 1007.5672607421875 237.1775665283203 0.81358045 1.773898 0.749763 16.87798 2.79117 31.835629 -2.0440993309020996 0.1266223043203354
Car 0.0 0 -1.4143716096878052 506.2122802734375 180.23971557617188 553.0497436523438 215.2889862060547 3.5728037 1.4567252 1.5646344 -3.6117492 1.8091724 32.573677 -1.5247999429702759 0.969407856464386
Car 0.0 0 -1.5211957693099976 565.31591796875 183.54180908203125 621.3456420898438 230.32566833496094 3.3637145 1.3836595 1.6841278 -0.5312778 1.7621373 23.820023 -1.5434958934783936 0.9631026983261108
Car 0.0 0 1.9912567138671875 183.83755493164062 187.8531036376953 286.9096374511719 235.01829528808594 3.9445264 1.3772695 1.612159 -12.5511675 1.9259652 24.361465 1.5155186653137207 0.9221000671386719
Car 0.0 0 1.6527761220932007 409.4155578613281 175.49273681640625 433.5579528808594 194.6593017578125 3.9416566 1.4956012 1.592935 -15.3917265 1.719161 58.951206 1.3973848819732666 0.2617901861667633
Car 0.0 0 2.7262496948242188 70.14290618896484 190.62181091308594 184.68026733398438 226.68756103515625 3.9839988 1.423859 1.6650028 -21.819183 2.2820714 32.706703 2.1379356384277344 0.20780758559703827
Car 0.0 0 1.8021692037582397 333.8270568847656 180.4385223388672 371.1520690917969 207.09732055664062 3.8760204 1.7585827 1.6286348 -18.092777 2.3137124 50.758053 1.4597586393356323 0.15826620161533356
