Pedestrian 0.0 0 0.002131059765815735 711.2156982421875 171.69505310058594 732.2244262695312 207.3480987548828 1.0274696 1.7607028 0.7051282 5.5446157 1.7038269 36.05745 0.154707670211792 0.1814170628786087
Pedestrian 0.0 0 0.041958123445510864 947.28173828125 127.31014251708984 974.3399047851562 196.62867736816406 0.6152345 1.774468 0.5246141 9.116687 0.6089599 18.844313 0.4925537109375 0.16971561312675476
Pedestrian 0.0 0 1.7224873304367065 743.3983764648438 151.37705993652344 758.7998657226562 186.04611206054688 0.86919814 1.8437463 0.6924273 7.573709 0.70193225 38.895485 1.9148004055023193 0.16692394018173218
Pedestrian 0.0 0 -1.1235740184783936 337.8655090332031 176.14169311523438 382.0796203613281 253.92507934570312 0.7696218 1.8664186 0.7735095 -6.1979394 1.9497066 17.772095 -1.459130883216858 0.16047774255275726
Pedestrian 0.0 0 1.6858757734298706 293.4011535644531 169.79278564453125 335.7410888671875 248.2547149658203 0.98139316 1.8440557 0.84779066 -7.21574 1.7724669 17.542637 1.2956440448760986 0.13105878233909607
Cyclist 0.0 0 -1.7517704963684082 478.1372985839844 157.73312377929688 502.3934326171875 206.96646118164062 1.6990246 1.8148292 0.61232203 -4.618207 1.2578045 27.497423 -1.918168067932129 0.2200384885072708
Car 0.0 0 -1.8391969203948975 731.9285278320312 185.84861755371094 914.02978515625 301.5889587402344 4.6263843 1.4852632 1.6537615 3.2279181 1.7453015 12.096809 -1.578432321548462 0.9675278663635254
Car 0.0 0 -1.7113865613937378 652.3060302734375 168.87545776367188 710.7930908203125 218.25294494628906 4.2874975 1.8223708 1.7201084 2.7295213 1.6758924 28.808105 -1.6169202327728271 0.675530195236206
Car 0.0 0 -2.04205584526062 901.8634033203125 191.11959838867188 1165.7452392578125 326.304443359375 4.098796 1.53993 1.653964 5.9420915 1.8674996 10.849843 -1.5410062074661255 0.38084089756011963
Car 0.0 0 -2.868595838546753 389.3210754394531 169.7173614501953 497.63739013671875 208.5574951171875 3.8021653 1.4605875 1.6339037 -6.458904 1.3429918 28.035313 -3.095029354095459 0.36258384585380554
Car 0.0 0 0.37228119373321533 382.87347412109375 158.48695373535156 467.0634765625 191.22703552246094 3.6362896 1.5444479 1.5775534 -8.991177 0.8670693 35.036945 0.12108182907104492 0.3423607051372528
Car 0.0 0 -3.114149808883667 869.4929809570312 180.1949005126953 995.044921875 228.06529235839844 3.7823856 1.4939656 1.6251087 10.865741 1.759719 24.536335 -2.697263717651367 0.13998481631278992
