Pedestrian 0.0 0 0.12179833650588989 1229.4984130859375 164.57730102539062 1242.0 203.04774475097656 0.6749111 1.7639357 0.66268295 29.26887 1.3847926 33.55345 0.8391003608703613 0.2004982978105545
Pedestrian 0.0 0 1.870805025100708 447.69970703125 160.58065795898438 478.37939453125 225.10789489746094 0.798831 1.8454758 0.67315954 -4.3299127 1.4948168 21.063414 1.668063759803772 0.19314733147621155
Pedestrian 0.0 0 1.1962461471557617 436.9819641113281 179.0366973876953 457.37115478515625 213.24595642089844 1.5489198 1.8466643 0.57511 -9.078011 2.1970024 40.038857 0.9732856750488281 0.1067606508731842
Cyclist 0.0 0 1.1962461471557617 436.9819641113281 179.0366973876953 457.37115478515625 213.24595642089844 1.5489198 1.8466643 0.57511 -9.078011 2.1970024 40.038857 0.9732856750488281 0.15230445563793182
Car 0.0 0 2.96781587600708 304.11785888671875 194.1080780029297 385.41619873046875 223.65298461914062 4.2585955 1.5548087 1.5841072 -15.543205 2.8513908 42.247223 2.6152749061584473 0.7586039304733276
Car 0.0 0 -0.6334491968154907 862.4428100585938 170.47264099121094 937.426025390625 196.54177856445312 4.103973 1.5558434 1.6409496 17.781359 1.4140787 44.36637 -0.25226664543151855 0.22294218838214874
Car 0.0 0 -1.7352046966552734 409.59442138671875 148.521484375 454.97271728515625 181.51084899902344 3.8795822 1.6500291 1.712505 -9.492899 0.43334782 38.206696 -1.9787349700927734 0.2084181308746338
Car 0.0 0 1.675510287284851 99.9049072265625 180.2388153076172 137.0956573486328 209.36619567871094 3.9361203 1.8426915 1.6800922 -33.25687 2.3649228 48.85601 1.0778470039367676 0.19286926090717316
Car 0.0 0 -1.8318531513214111 1207.81005859375 162.16392517089844 1242.0 197.68080139160156 4.1183276 1.6090264 1.6783723 30.562721 1.1250905 34.90317 -1.112658977508545 0.18700836598873138
Car 0.0 0 1.6925963163375854 59.90255355834961 179.65663146972656 107.21034240722656 211.22384643554688 4.322347 1.6192288 1.6199086 -29.347021 2.0208337 40.27419 1.0628798007965088 0.18574541807174683
Car 0.0 0 3.094533681869507 500.61138916015625 161.14715576171875 561.3603515625 187.31704711914062 3.774233 1.6281035 1.6295136 -5.0893774 0.9001456 45.98645 2.984311103820801 0.16641639173030853
Car 0.0 0 -0.9687056541442871 1016.8888549804688 152.59417724609375 1080.7724609375 176.2848663330078 4.2021723 1.5801462 1.6801283 30.234447 0.22919348 49.751053 -0.4226328432559967 0.15139207243919373
