Car 0.0 0 -1.8402302265167236 729.3485717773438 186.16433715820312 897.0081176757812 302.38580322265625 3.5058594 1.4638671 1.5778824 2.914957 1.7044654 11.25507 -1.5868079662322998 0.9747098088264465
Car 0.0 0 0.6631768941879272 0.0 181.3839111328125 294.9701843261719 327.1965026855469 3.8772051 1.5442852 1.5753547 -6.0964713 1.6569843 8.620974 0.04765677452087402 0.9558069109916687
Car 0.0 0 3.432173013687134 207.83148193359375 174.20584106445312 407.5299987792969 249.2021484375 3.7247598 1.5360147 1.6293802 -6.5375385 1.5678719 15.810458 3.0400876998901367 0.9487923383712769
Car 0.0 0 2.84108829498291 699.5966796875 169.5424346923828 828.7086181640625 213.48995971679688 4.7651196 1.6987542 1.7532107 6.09217 1.5711064 28.982492 3.048273801803589 0.93196702003479
Car 0.0 0 0.2962517738342285 340.0511779785156 160.34153747558594 472.8353576660156 211.9405517578125 4.122974 1.7247218 1.6565756 -7.023158 1.3068447 24.988981 0.022269487380981445 0.8986116647720337
Car 0.0 0 0.5185617208480835 71.73401641845703 162.3575439453125 359.7370910644531 280.1194152832031 3.5243607 1.6420431 1.5030043 -5.8437014 1.4960408 10.852877 0.024631500244140625 0.8448166847229004
Car 0.0 0 -3.455287456512451 777.8088989257812 185.53121948242188 954.0578002929688 245.53858947753906 3.967008 1.4425843 1.5872729 6.4227586 1.7831647 18.528244 -3.121603012084961 0.8341546058654785
Car 0.0 0 -2.303070068359375 0.0 173.3839874267578 142.744384765625 375.0 3.8300135 1.5057949 1.5908036 -6.37512 1.5111963 6.021153 -3.1170146465301514 0.8028513789176941
Car 0.0 0 3.3076722621917725 424.2518005371094 171.6980438232422 511.4462890625 205.8716583251953 3.8764367 1.596106 1.6940583 -6.8010573 1.542474 34.59825 3.113574743270874 0.7644835114479065
Car 0.0 0 -0.15606236457824707 756.5071411132812 175.8043212890625 898.5535278320312 228.55337524414062 3.7837694 1.4622872 1.4997741 6.2176623 1.5529792 21.099844 0.13050484657287598 0.6566678881645203
Car 0.0 0 3.1547048091888428 449.9192199707031 166.3771514892578 533.0553588867188 201.74411010742188 4.4012637 1.8809993 1.7996987 -6.5086823 1.5368847 39.590637 2.99176287651062 0.6086103320121765
