Pedestrian 0.0 0 -1.8098231554031372 650.2195434570312 180.78128051757812 668.7661743164062 216.5419464111328 0.92012084 1.7452546 0.72348356 2.4235156 2.1463208 35.954475 -1.7425198554992676 0.21790482103824615
Pedestrian 0.0 0 -1.6724189519882202 898.0145874023438 174.79185485839844 918.67138671875 227.19973754882812 0.8860671 1.6913215 0.5411249 9.798517 1.7570131 23.821733 -1.2821863889694214 0.14588430523872375
Pedestrian 0.0 0 1.0020302534103394 752.5982666015625 136.6010284423828 787.81494140625 186.8964385986328 1.525427 1.8396672 0.56008404 5.9819717 0.5139915 27.201607 1.2184970378875732 0.10246193408966064
Cyclist 0.0 0 -2.0880556106567383 1134.5562744140625 211.7635498046875 1226.670166015625 322.54150390625 1.766322 1.7023981 0.44124848 9.878726 2.4327266 12.627902 -1.4242050647735596 0.268536776304245
Cyclist 0.0 0 1.0020302534103394 752.5982666015625 136.6010284423828 787.81494140625 186.8964385986328 1.525427 1.8396672 0.56008404 5.9819717 0.5139915 27.201607 1.2184970378875732 0.14777740836143494
Car 0.0 0 1.7943971157073975 390.3665466308594 182.97215270996094 432.4390869140625 209.70237731933594 4.5483513 1.7119498 1.8642294 -13.799676 2.449766 50.273 1.5265007019042969 0.8957481384277344
Car 0.0 0 2.246695041656494 0.0 199.75001525878906 125.0065689086914 275.9109191894531 4.162981 1.4188696 1.8372612 -13.786275 2.1307847 16.999638 1.565298080444336 0.8548793792724609
Car 0.0 0 1.5307950973510742 705.5880737304688 173.597412109375 731.9550170898438 199.66664123535156 4.245963 1.8101821 1.7182083 7.835847 1.8668299 52.428085 1.6791558265686035 0.43711212277412415
Car 0.0 0 -1.7313663959503174 638.278564453125 183.42840576171875 680.0419921875 215.34185791015625 3.7064643 1.5204682 1.587251 2.4715607 2.0995543 37.566326 -1.6656692028045654 0.25409752130508423
Car 0.0 0 1.5062733888626099 660.5046997070312 182.53436279296875 705.3363037109375 223.5881805419922 4.2546897 1.5911129 1.6369008 3.0386424 2.0380428 31.130081 1.6035763025283813 0.1285543441772461
Car 0.0 0 2.136993169784546 100.5794448852539 190.10931396484375 178.78738403320312 220.79876708984375 3.6397636 1.4001557 1.645554 -23.927511 2.32437 36.8004 1.5604795217514038 0.11595563590526581
