Pedestrian 0.0 0 -1.5824755430221558 553.6045532226562 173.1986541748047 577.4515991210938 233.79241943359375 0.73465353 1.6807636 0.661466 -1.0506785 1.4516504 20.31026 -1.6341608762741089 0.8076463937759399
Pedestrian 0.0 0 -1.1150896549224854 658.14501953125 158.74847412109375 751.7914428710938 322.333984375 0.99945956 1.7014241 0.6737646 1.1303555 1.4661522 8.071339 -0.9759490489959717 0.7885878682136536
Pedestrian 0.0 0 -1.9856770038604736 922.3138427734375 140.6479034423828 991.2191772460938 267.9395751953125 0.7639603 1.7327104 0.6156138 4.96779 1.1779497 10.169298 -1.5312646627426147 0.690794050693512
Pedestrian 0.0 0 -1.8082678318023682 503.401123046875 172.92520141601562 526.5698852539062 230.58485412597656 0.7784079 1.712942 0.5279791 -2.6556494 1.4593304 21.794651 -1.9295188188552856 0.6869803071022034
Pedestrian 0.0 0 2.210242509841919 42.629127502441406 135.34686279296875 249.81533813476562 374.0 0.7170087 1.6161064 0.62927926 -2.4294803 1.3962715 3.8217568 1.643987774848938 0.5951377153396606
Pedestrian 0.0 0 0.35262006521224976 584.1205444335938 173.11776733398438 610.3261108398438 229.251953125 0.6211313 1.6344535 0.56302774 -0.15066196 1.3915231 21.283133 0.34554123878479004 0.587825357913971
Pedestrian 0.0 0 1.967761754989624 1105.875732421875 120.01641082763672 1238.0 374.0 0.6537918 1.6410332 0.6473949 3.716346 1.285606 4.6066732 2.6465935707092285 0.5667406916618347
Pedestrian 0.0 0 -1.460357904434204 577.5936279296875 173.00816345214844 594.6507568359375 217.09654235839844 0.8255256 1.7006574 0.5822484 -0.61419797 1.3741132 28.143217 -1.4821784496307373 0.5658589601516724
Pedestrian 0.0 0 0.33983129262924194 593.3900756835938 177.08421325683594 623.0057373046875 232.93934631347656 0.70258427 1.5353607 0.5008737 0.1611298 1.4151325 20.098352 0.34784817695617676 0.5502153038978577
Pedestrian 0.0 0 1.3785343170166016 960.6392211914062 143.32760620117188 1017.37548828125 267.92535400390625 0.5907167 1.7877648 0.6386037 5.7048874 1.2413706 10.680427 1.8691227436065674 0.5035578012466431
Pedestrian 0.0 0 -1.7159228324890137 898.8588256835938 147.2154083251953 946.44189453125 261.70343017578125 0.93639195 1.7417985 0.5580492 5.0615263 1.2215031 11.451803 -1.299754023551941 0.38810116052627563
Pedestrian 0.0 0 -2.9713284969329834 627.8904418945312 169.27867126464844 647.9517211914062 211.69705200195312 0.71771234 1.7063639 0.6530229 1.4741322 1.2157352 29.290945 -2.921043634414673 0.3483540117740631
Pedestrian 0.0 0 -3.0931131839752197 655.1826782226562 167.73097229003906 677.0401000976562 211.68934631347656 0.8046225 1.6532301 0.5264947 2.4440176 1.1364214 27.32921 -3.0039217472076416 0.3421294093132019
Pedestrian 0.0 0 -2.757171154022217 405.32958984375 199.8194122314453 451.3973693847656 292.0113525390625 0.6056413 1.6033336 0.67189246 -3.16818 1.9462003 13.015941 -2.9959356784820557 0.3326949179172516
Pedestrian 0.0 0 -3.0926363468170166 749.743896484375 148.82647705078125 781.2359619140625 221.1828155517578 0.7508266 1.7936779 0.593131 4.1258893 0.9849046 18.191074 -2.869601249694824 0.3302123546600342
Pedestrian 0.0 0 -2.3106672763824463 605.171142578125 175.9119415283203 631.805419921875 230.845947265625 0.5723462 1.647858 0.57922417 0.49291846 1.4813561 21.951347 -2.2882161140441895 0.3184136748313904
Pedestrian 0.0 0 -1.382253646850586 715.2420043945312 160.43357849121094 738.3685913085938 211.99813842773438 1.0385588 1.6621192 0.5702027 4.124513 0.984166 23.738485 -1.2102230787277222 0.29197293519973755
Pedestrian 0.0 0 1.3719172477722168 977.4818725585938 151.0897674560547 1031.217529296875 266.12481689453125 0.52017975 1.748551 0.6425126 6.2618017 1.2876145 11.261564 1.879380464553833 0.29009032249450684
Pedestrian 0.0 0 -0.5858656167984009 853.7781982421875 134.6323699951172 902.0095825195312 222.67127990722656 0.78441346 1.782833 0.5033519 5.6825604 0.83498174 14.875558 -0.2209663689136505 0.2848564684391022
Pedestrian 0.0 0 1.4479566812515259 703.3917236328125 160.89730834960938 724.4837646484375 208.96124267578125 0.98335284 1.7213492 0.64279455 4.078753 0.984542 26.225197 1.6022485494613647 0.2583189010620117
Pedestrian 0.0 0 -2.5781211853027344 390.1277160644531 186.0108184814453 422.5555725097656 255.34454345703125 0.553953 1.6552444 0.55539423 -4.7939663 1.7687541 17.538115 -2.8449485301971436 0.24161098897457123
Pedestrian 0.0 0 2.0371689796447754 194.1553955078125 155.46820068359375 403.5639953613281 374.0 1.353682 1.6063383 0.5395495 -1.6783515 1.4850004 4.0805655 1.6469563245773315 0.14382271468639374
Pedestrian 0.0 0 -2.731562614440918 451.67529296875 174.7832794189453 510.2285461425781 235.03643798828125 1.5879415 1.6935111 0.50612605 -3.4870489 1.5058738 20.623678 -2.8990583419799805 0.10277023166418076
Cyclist 0.0 0 -2.7721498012542725 454.7255554199219 171.4095001220703 516.1607666015625 233.21168518066406 1.6640453 1.7364458 0.5219108 -3.3541765 1.4540813 20.607538 -2.933499336242676 0.36101529002189636
Cyclist 0.0 0 2.012368679046631 193.8702392578125 160.4959716796875 404.5650634765625 374.0 1.5030485 1.603141 0.50575477 -1.6733639 1.506849 4.1037126 1.625183343887329 0.3253730237483978
Cyclist 0.0 0 -1.718595027923584 896.9188842773438 147.18270874023438 937.2999877929688 265.6532287597656 1.1407652 1.8137565 0.4277185 5.0394335 1.2896693 11.601239 -1.3087999820709229 0.250502347946167
Cyclist 0.0 0 -1.5048744678497314 713.23095703125 171.7821807861328 731.1963500976562 222.03900146484375 1.2798934 1.573521 0.4908036 3.8767834 1.2703677 23.16737 -1.339072585105896 0.2374514490365982
Cyclist 0.0 0 1.3637268543243408 244.98695373535156 171.91427612304688 297.0677795410156 266.144775390625 1.7762899 1.6969975 0.5489987 -6.4126153 1.525638 13.809634 0.9289970397949219 0.2315286248922348
Cyclist 0.0 0 1.2017987966537476 747.409912109375 149.1729278564453 783.6984252929688 221.29403686523438 0.96381104 1.7756171 0.5855527 4.115077 0.98091567 18.202265 1.4241361618041992 0.1716880202293396
Cyclist 0.0 0 1.4699156284332275 962.2649536132812 147.23184204101562 1017.2356567382812 275.10015869140625 0.85964745 1.7902766 0.62342453 5.651636 1.3118087 10.570821 1.9608935117721558 0.14865027368068695
