Pedestrian 0.0 0 -0.6160362958908081 811.3831787109375 159.49349975585938 837.4332275390625 204.99313354492188 0.75815284 1.7213788 0.5876548 8.1849165 1.2162719 27.695505 -0.3286832869052887 0.29991528391838074
Car 0.0 0 2.1546359062194824 0.0 205.28768920898438 277.1990966796875 355.7776794433594 3.403455 1.494204 1.5589308 -6.0815296 2.004222 9.618437 1.5908198356628418 0.9694824814796448
Car 0.0 0 -1.8389559984207153 714.8631591796875 179.574462890625 868.9539184570312 278.1272277832031 3.969951 1.47437 1.6515893 3.0389445 1.6153897 13.082962 -1.6107207536697388 0.9615249633789062
Car 0.0 0 1.9717178344726562 236.73780822753906 194.60255432128906 396.302734375 282.8259582519531 4.0873427 1.4820707 1.619036 -6.0097156 2.0027924 15.198231 1.595164179801941 0.9388552904129028
Car 0.0 0 1.8055062294006348 383.3656005859375 180.15695190429688 469.5479736328125 235.93544006347656 4.377509 1.610514 1.7522377 -5.919276 1.8720582 23.604374 1.559802770614624 0.9014772176742554
Car 0.0 0 1.7851248979568481 435.4393005371094 183.84326171875 496.17529296875 224.74269104003906 4.1170106 1.5282711 1.6479536 -5.9804463 2.0193858 30.146212 1.589286208152771 0.6373348832130432
Car 0.0 0 1.625420093536377 556.2484741210938 180.453369140625 581.1798095703125 202.02658081054688 4.091976 1.532082 1.6690333 -3.1228104 2.130464 54.73004 1.5684235095977783 0.5662527084350586
Car 0.0 0 1.7970625162124634 521.3661499023438 182.1042938232422 553.2488403320312 202.57327270507812 4.2375593 1.4669416 1.5474969 -5.612884 2.2121117 55.894524 1.6969788074493408 0.459623247385025
Car 0.0 0 1.6828560829162598 482.7148742675781 185.3525390625 519.806640625 215.7660675048828 3.8875115 1.5172111 1.5886205 -5.950992 2.2374628 39.584606 1.533637523651123 0.3695477247238159
Car 0.0 0 -1.5300930738449097 639.2695922851562 174.50437927246094 659.373779296875 192.23402404785156 3.451601 1.4763325 1.5935867 3.391261 1.6230865 62.20673 -1.4756309986114502 0.35605689883232117
