Pedestrian 0.0 0 1.7397643327713013 580.5325927734375 171.91285705566406 601.1423950195312 219.77467346191406 1.0054594 1.7897019 0.6278118 -0.4177377 1.4322422 27.403034 1.724521279335022 0.776107668876648
Pedestrian 0.0 0 2.173788070678711 500.7502136230469 177.1390380859375 560.521728515625 273.9575500488281 0.8851556 1.6263165 0.66053486 -1.2750335 1.5543475 12.610581 2.0730223655700684 0.7587459683418274
Pedestrian 0.0 0 -0.9552533030509949 593.1962280273438 170.92330932617188 622.0596923828125 226.39080810546875 0.72828525 1.6645536 0.5693716 0.16472568 1.3482754 22.016123 -0.9477713704109192 0.6541943550109863
Pedestrian 0.0 0 -0.29096004366874695 766.3060913085938 160.8616180419922 811.2579956054688 235.4134063720703 0.9549556 1.8150176 0.5608874 4.596852 1.3137538 17.78416 -0.0380161814391613 0.6541796326637268
Pedestrian 0.0 0 -2.1345152854919434 91.94151306152344 148.96142578125 205.6716766357422 316.89495849609375 1.0789222 1.8119245 0.62494355 -5.250363 1.4622062 8.260691 -2.7006893157958984 0.6048359870910645
Pedestrian 0.0 0 -0.02921517938375473 623.0078125 174.1388702392578 638.1468505859375 211.13681030273438 0.69806534 1.739166 0.65075946 1.3696598 1.3940562 34.093403 0.010936975479125977 0.5563605427742004
Pedestrian 0.0 0 1.596914529800415 613.38525390625 170.42539978027344 628.0267944335938 210.45452880859375 0.6543579 1.8137841 0.65440536 0.87370825 1.3129128 32.890255 1.6234726905822754 0.5365152955055237
Pedestrian 0.0 0 2.8063666820526123 564.13671875 171.76712036132812 581.5927734375 199.80487060546875 1.0020937 1.7780292 0.5165712 -1.8221703 1.1615297 45.97479 2.7667531967163086 0.5042186379432678
Pedestrian 0.0 0 1.5021207332611084 577.390380859375 167.58975219726562 593.5606689453125 211.1345977783203 0.64886147 1.8412993 0.6473136 -0.70101374 1.2540762 30.72491 1.479308843612671 0.4892020523548126
Pedestrian 0.0 0 1.3555493354797363 695.1488037109375 162.58824157714844 713.6458129882812 205.27098083496094 0.7002568 1.7402601 0.6194245 4.2305064 0.970182 29.657282 1.4972399473190308 0.4039580523967743
Pedestrian 0.0 0 -1.7703958749771118 750.2933349609375 165.2205047607422 769.4164428710938 205.81422424316406 0.70899385 1.6903979 0.65810263 6.6558065 1.0134709 30.270166 -1.5539599657058716 0.3961627185344696
Pedestrian 0.0 0 -1.5855979919433594 760.240966796875 176.94105529785156 776.835693359375 224.1728515625 0.6715038 1.6034739 0.54573494 5.7345862 1.4497768 24.76995 -1.3580923080444336 0.29288679361343384
Pedestrian 0.0 0 1.4069173336029053 637.2630615234375 172.15725708007812 654.0100708007812 212.29519653320312 0.73705345 1.816722 0.6531266 2.0095434 1.3947883 32.910755 1.4679020643234253 0.28031793236732483
Pedestrian 0.0 0 -2.519286632537842 668.5321655273438 171.63031005859375 684.295654296875 202.34466552734375 0.6435518 1.7578273 0.65965086 4.3403177 1.1937617 41.56903 -2.4152512550354004 0.26702338457107544
Pedestrian 0.0 0 1.3345977067947388 689.84228515625 164.45123291015625 700.0645751953125 189.0465850830078 0.62589735 1.7811598 0.6086943 6.831684 0.54711914 52.361683 1.4643359184265137 0.24591992795467377
Pedestrian 0.0 0 0.44575172662734985 417.0264892578125 175.490478515625 459.81243896484375 267.2729797363281 0.5690853 1.6474206 0.5969167 -3.0398493 1.540825 13.244303 0.2201380729675293 0.24369239807128906
Pedestrian 0.0 0 3.1125619411468506 555.5447998046875 180.3707275390625 574.8233642578125 226.52357482910156 0.7001811 1.7014036 0.5969733 -1.3771577 1.6608127 26.8041 3.0612285137176514 0.242430180311203
Pedestrian 0.0 0 2.2656242847442627 708.0355224609375 159.5880584716797 727.6956176757812 197.738037109375 0.7320078 1.9540074 0.7015641 6.039497 0.83256197 37.294712 2.4261703491210938 0.24225470423698425
Pedestrian 0.0 0 -1.4854557514190674 594.6874389648438 167.78396606445312 609.14794921875 204.14064025878906 0.6654147 1.720794 0.63826257 0.016407728 1.0725133 34.355667 -1.484978199005127 0.19756092131137848
Pedestrian 0.0 0 1.8061472177505493 680.8617553710938 168.70127868652344 699.3405151367188 204.94447326660156 1.0246571 1.8019524 0.7089152 4.480582 1.1665035 36.31589 1.9289048910140991 0.19616760313510895
