Pedestrian 0.0 0 -0.4631374478340149 748.887939453125 145.7669677734375 795.885498046875 225.8287353515625 0.8962781 1.812723 0.583258 3.7095072 1.1997883 16.725569 -0.24488362669944763 0.3883454501628876
Pedestrian 0.0 0 -2.2287144660949707 625.7127685546875 175.5436248779297 636.1791381835938 196.62222290039062 0.44937488 1.7568407 0.7642017 1.7381101 1.9847893 60.645653 -2.2000622749328613 0.37955746054649353
Pedestrian 0.0 0 -0.9475865960121155 993.5133056640625 133.25283813476562 1020.9498901367188 186.9860076904297 0.5956667 2.0235014 0.70468616 15.158198 0.5325457 27.615461 -0.44558632373809814 0.3258722126483917
Pedestrian 0.0 0 0.9280329346656799 1193.1336669921875 108.86518859863281 1238.5546875 188.89157104492188 0.53228617 1.9108076 0.65569335 14.645755 0.38329092 17.50896 1.6246206760406494 0.2424956113100052
Pedestrian 0.0 0 -2.0578670501708984 1091.926025390625 127.97537231445312 1130.875732421875 188.4601593017578 0.8859326 1.8432235 0.6563219 15.553349 0.47594294 22.46417 -1.4522854089736938 0.24108487367630005
Pedestrian 0.0 0 -2.0378119945526123 1215.456787109375 138.29049682617188 1242.0 203.2046661376953 0.7331703 1.7816247 0.6123798 17.49957 0.83335775 20.23061 -1.3246711492538452 0.224742129445076
Pedestrian 0.0 0 1.5705361366271973 616.0889282226562 171.04574584960938 624.3721923828125 191.9512176513672 0.6026116 1.7955482 0.7114184 0.8608267 1.6405969 62.2754 1.5843582153320312 0.20257242023944855
Pedestrian 0.0 0 0.06214706227183342 646.9067993164062 164.29034423828125 659.680908203125 190.50796508789062 0.8687251 1.8308088 0.46396303 3.0129113 1.2331566 50.666073 0.12154316902160645 0.20241597294807434
Cyclist 0.0 0 1.0394341945648193 1091.777099609375 126.74267578125 1133.4693603515625 188.0524139404297 0.952866 1.8628818 0.67162436 15.56002 0.46215826 22.421354 1.646109938621521 0.14355264604091644
Car 0.0 0 1.854917287826538 330.9818420410156 180.3325653076172 406.7596130371094 225.7164764404297 4.0896597 1.5991973 1.7252883 -9.35226 1.9131742 28.180714 1.5344866514205933 0.8971221446990967
Car 0.0 0 1.6818163394927979 547.6989135742188 180.85092163085938 575.7091064453125 201.84524536132812 3.822161 1.4802349 1.6919354 -3.6251006 2.1040156 54.300037 1.61515474319458 0.7942485809326172
Car 0.0 0 -1.6166895627975464 588.7261962890625 177.21644592285156 617.1246337890625 203.11856079101562 4.09473 1.593713 1.6627403 -0.5330188 1.8920364 47.188328 -1.627984642982483 0.7562779188156128
Car 0.0 0 1.6621532440185547 292.7159423828125 187.08709716796875 330.9353942871094 217.3048553466797 4.214742 1.6097821 1.7204676 -17.67793 2.4999673 42.83904 1.270781397819519 0.26026469469070435
Car 0.0 0 1.7936623096466064 357.000732421875 185.687255859375 401.8050537109375 213.1326141357422 4.272647 1.4912438 1.6674334 -13.855051 2.3037412 43.459175 1.485042691230774 0.2298879623413086
Car 0.0 0 1.916494607925415 333.1206970214844 169.39556884765625 435.5967102050781 228.74327087402344 4.3269243 1.7042581 1.7313728 -7.0633597 1.6053021 22.918839 1.617540955543518 0.22686447203159332
