Pedestrian 0.0 0 -1.082390308380127 158.16278076171875 168.69137573242188 283.0648193359375 364.2640686035156 0.8593054 1.6344 0.6646685 -3.423466 1.528746 6.4304295 -1.5716092586517334 0.866866946220398
Pedestrian 0.0 0 1.6976693868637085 470.6080322265625 180.24842834472656 494.3227844238281 230.38597106933594 0.94100124 1.8195014 0.75362146 -4.4107633 1.7751285 26.55029 1.5330442190170288 0.8418481945991516
Pedestrian 0.0 0 -2.8709495067596436 734.802978515625 174.21070861816406 779.6749877929688 260.6925048828125 0.7923761 1.7812911 0.6327101 3.2752452 1.6323894 15.257131 -2.6594889163970947 0.8231860995292664
Pedestrian 0.0 0 -1.609684705734253 851.4468994140625 154.83859252929688 874.2754516601562 216.31724548339844 0.889297 1.7792565 0.5993973 7.7163253 1.0087838 21.30142 -1.2621434926986694 0.7646232843399048
Pedestrian 0.0 0 -2.2505738735198975 314.992431640625 180.0236358642578 376.1767272949219 278.8812561035156 0.8888751 1.7143545 0.6167907 -4.6524634 1.6900297 12.948864 -2.5955052375793457 0.6934197545051575
Pedestrian 0.0 0 1.5278314352035522 466.19354248046875 175.2705841064453 483.5381164550781 222.89007568359375 0.90721315 1.8091084 0.62085366 -4.9221754 1.5734735 27.797653 1.3525763750076294 0.6765167117118835
Pedestrian 0.0 0 -2.390936851501465 1068.9276123046875 148.29025268554688 1213.3173828125 347.3178405761719 0.8221186 1.6479694 0.6262997 4.730076 1.3743776 6.4067283 -1.7549669742584229 0.6356738805770874
Pedestrian 0.0 0 -1.8107099533081055 762.3024291992188 168.9833221435547 864.4013061523438 374.0 0.81892484 1.5738466 0.59272903 1.6066217 1.4828602 5.718714 -1.536828875541687 0.5979787111282349
Pedestrian 0.0 0 -3.7791128158569336 1143.88427734375 155.33737182617188 1221.8330078125 250.2593536376953 0.99004334 1.7692031 0.60557747 11.040653 1.2828331 13.708649 -3.1011009216308594 0.5967134833335876
Pedestrian 0.0 0 1.5336250066757202 565.2754516601562 175.77212524414062 581.6248779296875 217.11700439453125 0.9629558 1.7965918 0.6842297 -1.2545156 1.5486526 31.718029 1.4940935373306274 0.5504813194274902
Pedestrian 0.0 0 1.322867512702942 851.5911254882812 155.38876342773438 965.5161743164062 374.0 0.8475518 1.644666 0.63194335 2.346471 1.4559458 5.6922126 1.7138679027557373 0.5418597459793091
Pedestrian 0.0 0 1.5910935401916504 577.620849609375 183.31298828125 593.8604125976562 223.48721313476562 0.7894576 1.6871418 0.67710966 -0.6792555 1.766328 30.595135 1.5688958168029785 0.5104741454124451
Pedestrian 0.0 0 -3.358534097671509 754.7979736328125 167.02146911621094 792.4698486328125 242.3138885498047 0.7305171 1.6785679 0.53721476 3.861527 1.3570013 16.2863 -3.125730276107788 0.3991975486278534
Pedestrian 0.0 0 -0.06913640350103378 638.4933471679688 176.8804931640625 654.0802612304688 204.82081604003906 0.93585163 1.7377822 0.57037985 2.8102598 1.4511969 44.963444 -0.00671660341322422 0.35442763566970825
Cyclist 0.0 0 2.0999257564544678 880.2350463867188 162.47682189941406 946.270263671875 236.30284118652344 1.7032515 1.6724745 0.6715757 7.3760448 1.2427316 17.045393 2.5083250999450684 0.42601528763771057
Cyclist 0.0 0 1.6546361446380615 578.3167114257812 178.4754180908203 595.44091796875 219.78363037109375 0.8726504 1.7460847 0.66529727 -0.634489 1.6192102 30.817652 1.6340506076812744 0.17772176861763
Cyclist 0.0 0 -3.765965461730957 1139.9427490234375 154.89439392089844 1226.08447265625 250.8611602783203 1.1532096 1.7884945 0.58497477 11.040991 1.2939183 13.707717 -3.087905168533325 0.10760761052370071
Car 0.0 0 1.6874737739562988 508.9818420410156 171.27120971679688 565.495849609375 220.80465698242188 4.646571 2.014849 1.9423567 -2.745002 1.59977 31.568075 1.6007369756698608 0.523095428943634
Car 0.0 0 0.4470888376235962 978.5867309570312 196.7781982421875 1238.0 374.0 3.9028928 1.5011835 1.5416373 3.357152 1.6008594 2.550843 1.368126630783081 0.3449234366416931
Car 0.0 0 1.7249195575714111 575.86572265625 173.1830291748047 609.8026733398438 203.10525512695312 4.056109 1.8911046 1.6430924 -0.51494086 1.3661854 47.52125 1.7140840291976929 0.32218801975250244
Car 0.0 0 0.773114800453186 285.9470520019531 172.86109924316406 390.6812438964844 213.2984619140625 3.8035624 1.486815 1.5705451 -10.245425 1.1702178 27.903608 0.42122459411621094 0.296184241771698
