Car 0.0 0 1.8374137878417969 454.6435241699219 181.00697326660156 515.9010009765625 219.63800048828125 3.8322587 1.486666 1.6045321 -5.2513413 1.8550949 30.586952 1.6673858165740967 0.9504676461219788
Car 0.0 0 1.9711642265319824 328.3479309082031 181.96572875976562 449.7771911621094 241.24342346191406 4.670077 1.4793987 1.700503 -6.339721 1.7774949 21.160648 1.6800748109817505 0.938300371170044
Car 0.0 0 -1.6083178520202637 640.928955078125 179.32125854492188 690.8258056640625 228.86871337890625 4.52234 1.6364731 1.6505251 1.9463916 1.8968198 26.71481 -1.535588264465332 0.9279623627662659
Car 0.0 0 1.7383712530136108 525.0298461914062 181.47901916503906 568.7637939453125 213.0941162109375 4.1816664 1.5250751 1.6276354 -3.3100226 2.0069108 38.12617 1.651770830154419 0.731096088886261
Car 0.0 0 1.7201353311538696 531.7247314453125 178.6212615966797 562.3642578125 202.99876403808594 3.652422 1.5449306 1.5262192 -4.222773 1.9477619 48.48013 1.633251428604126 0.4497131407260895
Car 0.0 0 -2.059290885925293 1079.989501953125 128.6215362548828 1195.2783203125 187.37738037109375 4.2670794 2.07457 1.7599077 20.042196 0.5131546 27.707676 -1.4330685138702393 0.33665338158607483
Car 0.0 0 0.22367453575134277 1044.35302734375 154.14682006835938 1109.800537109375 176.68833923339844 4.0238395 1.7029032 1.7226162 36.543503 0.29002362 56.547268 0.7974069118499756 0.3215358853340149
Car 0.0 0 -0.4123203754425049 1073.3060302734375 147.85223388671875 1161.1119384765625 176.59814453125 4.1184983 1.7421492 1.7600043 31.522127 0.2272729 44.995438 0.19878315925598145 0.2822384536266327
Car 0.0 0 1.3145911693572998 739.6491088867188 175.91314697265625 774.2467651367188 198.6265869140625 3.422941 1.5594486 1.611811 10.4745 1.7867204 51.763126 1.514249563217163 0.2511448562145233
Car 0.0 0 1.4085693359375 549.517578125 180.90243530273438 577.3731079101562 201.69918823242188 3.6008713 1.4874316 1.5534872 -3.6072364 2.1231296 55.025856 1.3431077003479004 0.23971840739250183
