Pedestrian 0.0 0 0.8188093304634094 147.82484436035156 148.26278686523438 216.64703369140625 274.8132019042969 0.6283923 1.8231341 0.62363964 -6.4348755 1.4692214 10.77864 0.2805967330932617 0.2471090853214264
Pedestrian 0.0 0 -0.2800520658493042 517.7927856445312 195.96826171875 534.5571899414062 231.3690948486328 0.68635726 1.790793 0.75043863 -4.407983 3.0111067 37.600872 -0.3967503011226654 0.22740976512432098
Pedestrian 0.0 0 -1.5119726657867432 677.3413696289062 170.27076721191406 690.7542114257812 208.8363800048828 0.48698947 1.7914747 0.5982627 3.431864 1.6718347 33.802635 -1.4107928276062012 0.1956939697265625
Pedestrian 0.0 0 -3.54599928855896 948.2372436523438 128.8230438232422 1007.7327270507812 222.80601501464844 0.8708668 1.8092579 0.6181426 7.1904607 0.9619796 14.223657 -3.0779387950897217 0.18946528434753418
Pedestrian 0.0 0 1.4726035594940186 751.0097045898438 176.5794677734375 787.5458984375 260.73199462890625 0.9966663 1.90883 0.74019295 3.6789873 1.9994909 16.94917 1.6863479614257812 0.1655682772397995
Pedestrian 0.0 0 1.435343861579895 687.287353515625 163.8040313720703 708.8297119140625 208.43289184570312 1.6594816 1.7441059 0.6383097 3.4887903 1.3907889 29.029812 1.5549497604370117 0.1527426540851593
Cyclist 0.0 0 1.4587831497192383 690.2545166015625 162.9656982421875 710.9661254882812 207.81353759765625 1.7185628 1.7511029 0.6347937 3.5917625 1.3653677 29.032736 1.5818719863891602 0.2268206775188446
Car 0.0 0 1.7407479286193848 451.5121765136719 185.3729248046875 523.700439453125 243.30023193359375 3.6270328 1.579462 1.6027094 -3.7342336 1.9978245 22.27266 1.574633002281189 0.9604149460792542
Car 0.0 0 1.5583945512771606 667.1314086914062 157.70980834960938 695.163330078125 185.2685546875 3.8916118 1.6248218 1.6475044 4.3306656 0.7323008 44.54642 1.6553069353103638 0.4684530198574066
Car 0.0 0 -0.2363142967224121 1131.3460693359375 185.66908264160156 1219.1197509765625 213.59222412109375 3.9812605 1.60851 1.7145742 34.839752 2.430199 44.637424 0.4264261722564697 0.414256751537323
Car 0.0 0 1.588855504989624 557.4290161132812 174.95933532714844 580.9049682617188 200.03965759277344 4.0162234 1.799292 1.6886361 -3.0577857 1.9635869 54.142574 1.53243887424469 0.2231610119342804
Car 0.0 0 -3.461658477783203 1009.8333129882812 185.48191833496094 1215.0804443359375 247.4676971435547 4.207954 1.4996861 1.7086353 13.28308 1.8646309 19.427242 -2.8619325160980225 0.1886974722146988
Car 0.0 0 1.536708116531372 1110.224609375 193.7297821044922 1143.839111328125 216.7286376953125 3.954738 1.4408741 1.800824 36.641148 2.9858975 51.240948 2.157480478286743 0.17572197318077087
