Cyclist 0.0 0 1.9509481191635132 205.3940887451172 195.9649200439453 249.29823303222656 258.695556640625 1.5361376 1.644965 0.5634833 -10.788894 2.32096 20.29703 1.4623799324035645 0.36246633529663086
Car 0.0 0 -1.7858989238739014 768.5919189453125 177.5587615966797 961.4179077148438 318.9736328125 3.4138703 1.4510406 1.5644114 2.9941385 1.523583 9.293336 -1.4742186069488525 0.9622324705123901
Car 0.0 0 2.011730670928955 186.81369018554688 200.62254333496094 372.9238586425781 299.5965270996094 3.916678 1.4620639 1.6822013 -6.0909786 2.0675642 13.743507 1.5945547819137573 0.9312437176704407
Car 0.0 0 1.7461844682693481 463.0001525878906 184.4409942626953 505.67169189453125 216.4906005859375 3.5608757 1.4793558 1.5223331 -6.3205533 2.0925167 36.374374 1.5741384029388428 0.9275311231613159
Car 0.0 0 -2.2715072631835938 932.34326171875 197.02572631835938 1242.0 375.0 3.5866213 1.4803393 1.5637331 2.933158 1.6507164 3.25441 -1.5379815101623535 0.9136484861373901
Car 0.0 0 -1.6822510957717896 643.3455200195312 174.6748046875 680.310546875 203.74148559570312 3.965128 1.526702 1.611096 2.7998605 1.6335007 40.16232 -1.6126500368118286 0.8962581753730774
Car 0.0 0 1.7456399202346802 484.22784423828125 185.15748596191406 522.5407104492188 212.74151611328125 3.8352568 1.4637512 1.5616194 -6.1836286 2.2126215 41.954685 1.5993051528930664 0.48657017946243286
Car 0.0 0 0.46140241622924805 827.4318237304688 174.17965698242188 895.7846069335938 198.26153564453125 3.8302605 1.4784715 1.625708 16.12755 1.5677251 46.4451 0.7956154346466064 0.3943619132041931
Car 0.0 0 -1.0878021717071533 231.7134552001953 193.88966369628906 292.6092529296875 221.4921417236328 3.9142578 1.4649023 1.664324 -20.827574 2.7855773 43.30025 -1.5361374616622925 0.3559637665748596
Car 0.0 0 2.103229284286499 277.8407287597656 192.48477172851562 337.7372741699219 220.31585693359375 3.7587812 1.482639 1.6241068 -18.05197 2.7118127 43.19051 1.7073354721069336 0.3488770127296448
