Pedestrian 0.0 0 -1.9003841876983643 596.3500366210938 175.3533477783203 618.7598876953125 215.2555694580078 0.9613962 1.6884531 0.69280666 -0.15172295 1.7987498 31.167849 -1.9052520990371704 0.5949671864509583
Pedestrian 0.0 0 2.8007314205169678 751.6408081054688 85.60137176513672 858.1761474609375 272.3095703125 0.8855751 1.7922887 0.5902017 1.8864607 0.9550727 7.255842 3.0550918579101562 0.4683762788772583
Pedestrian 0.0 0 -0.2588241696357727 798.9955444335938 151.9005584716797 863.8058471679688 283.1291198730469 0.75857 1.823139 0.5914086 3.1030388 1.5323937 10.329531 0.033003807067871094 0.34023934602737427
Pedestrian 0.0 0 -0.4457867741584778 1146.510498046875 126.85668182373047 1242.0 342.2787780761719 0.8006808 1.7406888 0.62504464 5.187502 1.3693717 6.22897 0.24863815307617188 0.21933116018772125
Pedestrian 0.0 0 2.192525625228882 1025.6595458984375 122.1742172241211 1110.7205810546875 247.01084899902344 0.9242183 1.6386919 0.55208546 6.2291036 0.97379196 9.89882 2.754194974899292 0.1622823178768158
Pedestrian 0.0 0 1.7033770084381104 405.81549072265625 137.8608856201172 433.91290283203125 200.0590362548828 0.953827 1.8605486 0.7143793 -5.8603954 0.8141487 22.098997 1.4441553354263306 0.15552277863025665
Cyclist 0.0 0 1.5370378494262695 1045.3648681640625 134.03280639648438 1087.134765625 262.3162841796875 1.5106096 1.6467038 0.43100744 6.262457 1.1487355 10.020869 2.095595121383667 0.25222721695899963
Car 0.0 0 1.985074758529663 154.67752075195312 213.4355926513672 407.4532165527344 375.0 3.5359545 1.393214 1.4678197 -3.7895393 1.9922827 8.866785 1.5811848640441895 0.971942126750946
Car 0.0 0 1.8356519937515259 356.33282470703125 184.77630615234375 487.7593994140625 274.333740234375 4.066223 1.573116 1.6585442 -3.843733 1.859579 15.264471 1.5889713764190674 0.968435525894165
Car 0.0 0 -1.5377094745635986 613.7125244140625 177.7433624267578 653.03857421875 215.71856689453125 3.9451923 1.5131054 1.5757465 1.0251771 1.7391813 31.286957 -1.5049543380737305 0.6820772886276245
Car 0.0 0 1.4564167261123657 607.35498046875 178.79977416992188 639.4251708984375 206.2476806640625 4.097559 1.7258521 1.6863059 0.8245685 2.1425924 48.40558 1.47344970703125 0.2389708161354065
Car 0.0 0 -1.9758150577545166 849.9487915039062 159.90049743652344 1202.882080078125 363.1327819824219 3.7670045 1.5067643 1.5698574 3.6733494 1.411085 7.2756057 -1.508266568183899 0.14903829991817474
