Pedestrian 0.0 0 -1.8357740640640259 798.9886474609375 145.8944854736328 819.21142578125 189.91412353515625 0.69237787 1.8563621 0.67254335 8.446168 0.71980476 30.772541 -1.5678998231887817 0.226205974817276
Car 0.0 0 1.8299438953399658 418.4624328613281 186.52737426757812 540.2772216796875 263.20672607421875 4.542646 1.451185 1.6580015 -2.9105144 1.8146075 16.820742 1.65860915184021 0.9351809024810791
Car 0.0 0 -1.7529246807098389 690.1246337890625 185.10546875 791.5932006835938 259.4301452636719 3.7686868 1.4860512 1.6522101 2.8921516 1.8063256 16.94342 -1.5838594436645508 0.9090789556503296
Car 0.0 0 1.3154075145721436 739.07177734375 176.46070861816406 947.686767578125 325.0965576171875 4.0036197 1.6271952 1.6903028 2.8948438 1.6877536 10.017534 1.5967216491699219 0.9067535996437073
Car 0.0 0 1.431958794593811 672.10791015625 184.51763916015625 745.0745849609375 239.90052795410156 4.082963 1.4799514 1.6469513 2.883423 1.8721942 22.190796 1.561172604560852 0.8588638305664062
Car 0.0 0 1.4813737869262695 659.231689453125 180.80589294433594 697.3055419921875 212.71278381347656 4.371937 1.4626731 1.5118415 3.344364 1.8877993 36.352093 1.5731147527694702 0.8006126284599304
Car 0.0 0 1.7231706380844116 523.1849365234375 181.75732421875 568.5695190429688 219.0521697998047 3.3971992 1.5091739 1.4932334 -2.812277 1.9230953 31.770113 1.6348811388015747 0.7225418090820312
Car 0.0 0 1.684722900390625 482.2764892578125 180.57357788085938 541.8875732421875 231.51422119140625 3.4480793 1.4589194 1.4934325 -3.0857978 1.7232007 22.92725 1.5509361028671265 0.425976425409317
Car 0.0 0 1.7225775718688965 543.8193359375 178.9873046875 585.1834716796875 210.55361938476562 4.100173 1.5821843 1.6364921 -2.4452217 1.9329 39.09932 1.6601201295852661 0.2564922869205475
Car 0.0 0 -1.6166322231292725 650.6719970703125 178.5640869140625 674.2285766601562 202.0015869140625 3.8267941 1.7386194 1.6568085 4.042945 2.2006269 56.39817 -1.5450688600540161 0.23674894869327545
