Pedestrian 0.0 0 3.0341110229492188 540.578369140625 145.05340576171875 575.8640747070312 195.05926513671875 1.2099406 1.7646512 0.52179945 -1.9011332 0.78395724 25.825037 2.960627794265747 0.1300888955593109
Cyclist 0.0 0 3.0173985958099365 539.8528442382812 143.22305297851562 576.190673828125 194.67823791503906 1.2401732 1.8148037 0.53350437 -1.9084649 0.77008986 25.829082 2.9436442852020264 0.35644060373306274
Car 0.0 0 -1.9103633165359497 704.5564575195312 180.62118530273438 916.8839111328125 323.0952453613281 3.315359 1.4615296 1.5493957 2.3052766 1.5807244 9.311851 -1.667678952217102 0.9790151119232178
Car 0.0 0 2.455477237701416 594.2078247070312 171.85690307617188 705.4328002929688 216.71932983398438 3.6582346 1.4312593 1.5396552 1.3548399 1.3998066 24.717731 2.510234832763672 0.9489552974700928
Car 0.0 0 -0.9772923588752747 800.899658203125 166.24754333496094 928.3405151367188 221.9106903076172 3.7537537 1.4460192 1.5874444 7.2292023 1.2747548 20.497051 -0.638218879699707 0.8712043762207031
Car 0.0 0 -1.1372771263122559 895.6806640625 165.19992065429688 1003.800048828125 213.8916473388672 4.0479126 1.433666 1.5848284 10.907141 1.2086596 23.14879 -0.6969539523124695 0.8430654406547546
Car 0.0 0 -1.1561352014541626 979.3699340820312 166.52145385742188 1068.49609375 212.8337860107422 3.2227447 1.5476474 1.5931872 14.72474 1.3363869 25.707254 -0.6359668374061584 0.8159774541854858
Car 0.0 0 2.235597848892212 738.3409423828125 170.35325622558594 830.7962036132812 207.97830200195312 3.778558 1.3928291 1.547765 6.886317 1.3006127 28.486235 2.4727892875671387 0.7229928374290466
Car 0.0 0 -1.2436580657958984 1032.8970947265625 156.78956604003906 1128.0933837890625 203.1597442626953 4.5666785 1.6909021 1.7668117 18.534029 1.1054654 28.413292 -0.6656666398048401 0.7140686511993408
Car 0.0 0 -1.4530932903289795 1145.5201416015625 162.067626953125 1199.1031494140625 195.96917724609375 3.559588 1.5237942 1.6011854 26.68687 1.0393301 34.25731 -0.7912813425064087 0.5000921487808228
Car 0.0 0 -0.49895811080932617 457.4515686035156 167.75921630859375 555.1614990234375 204.1051025390625 3.937257 1.4976112 1.6161846 -4.539625 1.2880416 31.553638 -0.6418477296829224 0.3259461522102356
