Car 0.0 0 -1.366065263748169 439.489501953125 184.76327514648438 507.37774658203125 231.63815307617188 3.6745481 1.4889685 1.5747931 -4.567812 1.4757293 24.684477 -1.5490434169769287 0.9620267748832703
Car 0.0 0 -1.3021472692489624 298.1114807128906 191.0551300048828 450.3276062011719 286.9380798339844 4.1740074 1.4912126 1.641646 -4.2278914 1.619591 13.547214 -1.6046546697616577 0.9481005668640137
Car 0.0 0 -1.5658881664276123 578.7550048828125 180.23922729492188 609.1651611328125 208.13771057128906 3.904595 1.473098 1.6059636 -0.78755075 1.2114618 39.917297 -1.5856151580810547 0.9471990466117859
Car 0.0 0 -1.3254666328430176 390.7438049316406 180.9376678466797 445.7265930175781 214.24415588378906 3.7264552 1.4505783 1.596212 -8.710029 1.2653913 33.17636 -1.5822097063064575 0.8737620115280151
Car 0.0 0 -1.468830943107605 481.90411376953125 182.84469604492188 522.7105102539062 214.94688415527344 3.7508655 1.4649824 1.5768775 -5.070578 1.3579127 34.708847 -1.613893747329712 0.8385289311408997
Car 0.0 0 -1.2099405527114868 263.9405517578125 174.52261352539062 346.1280517578125 218.89024353027344 4.368981 1.7240314 1.7406088 -12.605141 1.309652 30.143202 -1.6060163974761963 0.804360032081604
Car 0.0 0 -1.2431221008300781 286.6398620605469 187.667236328125 378.8400573730469 236.49594116210938 3.824061 1.3792678 1.5316423 -8.502129 1.4635258 22.433708 -1.605385422706604 0.7551241517066956
Car 0.0 0 -1.0404667854309082 67.69961547851562 184.09986877441406 279.9803466796875 274.9166259765625 4.2780466 1.5520289 1.6780304 -8.439965 1.5340909 14.420947 -1.56997549533844 0.6657255291938782
Car 0.0 0 -0.8768370747566223 0.0 198.45945739746094 77.33487701416016 376.0 3.99938 1.4415495 1.5797538 -8.089399 1.6285125 8.016799 -1.6667428016662598 0.6266965270042419
Car 0.0 0 -1.214172124862671 371.05615234375 179.83944702148438 416.7708435058594 204.90309143066406 3.2746277 1.4285388 1.5560414 -12.666176 1.1232425 42.654835 -1.5028245449066162 0.6224017143249512
