Pedestrian 0.0 0 3.016653060913086 474.9947814941406 162.39613342285156 492.8819580078125 195.201171875 0.8623868 1.6844229 0.45789137 -6.571378 1.1478062 37.39143 2.842684030532837 0.2482035905122757
Pedestrian 0.0 0 0.42292407155036926 504.3518981933594 171.63153076171875 517.7278442382812 197.4279327392578 0.8818726 1.9415772 0.48725998 -7.5228496 1.8499244 54.662266 0.28615903854370117 0.21938641369342804
Pedestrian 0.0 0 1.5666875839233398 828.962158203125 150.92501831054688 839.9369506835938 188.1200408935547 0.37718424 1.8632398 0.5259887 11.284226 0.76509213 36.39902 1.8673065900802612 0.20595353841781616
Pedestrian 0.0 0 1.3296866416931152 846.76806640625 142.15255737304688 868.423095703125 186.3192596435547 1.2747781 1.7581939 0.54291105 10.03058 0.5363851 29.37908 1.6586966514587402 0.15017752349376678
Cyclist 0.0 0 1.3296866416931152 846.76806640625 142.15255737304688 868.423095703125 186.3192596435547 1.2747781 1.7581939 0.54291105 10.03058 0.5363851 29.37908 1.6586966514587402 0.10449399054050446
Car 0.0 0 -1.6789690256118774 674.827392578125 173.7598419189453 730.14013671875 218.06643676757812 4.202503 1.6461965 1.7430881 3.5951056 1.6856278 29.0064 -1.5556560754776 0.9637306928634644
Car 0.0 0 -1.4351385831832886 573.994873046875 178.5582733154297 611.1488037109375 206.7056121826172 4.502762 1.6521337 1.7567621 -1.0791416 2.0317185 45.630615 -1.4587836265563965 0.9043155312538147
Car 0.0 0 1.6883752346038818 520.073974609375 182.7470703125 563.5504760742188 220.3485107421875 3.9153326 1.6513586 1.6341603 -3.2600052 2.1546597 34.702106 1.5947076082229614 0.8856962323188782
Car 0.0 0 1.2996000051498413 731.1777954101562 167.06268310546875 882.4713134765625 271.0970458984375 3.8868127 1.6243808 1.6333195 3.3547435 1.5343137 13.224756 1.548031210899353 0.885643482208252
Car 0.0 0 -2.072845935821533 827.6934814453125 0.419620543718338 1242.0 375.0 4.24637 1.8324677 1.6323626 2.9740844 1.0801876 5.2786694 -1.5597611665725708 0.2731330692768097
Car 0.0 0 -1.2695561647415161 665.9344482421875 180.86741638183594 712.3567504882812 209.50987243652344 3.8172774 1.538109 1.6264275 4.616675 2.0277634 41.979496 -1.1600217819213867 0.23094065487384796
