Pedestrian 0.0 0 -2.1545863151550293 756.1695556640625 164.99713134765625 770.5325927734375 193.76986694335938 0.6373314 1.8182137 0.65231174 9.745503 1.3220788 46.008827 -1.9458534717559814 0.15720441937446594
Pedestrian 0.0 0 1.86038339138031 1135.505126953125 184.61106872558594 1186.399169921875 278.8974914550781 0.52728266 1.6712226 0.6214907 10.098288 1.8948718 13.29431 2.5099968910217285 0.1366390436887741
Pedestrian 0.0 0 0.33311545848846436 233.0058135986328 179.52052307128906 271.5438537597656 273.537841796875 0.44491026 1.6761509 0.66134113 -6.6216955 1.8024186 13.26817 -0.12978482246398926 0.11362285166978836
Pedestrian 0.0 0 -0.9229810237884521 1104.2210693359375 186.60186767578125 1142.2108154296875 232.80224609375 1.0558108 1.7839384 0.7444484 20.352396 2.340554 28.677755 -0.30577948689460754 0.11260072141885757
Car 0.0 0 -1.4315800666809082 508.174072265625 181.36911010742188 553.9675903320312 216.63343811035156 3.6824043 1.4899343 1.6027186 -3.619257 1.9047083 33.248238 -1.540008783340454 0.9739194512367249
Car 0.0 0 2.06174898147583 89.73357391357422 188.88394165039062 235.4654998779297 250.75802612304688 4.0091887 1.3834516 1.5855708 -11.772066 1.8567597 19.238323 1.5126203298568726 0.9658060669898987
Car 0.0 0 -1.5613694190979004 571.2081298828125 182.32699584960938 620.0324096679688 230.85423278808594 3.341408 1.5511441 1.6054077 -0.53754324 1.9070262 25.396713 -1.5825321674346924 0.9618043899536133
Car 0.0 0 1.8055353164672852 382.40850830078125 183.6811065673828 422.242919921875 208.89932250976562 3.8307767 1.4697227 1.576261 -13.124084 2.1846898 45.6711 1.5257140398025513 0.8318944573402405
Car 0.0 0 1.927657961845398 184.91781616210938 177.68858337402344 268.5190734863281 217.35511779785156 4.07036 1.4475855 1.6415623 -15.309843 1.6563082 28.97073 1.4415031671524048 0.24200668931007385
Car 0.0 0 1.307612419128418 804.3212890625 186.96978759765625 841.6714477539062 210.8599853515625 3.939994 1.6212195 1.6719846 15.656004 2.7032566 53.29968 1.5933120250701904 0.14393112063407898
