Pedestrian 0.0 0 0.20524252951145172 749.285888671875 181.43875122070312 766.5494995117188 216.52093505859375 0.71117324 1.6912309 0.6637468 7.2305403 2.1186328 35.444344 0.4064784049987793 0.4809935390949249
Pedestrian 0.0 0 1.9034377336502075 202.88034057617188 136.90281677246094 247.0196533203125 209.1992950439453 0.96269226 1.7122996 0.67510486 -9.434761 0.86117476 17.615189 1.4117144346237183 0.36627331376075745
Car 0.0 0 3.7638864517211914 0.0 189.89663696289062 299.72503662109375 320.5018310546875 4.3125596 1.4222779 1.6345452 -6.3845334 1.6519519 8.887133 3.140916585922241 0.9463613033294678
Car 0.0 0 -1.6686424016952515 664.5252075195312 178.85678100585938 706.73046875 211.30484008789062 4.1564255 1.4193431 1.5896147 3.507262 1.7233098 34.409954 -1.5670673847198486 0.9239698052406311
Car 0.0 0 0.5501902103424072 36.22208786010742 187.67562866210938 325.88623046875 294.322265625 3.6118202 1.5123599 1.5622795 -6.607248 1.7611444 11.273795 0.020075321197509766 0.9077821373939514
Car 0.0 0 0.23697875440120697 422.1143493652344 180.44122314453125 535.7957153320312 220.40052795410156 4.1949215 1.523943 1.6758833 -5.223567 1.8376222 28.836143 0.05777549743652344 0.9037060737609863
Car 0.0 0 3.459895133972168 263.96533203125 183.2401885986328 453.59759521484375 252.73780822753906 3.8120053 1.4928049 1.5475992 -5.7025847 1.7427323 16.535007 3.127789258956909 0.8907409310340881
Car 0.0 0 0.3404862582683563 311.482421875 181.45303344726562 487.9761657714844 242.90806579589844 4.178673 1.5154421 1.5056179 -5.482103 1.751573 18.907518 0.05828142166137695 0.8582910299301147
Car 0.0 0 0.3605647087097168 347.8359375 182.30221557617188 505.13800048828125 236.1491241455078 4.2514467 1.4912624 1.4799486 -5.4089894 1.7832228 21.29369 0.11180758476257324 0.6918015480041504
Car 0.0 0 0.4067699611186981 383.33807373046875 183.17433166503906 505.39019775390625 230.76356506347656 3.7070315 1.4983351 1.5032806 -5.578654 1.8609601 24.252335 0.1806774139404297 0.4421258270740509
