Pedestrian 0.0 0 0.40896761417388916 709.5823974609375 169.77589416503906 738.4177856445312 222.6470489501953 0.7850534 1.8133675 0.6968396 3.9468992 1.7081531 25.248749 0.5640332698822021 0.345136433839798
Pedestrian 0.0 0 -1.3296735286712646 695.791748046875 146.9026336669922 713.406982421875 188.1700897216797 0.53384995 1.9343851 0.72179455 4.4465175 0.71829003 34.198338 -1.2003774642944336 0.21658910810947418
Pedestrian 0.0 0 0.25221335887908936 762.535888671875 146.910888671875 809.6083984375 229.4043426513672 0.93687075 1.8600143 0.6268111 4.043417 1.2754223 16.76276 0.4889061450958252 0.2118668407201767
Pedestrian 0.0 0 0.7771024703979492 658.3072509765625 172.3806610107422 674.8707275390625 201.85191345214844 1.0094677 1.8514391 0.469689 3.562536 1.8220613 45.860497 0.8546288013458252 0.20530150830745697
Pedestrian 0.0 0 2.803436040878296 830.53271484375 133.18479919433594 852.1363525390625 187.78981018066406 0.53874916 1.9628922 0.7251951 8.385474 0.5372571 26.304846 3.112032413482666 0.18176662921905518
Cyclist 0.0 0 0.919639527797699 658.1854858398438 171.95423889160156 677.401611328125 201.60003662109375 1.3776379 1.8529284 0.47753328 3.6311033 1.797049 45.80337 0.9987499713897705 0.10962419956922531
Car 0.0 0 1.772557258605957 422.35894775390625 183.27760314941406 510.1408386230469 249.3064727783203 3.4721613 1.4675205 1.5147663 -3.5949945 1.7578286 18.325909 1.578847050666809 0.9553966522216797
Car 0.0 0 3.3520631790161133 0.0 185.09519958496094 191.3773651123047 298.32781982421875 4.172358 1.4912534 1.750562 -9.245541 1.7173071 11.58556 2.6785290241241455 0.8885077834129333
Car 0.0 0 2.9183568954467773 430.9642639160156 178.81137084960938 506.7297058105469 205.8253631591797 3.9949932 1.4607638 1.5940017 -8.096752 1.8142586 41.230194 2.724445343017578 0.8108857274055481
Car 0.0 0 1.6234300136566162 528.4669799804688 179.19573974609375 556.5767211914062 204.1702117919922 4.2451053 1.5893023 1.6877098 -4.5858264 2.0407271 49.163044 1.530421257019043 0.6767725944519043
Car 0.0 0 -2.711794137954712 450.52935791015625 178.2508087158203 515.6756591796875 204.61776733398438 3.7520974 1.6142493 1.6205517 -8.098532 1.967681 45.944298 -2.88627028465271 0.14950662851333618
Car 0.0 0 1.9636850357055664 667.9335327148438 176.81790161132812 714.585693359375 203.6981964111328 3.6646428 1.5733294 1.5988582 5.0533056 1.8307908 44.80685 2.0759902000427246 0.1443735659122467
