Pedestrian 0.0 0 -1.988267183303833 928.275146484375 154.5636444091797 949.6094970703125 192.42352294921875 0.80478126 1.7831429 0.65413064 15.632664 0.92205274 34.385986 -1.5615752935409546 0.2457577884197235
Pedestrian 0.0 0 3.697211503982544 0.0 166.46112060546875 45.0220832824707 265.9052734375 0.64509434 1.7376975 0.5838457 -10.725698 1.6263456 12.938591 3.005053997039795 0.17877739667892456
Pedestrian 0.0 0 1.5838470458984375 498.15802001953125 180.58042907714844 508.36724853515625 209.98793029785156 1.5234534 1.6589578 0.5688149 -6.2289367 2.1166296 41.91086 1.4363036155700684 0.16110758483409882
Pedestrian 0.0 0 -2.606964111328125 279.689208984375 198.62832641601562 309.6181640625 245.00404357910156 0.7736904 1.6875463 0.7165772 -11.883344 2.6705334 27.102892 -3.020174026489258 0.15706318616867065
Pedestrian 0.0 0 2.90104079246521 506.21624755859375 177.0924530029297 519.573486328125 198.29454040527344 1.0584357 1.8018389 0.45046836 -8.35057 2.168083 61.881027 2.7669055461883545 0.14221757650375366
Pedestrian 0.0 0 -2.5072262287139893 1064.1697998046875 140.00439453125 1118.327392578125 214.8069305419922 1.0040458 1.9109317 0.6378455 12.619832 1.0721022 19.010904 -1.9211965799331665 0.12221911549568176
Cyclist 0.0 0 1.5845805406570435 498.1940612792969 180.5525665283203 508.2979736328125 209.88645935058594 1.4687015 1.6563833 0.5622883 -6.229579 2.1120687 41.906956 1.4370086193084717 0.3107760548591614
Cyclist 0.0 0 2.4788427352905273 307.7989501953125 184.54833984375 348.5395812988281 229.795166015625 1.3663647 1.5959605 0.5198472 -10.398375 2.0381875 26.54017 2.1054272651672363 0.20470884442329407
Car 0.0 0 1.5957765579223633 474.2317199707031 178.5619354248047 504.3710021972656 206.00990295410156 4.189375 1.5285251 1.6806643 -7.228234 1.888635 43.281605 1.430298924446106 0.10887926071882248
Car 0.0 0 -1.7139078378677368 689.81884765625 181.4403839111328 725.56787109375 209.32362365722656 3.610539 1.5270275 1.5769119 5.668471 2.0540674 42.442455 -1.58113694190979 0.10337577015161514
