Pedestrian 0.0 0 1.8204243183135986 497.7401428222656 158.7720947265625 518.6973876953125 199.0087127685547 0.8895945 1.8967471 0.7982864 -4.8994074 1.2332861 34.495823 1.6793389320373535 0.40279892086982727
Pedestrian 0.0 0 0.19365602731704712 795.2977905273438 167.51290893554688 844.7219848632812 271.38720703125 0.7010665 1.7461653 0.750656 3.6279194 1.6567374 12.620459 0.4735720157623291 0.2883223295211792
Pedestrian 0.0 0 3.1653709411621094 513.61181640625 159.94178771972656 530.1507568359375 195.72193908691406 0.8582941 1.8802832 0.5157113 -4.7003083 1.2020918 38.213646 3.042984962463379 0.2809389531612396
Pedestrian 0.0 0 0.7989072799682617 65.77598571777344 122.79070281982422 155.66476440429688 272.8149108886719 0.65049005 1.8435149 0.6922493 -6.449904 1.2286893 9.265111 0.19077014923095703 0.18801775574684143
Cyclist 0.0 0 -1.5968704223632812 1137.9681396484375 165.1195526123047 1164.8699951171875 247.72703552246094 1.6617322 1.6520768 0.40569833 11.359565 1.4977527 15.223039 -0.9558000564575195 0.4789429306983948
Cyclist 0.0 0 -3.804764747619629 1110.00927734375 192.8489990234375 1242.0 309.9428405761719 1.9369549 1.5899538 0.7988961 8.372256 1.8887885 10.352333 -3.124722480773926 0.27499014139175415
Cyclist 0.0 0 -1.9318113327026367 1215.003173828125 193.72926330566406 1242.0 244.8626708984375 1.6754723 1.924772 0.6420064 24.863417 2.7840168 28.786974 -1.2194151878356934 0.20993757247924805
Car 0.0 0 1.7528486251831055 404.5825500488281 172.4933319091797 496.84356689453125 242.072021484375 3.640005 1.5512948 1.5965265 -3.889521 1.543611 17.928627 1.5392143726348877 0.9682657122612
Car 0.0 0 1.4997062683105469 623.5111083984375 179.83262634277344 645.9270629882812 198.85830688476562 4.190477 1.5540608 1.6447934 2.09166 2.1806242 62.617546 1.5330976247787476 0.5304094552993774
Car 0.0 0 -1.5893712043762207 643.7879638671875 173.73046875 676.1008911132812 206.16177368164062 3.5411913 1.5814492 1.5782777 2.4915698 1.629054 37.086056 -1.5222885608673096 0.40183135867118835
Car 0.0 0 -3.4138846397399902 1167.1988525390625 196.92481994628906 1242.0 227.09829711914062 3.2248337 1.5667754 1.6764134 33.976543 2.9874063 41.15035 -2.723686933517456 0.35679566860198975
Car 0.0 0 1.0557668209075928 1196.026123046875 200.42782592773438 1242.0 244.5963592529297 3.4716237 1.4913243 1.6341594 25.114082 2.6543984 28.556234 1.7771176099777222 0.29297253489494324
Car 0.0 0 1.679380178451538 536.486328125 183.50791931152344 569.6851196289062 212.3702850341797 3.9721472 1.6835077 1.6714461 -3.5823088 2.3865786 45.57823 1.6009445190429688 0.26714104413986206
