Pedestrian 0.0 0 0.01342090219259262 665.88232421875 179.24424743652344 680.4314575195312 208.01589965820312 0.849205 1.6813096 0.4227089 3.6904194 2.0605602 42.526207 0.09998393058776855 0.41932767629623413
Pedestrian 0.0 0 2.6843016147613525 830.953125 123.06710052490234 889.6207275390625 229.19300842285156 0.82938033 1.8327581 0.53637993 4.372232 0.97331303 12.776738 3.0140130519866943 0.2683408260345459
Pedestrian 0.0 0 2.102084159851074 0.0 144.3978271484375 69.92951202392578 278.2281188964844 1.1182476 1.8665903 0.7101201 -8.758841 1.4700574 10.668396 1.4146640300750732 0.23322135210037231
Pedestrian 0.0 0 1.1557353734970093 802.6663818359375 142.5447540283203 857.72998046875 246.6879425048828 0.88414145 1.8819767 0.6856872 4.0592456 1.3346148 13.517086 1.4474717378616333 0.18577724695205688
Car 0.0 0 1.811731219291687 376.60302734375 187.1217803955078 492.07177734375 270.6563415527344 3.640762 1.4715492 1.5160376 -3.5964334 1.807816 15.158169 1.5787782669067383 0.9588635563850403
Car 0.0 0 2.9138741493225098 416.4674377441406 185.98263549804688 497.62188720703125 218.15695190429688 3.9227874 1.5666535 1.5519145 -8.067752 2.2848659 37.916176 2.7042222023010254 0.828880250453949
Car 0.0 0 3.50115966796875 0.0 187.06344604492188 55.397193908691406 367.7191467285156 4.304545 1.5756205 1.621375 -9.267781 1.7728298 8.276697 2.659331798553467 0.6063884496688843
Car 0.0 0 1.4587297439575195 516.8240966796875 184.63870239257812 550.4578857421875 211.78366088867188 4.084017 1.5636917 1.6602043 -4.90267 2.344736 45.62251 1.3516788482666016 0.4730352759361267
Car 0.0 0 2.838639974594116 643.3753662109375 174.4484100341797 695.815185546875 195.7257080078125 3.6592472 1.5810454 1.6429777 4.501791 1.705593 54.99562 2.9203150272369385 0.27925413846969604
Car 0.0 0 1.8714447021484375 676.0472412109375 179.15614318847656 723.49560546875 207.83119201660156 3.9210682 1.5371099 1.6363949 5.205767 1.9205384 41.73179 1.9955470561981201 0.18732315301895142
