Cyclist 0.0 0 -2.1383261680603027 1144.78076171875 122.2843017578125 1242.0 350.4444885253906 1.7444426 1.7361768 0.64374995 5.5533214 1.3517264 6.397791 -1.423471212387085 0.3552623987197876
Car 0.0 0 1.935752034187317 255.0103759765625 192.57763671875 337.81683349609375 234.70968627929688 4.254741 1.5102047 1.7547978 -12.977888 2.391153 30.048452 1.5280526876449585 0.9606382250785828
Car 0.0 0 1.497042179107666 568.7813720703125 173.20858764648438 615.896484375 212.59727478027344 4.4246316 1.6794423 1.8230098 -0.91864675 1.6971927 33.09651 1.4692926406860352 0.8323273062705994
Car 0.0 0 1.7381523847579956 382.34613037109375 184.55575561523438 419.7484436035156 210.05873107910156 4.1018205 1.522057 1.6889709 -13.631308 2.3217561 47.15147 1.4567289352416992 0.5703923106193542
Car 0.0 0 -0.5162314772605896 1147.5345458984375 110.52985382080078 1242.0 342.7688903808594 3.9614224 1.4918555 1.557384 7.0922174 1.091856 6.0413494 0.3490104675292969 0.3684374988079071
Car 0.0 0 0.7530966401100159 842.5514526367188 193.99583435058594 915.8139038085938 223.0240478515625 3.8727458 1.5173298 1.8413721 15.934403 2.8399115 42.978985 1.1081349849700928 0.36597123742103577
Car 0.0 0 -1.62628173828125 664.3704833984375 175.4637451171875 690.86083984375 199.1385955810547 3.8096461 1.5832418 1.6342834 4.6784697 1.773654 50.60946 -1.534101128578186 0.2793155014514923
Car 0.0 0 1.7703924179077148 396.0491943359375 175.63121032714844 438.8885803222656 206.40478515625 3.9754643 1.6737261 1.6334927 -11.086071 1.8421991 41.641148 1.510198950767517 0.25386670231819153
Car 0.0 0 1.0036354064941406 1043.644287109375 180.88084411621094 1129.9779052734375 216.132080078125 3.9756424 1.5367328 1.5226887 22.549198 1.9415867 34.359673 1.5844053030014038 0.23503568768501282
Car 0.0 0 -1.6360397338867188 688.32421875 177.42550659179688 716.0386352539062 201.71185302734375 3.7535915 1.5732696 1.6333227 6.2430215 1.8987193 49.38504 -1.510291576385498 0.22366315126419067
