Pedestrian 0.0 0 -1.768814206123352 772.93798828125 161.50927734375 840.1533813476562 299.9068908691406 0.61752194 1.6218162 0.6774457 2.32297 1.4892305 8.781321 -1.5102026462554932 0.6643456816673279
Pedestrian 0.0 0 -1.0509073734283447 822.0778198242188 122.58450317382812 931.218505859375 311.3416748046875 0.74801826 1.6568406 0.69250864 2.4702284 1.2159514 6.8366776 -0.7041837573051453 0.6368741989135742
Pedestrian 0.0 0 -1.758739948272705 703.2510375976562 171.10006713867188 717.5791015625 203.0269775390625 0.6657589 1.7571746 0.6745399 5.536714 1.661001 40.05835 -1.6213939189910889 0.33473724126815796
Pedestrian 0.0 0 3.6025986671447754 0.0 155.3738555908203 91.7225341796875 351.0691833496094 0.84159946 1.7202427 0.5684125 -5.491019 1.5669429 6.710712 2.916830062866211 0.3145453631877899
Cyclist 0.0 0 -2.9245986938476562 879.5405883789062 93.73773956298828 1169.704833984375 370.0979919433594 1.7178835 1.6749358 0.57086164 2.8342361 1.1957941 5.1512346 -2.421597957611084 0.45587673783302307
Cyclist 0.0 0 -2.759406328201294 810.5943603515625 144.47894287109375 1000.1300659179688 331.85931396484375 1.7639391 1.7969797 0.6758687 3.0787592 1.5252205 7.769153 -2.382111072540283 0.40715160965919495
Cyclist 0.0 0 2.141305446624756 355.7710266113281 178.9698028564453 380.6041259765625 209.87648010253906 1.9076495 1.8486878 0.50450027 -14.943313 2.2348967 44.53312 1.8175567388534546 0.27160629630088806
Cyclist 0.0 0 1.50083327293396 776.0762329101562 169.51722717285156 836.9207763671875 311.2814636230469 0.8098613 1.6466955 0.6578888 2.333747 1.6082942 8.8377695 1.7590053081512451 0.13381445407867432
Car 0.0 0 1.831951379776001 372.75970458984375 187.3238525390625 429.8206787109375 222.71829223632812 3.7501302 1.4556472 1.6004595 -9.542214 2.1579096 33.10737 1.551336407661438 0.8494145274162292
Car 0.0 0 -1.6882293224334717 595.8003540039062 177.25181579589844 628.2644653320312 202.79356384277344 3.9797728 1.5477666 1.6291714 0.057217084 1.8442122 46.504715 -1.686998963356018 0.68963223695755
Car 0.0 0 -1.5123634338378906 1090.15087890625 152.85446166992188 1134.195068359375 186.23472595214844 3.9510088 1.6145285 1.6248055 25.71404 0.64755356 36.951477 -0.9044034481048584 0.2237451672554016
Car 0.0 0 -3.4255917072296143 855.6826171875 183.89773559570312 1144.1466064453125 290.6437072753906 3.8009434 1.5208242 1.5688449 6.0153584 1.7168287 11.645749 -2.9488091468811035 0.2204096019268036
Car 0.0 0 1.8148114681243896 399.361328125 182.3192901611328 441.7694396972656 208.8778533935547 4.091339 1.5111364 1.5930812 -11.67491 2.1231906 44.57161 1.5586308240890503 0.2170826643705368
Car 0.0 0 -0.6479049324989319 314.54656982421875 184.40057373046875 391.92181396484375 214.3911590576172 3.822148 1.5031059 1.6094427 -14.1268425 2.172552 39.76918 -0.9892232418060303 0.2063043713569641
Car 0.0 0 2.0982139110565186 0.0 197.24456787109375 77.71310424804688 333.892822265625 3.8525088 1.4585685 1.5805153 -9.657324 1.8826995 10.482362 1.3537585735321045 0.20619897544384003
