Pedestrian 0.0 0 1.738285779953003 711.5376586914062 127.95784759521484 741.8015747070312 199.99533081054688 0.73805183 1.789551 0.6486975 2.9281406 0.6746011 18.375025 1.8963114023208618 0.5323711633682251
Pedestrian 0.0 0 1.8558932542800903 333.7258605957031 180.49468994140625 378.58941650390625 259.8961181640625 0.7537126 1.7606684 0.78758466 -5.8331604 1.9396942 16.471457 1.5155372619628906 0.4008907973766327
Pedestrian 0.0 0 1.5198098421096802 881.206298828125 100.89552307128906 939.4518432617188 273.89764404296875 0.7457186 1.720382 0.5238131 3.0960972 1.0051644 7.6107154 1.9061710834503174 0.3055880069732666
Car 0.0 0 -1.2153420448303223 233.94857788085938 202.16510009765625 424.6797790527344 320.38226318359375 3.7228572 1.4061378 1.5614111 -4.228975 1.9439303 11.364999 -1.5715724229812622 0.9792180061340332
Car 0.0 0 -1.327479362487793 402.4732971191406 183.17111206054688 496.14288330078125 251.66285705566406 4.0090685 1.6919949 1.665327 -4.4759064 2.013923 20.459547 -1.5428547859191895 0.9540550112724304
Car 0.0 0 -1.730283498764038 692.1502075195312 179.97044372558594 795.6935424804688 258.4959716796875 3.523939 1.4510363 1.5993499 2.6856365 1.6210207 15.423564 -1.5578863620758057 0.953565776348114
Car 0.0 0 -2.0856404304504395 832.27490234375 181.80340576171875 1242.0 375.0 3.5367796 1.5309293 1.5904144 2.8387563 1.6157299 5.0357614 -1.5723252296447754 0.9389531016349792
Car 0.0 0 -1.6819000244140625 651.4463500976562 176.2848358154297 696.3521728515625 213.4806671142578 3.433256 1.4876884 1.5335186 2.6440492 1.6432959 30.911978 -1.5965728759765625 0.9228260517120361
Car 0.0 0 1.746729850769043 482.54608154296875 183.0878448486328 531.5968627929688 218.11529541015625 3.9465485 1.5171611 1.6509533 -4.8831987 2.0341263 34.419743 1.605798363685608 0.8765203952789307
Car 0.0 0 1.4804819822311401 519.5530395507812 182.4578857421875 548.0978393554688 207.69285583496094 4.0716043 1.6209847 1.604666 -5.3591146 2.3173952 50.13815 1.3739993572235107 0.3383078873157501
