Pedestrian 0.0 0 -1.3943158388137817 801.7390747070312 142.91244506835938 822.0161743164062 188.5895538330078 0.52728695 1.9144344 0.74886096 8.532955 0.6598722 30.638418 -1.1226938962936401 0.37641867995262146
Pedestrian 0.0 0 -1.0098334550857544 0.0 150.24908447265625 28.014738082885742 197.91993713378906 0.8757773 1.9426304 0.5944016 -24.758158 1.0218172 29.873547 -1.7018697261810303 0.22795553505420685
Pedestrian 0.0 0 -2.9078664779663086 632.4698486328125 169.10086059570312 647.7459106445312 195.1642303466797 0.9392584 1.782225 0.6008919 2.0484262 1.5259404 49.752968 -2.86671781539917 0.20398969948291779
Pedestrian 0.0 0 1.4356799125671387 1097.300048828125 146.9056396484375 1154.8153076171875 256.64752197265625 1.5728571 1.5671794 0.5053462 7.866386 1.1969792 11.115375 2.0515570640563965 0.12656216323375702
Cyclist 0.0 0 1.3810893297195435 1094.2161865234375 148.61248779296875 1158.3973388671875 257.47430419921875 1.5907309 1.5550224 0.50613654 7.878294 1.2091055 11.132807 1.9969408512115479 0.26692917943000793
Car 0.0 0 -1.4683729410171509 536.1292724609375 176.49484252929688 569.1224365234375 202.84410095214844 3.6170363 1.5030377 1.6226727 -3.4505842 1.7320641 43.48761 -1.5475534200668335 0.7538439631462097
Car 0.0 0 -1.5941623449325562 584.9579467773438 175.78579711914062 612.137451171875 199.33172607421875 4.2443914 1.4480426 1.6650892 -0.8174132 1.648388 47.061638 -1.6115295886993408 0.7433435916900635
Car 0.0 0 0.22742512822151184 328.13848876953125 177.2063446044922 393.6754150390625 203.5208740234375 3.6642816 1.6273043 1.6833133 -15.861643 1.9112747 45.986336 -0.10471764206886292 0.5753505825996399
Car 0.0 0 1.8344385623931885 361.21258544921875 168.8280792236328 422.322998046875 212.37452697753906 4.188628 1.8891028 1.6730299 -10.057409 1.7148105 33.415985 1.5420866012573242 0.35725536942481995
Car 0.0 0 1.313267707824707 653.4489135742188 175.70057678222656 697.9444580078125 203.54896545410156 4.0070972 1.5123714 1.5843596 3.7078493 1.6856539 41.721237 1.4019068479537964 0.21729810535907745
Car 0.0 0 1.9503720998764038 466.7774963378906 180.5657958984375 499.79534912109375 199.3204803466797 3.5415857 1.4527028 1.4671916 -10.405141 2.1072145 59.31845 1.7767271995544434 0.1780567616224289
Car 0.0 0 0.6027513146400452 140.41651916503906 198.76678466796875 247.20339965820312 235.27896118164062 3.7913756 1.4574267 1.4951525 -17.859972 2.6021469 30.965916 0.07959365844726562 0.16850486397743225
Car 0.0 0 1.6839780807495117 425.22052001953125 177.18702697753906 466.6617736816406 211.6902618408203 3.7769518 1.5301137 1.5131804 -7.815644 1.7491266 34.447655 1.4608705043792725 0.16583462059497833
