Pedestrian 0.0 0 -2.2002248764038086 1111.81982421875 71.3763427734375 1242.0 375.0 0.7804881 1.7321339 0.6512644 3.6758842 1.1537071 4.5196543 -1.5174201726913452 0.5058475136756897
Pedestrian 0.0 0 3.39388370513916 32.61960983276367 172.38722229003906 86.99620056152344 260.5470275878906 0.7847535 1.8013582 0.60254306 -11.604604 1.7921784 15.170802 2.7408955097198486 0.3862011134624481
Pedestrian 0.0 0 -0.4205281436443329 711.86767578125 164.46817016601562 739.4839477539062 227.54074096679688 0.55493456 1.7708879 0.6680014 3.2591076 1.5357968 20.65069 -0.26399844884872437 0.24521881341934204
Pedestrian 0.0 0 1.8651540279388428 26.848012924194336 188.68817138671875 64.55458068847656 257.98748779296875 0.62531984 1.6923935 0.59441364 -14.274086 2.1009645 18.199766 1.2000595331192017 0.19449482858181
Pedestrian 0.0 0 3.5910627841949463 73.55945587158203 183.272705078125 122.91059875488281 260.77178955078125 0.72090286 1.7168103 0.61931336 -11.703524 1.9599568 16.445482 2.9725568294525146 0.19381549954414368
Car 0.0 0 2.050617218017578 0.0 191.428955078125 391.791259765625 375.0 3.8889196 1.5153246 1.6993006 -3.4103184 1.7306683 6.39539 1.5607277154922485 0.9881270527839661
Car 0.0 0 1.743844985961914 440.5414123535156 184.54385375976562 519.2535400390625 237.52322387695312 4.354971 1.4613779 1.7405474 -4.082045 1.8703909 23.041363 1.56850266456604 0.9474844932556152
Car 0.0 0 1.697533369064331 479.2264404296875 175.19358825683594 527.8001708984375 216.7938232421875 4.038919 1.6830152 1.5962974 -4.6142673 1.7919594 31.45142 1.5518616437911987 0.8414978981018066
Car 0.0 0 -2.4027745723724365 485.1780700683594 167.4916229248047 531.2437133789062 183.7678680419922 4.2754664 1.4783399 1.6328278 -9.545871 0.99164283 67.41159 -2.543445110321045 0.1516936868429184
Car 0.0 0 -1.028875470161438 1068.69140625 117.53548431396484 1242.0 375.0 3.9546607 1.5196626 1.6326563 5.6447554 1.2086095 5.2678294 -0.20895062386989594 0.13351519405841827
