Pedestrian 0.0 0 0.9205031394958496 1034.4288330078125 118.57439422607422 1238.0 374.0 0.8624431 1.620352 0.5685496 2.9802046 1.2992661 4.1169105 1.5470856428146362 0.8022574782371521
Pedestrian 0.0 0 -1.4245132207870483 678.0845947265625 160.71441650390625 704.1864013671875 221.5408477783203 0.8294644 1.6000891 0.5857924 2.3935866 1.0544759 19.371473 -1.3015738725662231 0.6857885718345642
Pedestrian 0.0 0 3.1087486743927 589.353515625 158.71107482910156 623.223388671875 231.6670379638672 0.78734934 1.7114588 0.6252853 0.07418142 1.1780615 17.172405 3.1130683422088623 0.6740338802337646
Pedestrian 0.0 0 -3.3223886489868164 1071.768310546875 91.29610443115234 1198.202880859375 308.8656005859375 0.75602293 1.69289 0.5553147 4.37167 0.9924157 6.0008645 -2.6927857398986816 0.6652078628540039
Pedestrian 0.0 0 0.6108835339546204 430.9781188964844 160.58665466308594 470.33819580078125 230.76625061035156 0.75899965 1.7106878 0.59326476 -3.794049 1.2020993 17.928967 0.4023444652557373 0.6474089026451111
Pedestrian 0.0 0 2.4183239936828613 645.5028076171875 159.29586791992188 683.8009033203125 232.21060180664062 0.774821 1.676952 0.48279735 1.4571567 1.1674923 16.942793 2.504117488861084 0.5818319916725159
Pedestrian 0.0 0 -2.433932304382324 465.0940856933594 157.28018188476562 527.119384765625 260.51953125 0.69686943 1.6172227 0.7302578 -1.759705 1.2391225 11.744285 -2.5826609134674072 0.5674852132797241
Pedestrian 0.0 0 -3.2575786113739014 703.8306274414062 156.6475830078125 738.204833984375 216.2024688720703 0.93971217 1.7263436 0.53207797 3.478417 1.0070716 21.108053 -3.0942554473876953 0.5263463258743286
Pedestrian 0.0 0 1.3603211641311646 639.364013671875 162.58529663085938 666.7329711914062 226.4470672607422 0.5361144 1.5929743 0.5922007 1.272012 1.1223491 18.222555 1.4300123453140259 0.5034083127975464
Pedestrian 0.0 0 -1.4895412921905518 609.229248046875 161.01385498046875 634.412353515625 207.79428100585938 0.8868724 1.6150558 0.81846875 0.70157075 0.9088568 25.282635 -1.4617992639541626 0.4721963703632355
Pedestrian 0.0 0 -1.8898899555206299 542.0003051757812 166.03834533691406 557.79638671875 201.5858612060547 0.63273543 2.0172899 0.7421468 -2.957228 1.1406517 41.196102 -1.9615511894226074 0.41403642296791077
Pedestrian 0.0 0 -0.4039309024810791 752.9190673828125 137.04754638671875 875.6536865234375 327.8292236328125 0.9121647 1.6619631 0.6190924 1.8906847 1.2761062 6.6193266 -0.12570826709270477 0.3605068624019623
Pedestrian 0.0 0 2.1267600059509277 329.9527587890625 171.00320434570312 413.2637023925781 314.6646423339844 0.8183061 1.6123706 0.6035649 -2.758274 1.4959133 8.529333 1.8139877319335938 0.3267277479171753
Pedestrian 0.0 0 2.8176987171173096 765.8715209960938 170.0555419921875 791.7088012695312 221.61251831054688 0.6929781 1.6861237 0.5430597 5.84466 1.312934 23.78918 3.058612585067749 0.299511581659317
Pedestrian 0.0 0 2.0264499187469482 61.43202590942383 207.22854614257812 190.30690002441406 374.0 0.65038204 1.5349064 0.586959 -3.610857 1.7435223 5.422093 1.4389418363571167 0.2738303542137146
Pedestrian 0.0 0 -1.0464513301849365 382.90716552734375 175.40554809570312 400.597412109375 209.20401000976562 0.5810306 1.7397218 0.6843148 -10.902146 1.4268817 37.33613 -1.330552577972412 0.26710832118988037
Pedestrian 0.0 0 2.787930488586426 838.9607543945312 167.17726135253906 884.7938232421875 250.10989379882812 0.67729276 1.6358831 0.67225623 5.21101 1.3546094 14.505953 3.1328065395355225 0.25566157698631287
Pedestrian 0.0 0 1.6534984111785889 811.21923828125 145.84226989746094 840.4049682617188 220.74473571777344 1.6850516 1.7228625 0.5412433 5.4160333 0.90389323 17.402626 1.9552161693572998 0.1539175659418106
Cyclist 0.0 0 1.6501696109771729 811.0650634765625 145.65892028808594 840.2391967773438 220.88528442382812 1.7190685 1.7285349 0.5438095 5.4123497 0.9061954 17.402142 1.9517022371292114 0.4547427296638489
Cyclist 0.0 0 -1.9037725925445557 727.1560668945312 153.50062561035156 750.3212890625 192.88796997070312 1.6429062 1.6956114 0.49318728 6.0470123 0.49121246 31.76991 -1.7156846523284912 0.28592556715011597
Cyclist 0.0 0 1.3964049816131592 836.8140258789062 167.159423828125 883.3621215820312 253.5677947998047 1.5404392 1.6412947 0.61561036 5.1399484 1.3701583 14.452611 1.7380967140197754 0.26034045219421387
Cyclist 0.0 0 0.11198317259550095 459.6807861328125 156.1581573486328 511.3875732421875 261.5751953125 0.7565489 1.6585072 0.72530717 -1.9139981 1.2611059 11.680087 -0.050441719591617584 0.1650352030992508
Cyclist 0.0 0 -1.4295799732208252 613.2317504882812 161.58737182617188 638.2938232421875 208.57052612304688 1.015296 1.6243898 0.7520898 0.84504735 0.9370005 25.398228 -1.3963203430175781 0.11209038645029068
Car 0.0 0 1.7415026426315308 554.037109375 169.89019775390625 587.2045288085938 194.45838928222656 3.4245253 1.5083922 1.5600458 -1.9250572 0.79633534 45.898663 1.6995857954025269 0.39475148916244507
Car 0.0 0 1.329384684562683 695.94775390625 183.1409912109375 810.884521484375 258.19122314453125 3.796655 1.3774184 1.4694645 3.0285144 1.4177405 15.19418 1.5261269807815552 0.2794947028160095
