Pedestrian 0.0 0 2.5914340019226074 185.1488037109375 126.2630386352539 241.34535217285156 240.49636840820312 0.5982892 1.7831347 0.5455692 -6.457982 1.0562271 11.654825 2.0854456424713135 0.33269238471984863
Car 0.0 0 1.9379925727844238 281.7546691894531 196.65203857421875 407.0666198730469 272.8638916015625 3.5745156 1.4930944 1.5913318 -6.176841 2.1157353 17.061686 1.5906411409378052 0.9598858952522278
Car 0.0 0 -1.751495361328125 675.7178955078125 179.10694885253906 759.6781616210938 238.90000915527344 3.972799 1.5088068 1.6595507 2.9210804 1.7055869 20.644596 -1.6109347343444824 0.9576999545097351
Car 0.0 0 1.8466153144836426 368.19451904296875 193.18272399902344 455.6409912109375 249.60890197753906 3.989057 1.5017626 1.6138452 -6.1437736 2.1967065 22.647339 1.581710696220398 0.9440554976463318
Car 0.0 0 1.7075402736663818 437.32159423828125 183.10304260253906 491.3047180175781 222.82794189453125 4.349283 1.5222684 1.6951458 -6.2208004 1.9947973 31.015942 1.509598731994629 0.8517190217971802
Car 0.0 0 1.5050889253616333 561.9319458007812 181.671142578125 582.2646484375 199.1730499267578 3.9529476 1.5473115 1.6507168 -3.6127326 2.402902 67.92348 1.4519506692886353 0.4237304627895355
Car 0.0 0 1.7534453868865967 497.4062805175781 184.85069274902344 533.1210327148438 212.96377563476562 4.231808 1.7053398 1.6029634 -6.250579 2.5356607 47.76006 1.6233104467391968 0.39511892199516296
Car 0.0 0 0.8205575942993164 1147.826904296875 144.9158935546875 1242.0 185.84835815429688 4.1105165 1.5778183 1.592788 24.66886 0.5012496 29.909966 1.5102211236953735 0.37397241592407227
Car 0.0 0 1.774885892868042 527.884765625 182.39820861816406 556.0150756835938 201.666015625 4.027806 1.5793438 1.6772999 -5.9550314 2.4448583 63.30875 1.6810985803604126 0.37162137031555176
Car 0.0 0 1.7628151178359985 464.5161437988281 183.35142517089844 511.4025573730469 214.84719848632812 4.0970554 1.4963875 1.6657711 -6.3523784 2.0757475 37.725994 1.595997929573059 0.33104437589645386
