Pedestrian 0.0 0 1.0429508686065674 985.501953125 164.1504669189453 1069.140625 295.08984375 0.82158643 1.7527641 0.68806815 5.748369 1.6366156 10.069728 1.5616655349731445 0.6125420928001404
Pedestrian 0.0 0 2.2036190032958984 737.9761962890625 170.99232482910156 761.8993530273438 214.004150390625 0.7101435 1.7874309 0.70996976 5.871121 1.7104238 30.483734 2.393887758255005 0.5929076671600342
Pedestrian 0.0 0 -0.7277435064315796 1111.8988037109375 143.95558166503906 1188.188232421875 259.4248352050781 0.73184353 1.8019487 0.65667844 8.6283865 1.3513341 11.616698 -0.08889389038085938 0.2773812711238861
Pedestrian 0.0 0 -2.930670976638794 675.639404296875 175.86874389648438 685.6585083007812 199.0177001953125 0.6640177 1.7985355 0.63472074 5.514851 2.0369275 56.564514 -2.833481550216675 0.24839481711387634
Pedestrian 0.0 0 -2.8301796913146973 729.3246459960938 176.2541961669922 739.2095336914062 197.97174072265625 0.61112636 1.7419887 0.6783474 10.044532 2.019899 58.453148 -2.6600027084350586 0.23761925101280212
Pedestrian 0.0 0 1.0051021575927734 861.0581665039062 167.60179138183594 897.36279296875 226.2936248779297 0.99329114 1.8171743 0.64589477 8.485118 1.6549169 22.890188 1.3600871562957764 0.15674751996994019
Cyclist 0.0 0 -1.8464422225952148 681.9395751953125 173.66908264160156 699.1119384765625 205.47232055664062 1.6770693 1.7945747 0.5464205 4.602448 1.8429462 41.62855 -1.7363295555114746 0.3160593509674072
Cyclist 0.0 0 -0.7530662417411804 1110.923095703125 141.32147216796875 1195.4683837890625 260.33935546875 0.87681985 1.8566564 0.65692544 8.687184 1.3651127 11.628286 -0.11144070327281952 0.11849864572286606
Car 0.0 0 2.1010489463806152 146.65988159179688 177.4702606201172 217.27561950683594 209.0547332763672 4.2659173 1.7619835 1.6945566 -25.445171 2.0511966 43.010017 1.5668210983276367 0.3479599952697754
Car 0.0 0 0.9538196921348572 1174.1466064453125 174.40396118164062 1242.0 200.08326721191406 4.2043567 1.5067959 1.6846497 37.331112 1.6079481 44.757694 1.6489933729171753 0.30055075883865356
Car 0.0 0 -1.5041273832321167 755.3077392578125 165.34860229492188 794.4223022460938 198.18011474609375 3.9187074 1.5215566 1.6224793 8.129057 1.1740813 35.54631 -1.2793042659759521 0.17097054421901703
