Pedestrian 0.0 0 2.34494948387146 927.98779296875 144.23854064941406 975.3678588867188 213.71603393554688 0.8847594 1.7657229 0.69709396 8.857307 1.0388384 18.815714 2.7849161624908447 0.3802412152290344
Pedestrian 0.0 0 1.5963616371154785 870.1178588867188 130.82986450195312 898.5230712890625 200.98406982421875 0.9649658 1.827526 0.69055593 7.323709 0.73315006 19.370518 1.9578344821929932 0.18410097062587738
Pedestrian 0.0 0 0.9374178647994995 945.1221923828125 131.17861938476562 980.4903564453125 191.52346801757812 0.83950895 1.8576138 0.6213966 11.034975 0.5750661 22.677279 1.3902956247329712 0.15305763483047485
Pedestrian 0.0 0 -0.2471025288105011 950.7608032226562 155.60324096679688 999.3001098632812 267.7381591796875 0.5706825 1.7703223 0.6121329 5.880387 1.4983349 11.748796 0.21695280075073242 0.15073981881141663
Pedestrian 0.0 0 -3.4417126178741455 863.0277709960938 162.94918823242188 876.7134399414062 190.00479125976562 0.7474043 1.8344153 0.5538803 17.692799 1.1632099 49.212215 -3.0965816974639893 0.14278165996074677
Cyclist 0.0 0 -0.7635795474052429 926.5374755859375 144.63299560546875 978.37646484375 214.7664794921875 1.0278139 1.7814196 0.6931313 8.877599 1.0649521 18.81628 -0.3227419853210449 0.1011873260140419
Car 0.0 0 -1.5805851221084595 592.2840576171875 179.9367218017578 617.7820434570312 205.64947509765625 3.7007883 1.609749 1.6331908 -0.38232544 2.1002114 48.061024 -1.588539958000183 0.8033932447433472
Car 0.0 0 1.6217288970947266 450.00518798828125 185.308349609375 478.695556640625 210.52806091308594 4.3390903 1.5700791 1.7096331 -9.963591 2.462953 49.433002 1.422836184501648 0.6158090829849243
Car 0.0 0 0.8677496910095215 892.1282348632812 167.84710693359375 945.2107543945312 191.57188415527344 3.6112356 1.7033786 1.7029759 22.926088 1.3442549 53.778465 1.2707260847091675 0.4373553991317749
Car 0.0 0 1.553884744644165 599.4095458984375 182.68186950683594 628.3447265625 213.21878051757812 4.0549293 1.708226 1.6719561 0.1631034 2.3317478 43.710148 1.5576162338256836 0.2054026871919632
Car 0.0 0 -2.108037233352661 833.44287109375 160.72657775878906 883.2752075195312 186.37681579589844 3.6484847 1.7389947 1.687835 17.427675 0.9171563 50.87376 -1.7779994010925293 0.15029703080654144
