Pedestrian 0.0 0 -1.2420706748962402 130.55674743652344 165.8009796142578 152.49337768554688 205.670166015625 0.54199934 1.8473673 0.73005056 -21.539955 1.1208658 33.632214 -1.8117073774337769 0.1566106081008911
Pedestrian 0.0 0 2.6230571269989014 813.2409057617188 107.31026458740234 928.354248046875 289.54315185546875 0.9755636 1.7674173 0.49849275 2.6727192 1.0492464 7.2912197 2.9744138717651367 0.14387454092502594
Pedestrian 0.0 0 -2.1583526134490967 1003.6524047851562 143.23965454101562 1067.2423095703125 261.65948486328125 0.534115 1.7662553 0.64418554 6.588931 1.196902 10.993585 -1.6184161901474 0.14243049919605255
Car 0.0 0 -1.068740963935852 485.95172119140625 173.4970703125 557.4376220703125 211.0924072265625 3.3732405 1.4995066 1.5915002 -3.3402376 1.181309 30.511267 -1.1777822971343994 0.9455865025520325
Car 0.0 0 -1.4228640794754028 573.7827758789062 170.6168212890625 606.630859375 193.32305908203125 4.188743 1.5313303 1.7177385 -0.7326665 0.79802465 50.63263 -1.437333345413208 0.6725456714630127
Car 0.0 0 2.1237730979919434 326.27862548828125 179.79998779296875 395.97784423828125 208.4830322265625 4.1832066 1.4382217 1.551837 -12.704098 1.3538575 38.230057 1.802946925163269 0.6351283192634583
Car 0.0 0 1.4188878536224365 415.92523193359375 181.12335205078125 458.4437255859375 212.9347686767578 3.4527173 1.4497088 1.4837917 -7.963445 1.4334769 34.611607 1.1927433013916016 0.34435996413230896
Car 0.0 0 0.006895244121551514 0.450239896774292 151.1083984375 116.64678955078125 192.3911895751953 3.8005939 1.6262118 1.645667 -22.657125 0.43003502 30.087374 -0.6385513544082642 0.22908252477645874
Car 0.0 0 2.929460287094116 0.0 168.16549682617188 116.53799438476562 205.671630859375 4.209288 1.5528876 1.6601385 -24.245707 1.001776 31.877342 2.2792136669158936 0.19568604230880737
Car 0.0 0 -0.4365707039833069 0.0 176.4459686279297 86.10135650634766 215.19601440429688 3.852783 1.6594783 1.7708138 -26.20462 1.4440055 32.879364 -1.1094753742218018 0.16051335632801056
