Pedestrian 0.0 0 0.0036703944206237793 927.9588623046875 173.42367553710938 946.9163818359375 217.7995147705078 0.6938993 1.7745097 0.7068664 13.267317 1.7983925 29.327845 0.4285013675689697 0.5147453546524048
Pedestrian 0.0 0 1.5131229162216187 570.5086669921875 153.1786651611328 585.0327758789062 198.89736938476562 0.45283523 1.9811358 0.60802156 -1.4506059 1.128899 31.520418 1.4671342372894287 0.2649809718132019
Pedestrian 0.0 0 -2.9544084072113037 624.947509765625 153.90159606933594 638.4530639648438 192.10995483398438 0.5722477 1.9247631 0.67695874 1.0700598 0.9703858 36.737034 -2.9252891540527344 0.20130854845046997
Pedestrian 0.0 0 1.3421871662139893 1004.5401611328125 163.70130920410156 1033.422607421875 220.29869079589844 0.6970523 1.8240864 0.6832822 13.371204 1.5294605 23.682419 1.8561739921569824 0.20091497898101807
Pedestrian 0.0 0 2.438995838165283 1017.21728515625 187.07864379882812 1049.9931640625 235.07440185546875 0.7993409 1.7229725 0.66399336 15.527425 2.2542078 26.529848 2.968522548675537 0.2006593644618988
Pedestrian 0.0 0 1.4847666025161743 636.2396850585938 148.84617614746094 649.3717041015625 184.78712463378906 0.68583435 1.9745909 0.6697578 1.7801397 0.65596247 39.99497 1.5292463302612305 0.15283510088920593
Pedestrian 0.0 0 -1.6705131530761719 614.3179321289062 165.3202362060547 629.5241088867188 203.59469604492188 0.56778 1.8202856 0.6755782 0.53071225 1.462347 34.624043 -1.6551865339279175 0.13715434074401855
Cyclist 0.0 0 2.3404173851013184 1011.7454833984375 169.14498901367188 1039.281005859375 195.71031188964844 1.7298341 1.850268 0.6640641 29.231052 1.5922939 50.809616 2.8624813556671143 0.15618152916431427
Car 0.0 0 -1.7208367586135864 751.7635498046875 187.5047607421875 819.713134765625 238.6088409423828 4.1380634 1.5078789 1.6305264 5.85639 2.0518043 24.637789 -1.4874681234359741 0.9502951502799988
Car 0.0 0 -2.3730108737945557 1087.1900634765625 220.5183868408203 1242.0 375.0 3.852384 1.5255228 1.637872 3.105213 1.7966616 2.0525582 -1.3862866163253784 0.5246086716651917
Car 0.0 0 1.074908971786499 962.9482421875 207.24191284179688 1138.563232421875 295.3882141113281 3.5511205 1.430948 1.5662352 8.847564 2.2287128 14.923759 1.6100552082061768 0.2926315367221832
Car 0.0 0 1.0628242492675781 937.1333618164062 188.89199829101562 1013.1820678710938 223.50079345703125 3.6580808 1.499039 1.7033981 17.500626 2.3152997 34.84055 1.5283151865005493 0.20110884308815002
