Pedestrian 0.0 0 -2.802668809890747 628.3619995117188 148.75486755371094 648.5618286132812 193.14984130859375 0.6826602 1.9101846 0.71663994 1.2050277 0.87362796 31.501728 -2.764434814453125 0.51218581199646
Pedestrian 0.0 0 1.456114649772644 672.3289184570312 136.92674255371094 694.7520751953125 199.3895721435547 0.66603786 1.7750459 0.5700214 2.072012 0.7544362 20.839062 1.5552181005477905 0.47376686334609985
Car 0.0 0 -1.7398076057434082 649.36181640625 179.49339294433594 737.955322265625 249.36288452148438 3.5766532 1.549946 1.6104561 1.9537444 1.7345635 18.18693 -1.6327922344207764 0.9717521667480469
Car 0.0 0 -1.440203070640564 414.0821228027344 187.1952362060547 474.80035400390625 235.52540588378906 3.4742594 1.4205595 1.5338343 -5.4941926 1.9352994 24.0756 -1.6645667552947998 0.9692656993865967
Car 0.0 0 2.0919418334960938 0.0 199.3655548095703 315.1881408691406 375.0 4.345078 1.4675564 1.709953 -5.020333 1.8448178 8.052902 1.534480333328247 0.9630159139633179
Car 0.0 0 -2.0769193172454834 795.3073120117188 164.8302764892578 1242.0 375.0 3.6173167 1.4449338 1.5424169 2.8442988 1.3984827 6.063142 -1.6382851600646973 0.9425413608551025
Car 0.0 0 -1.6766866445541382 617.147216796875 178.92845153808594 665.1201782226562 218.7232208251953 3.3568554 1.4460167 1.532251 1.1320266 1.7005867 28.467804 -1.6369423866271973 0.9067345261573792
Car 0.0 0 -1.404963493347168 447.9916076660156 182.05996704101562 496.6974792480469 218.87637329101562 3.9163842 1.5392095 1.571298 -6.2932234 1.9874443 33.125683 -1.592706322669983 0.8959359526634216
Car 0.0 0 1.5483351945877075 482.4422607421875 180.4174346923828 508.1900329589844 209.1063690185547 3.8894825 1.7472204 1.5650772 -7.5458183 2.2626228 47.077534 1.389402151107788 0.863292932510376
Car 0.0 0 1.4185465574264526 597.7694702148438 177.90626525878906 630.88916015625 204.6996612548828 3.4264078 1.540395 1.5090967 0.19448386 1.8612705 43.966217 1.4229700565338135 0.6623900532722473
Car 0.0 0 -0.465956449508667 807.0350341796875 163.36233520507812 979.5460205078125 230.40908813476562 3.6138718 1.5617836 1.6292078 6.861783 1.3410434 17.791975 -0.09786658734083176 0.45460888743400574
