Pedestrian 0.0 0 0.40472525358200073 368.6324462890625 176.78521728515625 421.01080322265625 275.1185607910156 0.71025676 1.7541533 0.6926624 -4.0028477 1.8289893 13.283207 0.11203360557556152 0.5896735787391663
Car 0.0 0 -1.8022468090057373 688.8475952148438 177.1580352783203 815.4889526367188 268.52166748046875 3.9783924 1.6355256 1.6880133 2.7614071 1.7382857 15.134546 -1.6217747926712036 0.9456430077552795
Car 0.0 0 -1.8008716106414795 609.494873046875 177.91738891601562 640.880126953125 200.502685546875 3.4404657 1.5644728 1.5403193 1.0474328 1.9472363 52.647312 -1.7809789180755615 0.8435537219047546
Car 0.0 0 -1.2349776029586792 201.70953369140625 183.28717041015625 409.8285827636719 318.60198974609375 3.4857826 1.4846169 1.5406077 -3.9999795 1.6547769 9.964019 -1.6167267560958862 0.7134332656860352
Car 0.0 0 0.38784050941467285 223.97227478027344 182.4293212890625 408.9554138183594 250.8710174560547 3.6841462 1.5013719 1.5523787 -6.798031 1.7354805 16.827866 0.003912448883056641 0.6803102493286133
Car 0.0 0 0.3577527701854706 266.11602783203125 176.31517028808594 422.34344482421875 238.44561767578125 3.5461767 1.5704693 1.6310062 -7.0176086 1.6666927 19.154846 0.0065765380859375 0.603728175163269
Car 0.0 0 0.23704521358013153 389.71502685546875 180.02830505371094 480.400390625 215.3263397216797 3.5568109 1.4801183 1.605565 -7.59995 1.8005418 31.383278 -0.0005463901907205582 0.579843282699585
Car 0.0 0 0.7863585352897644 681.2117919921875 178.71531677246094 751.4414672851562 206.20132446289062 3.8548152 1.4225553 1.6205428 5.842729 1.7662778 40.23629 0.9305610656738281 0.5332410931587219
Car 0.0 0 3.410109758377075 319.9896240234375 184.29295349121094 480.1051025390625 237.561767578125 4.365264 1.517776 1.5958465 -6.280544 1.875865 21.73621 3.128826856613159 0.4846848249435425
Car 0.0 0 1.6038745641708374 601.2045288085938 173.7883758544922 621.625244140625 193.16725158691406 3.9314005 1.6090171 1.6302655 0.12723507 1.692366 62.09142 1.6059237718582153 0.44078677892684937
Car 0.0 0 0.17932133376598358 424.10626220703125 168.388671875 515.31005859375 206.97964477539062 4.2086487 1.8727696 1.7814808 -6.966338 1.6564313 35.92887 -0.012194769456982613 0.36857014894485474
