Pedestrian 0.0 0 -1.8440784215927124 712.3699340820312 163.9248046875 740.4383544921875 220.22886657714844 1.0828767 1.8730141 0.6742675 3.9107978 1.5763333 24.576641 -1.6862748861312866 0.8136497139930725
Pedestrian 0.0 0 0.42555615305900574 651.8579711914062 160.4614715576172 674.873779296875 200.386474609375 0.96453667 1.895458 0.5482147 2.529948 1.3074751 34.72385 0.49828672409057617 0.2597956359386444
Pedestrian 0.0 0 0.6595920324325562 321.1106872558594 164.8451690673828 345.6142272949219 218.30270385742188 0.5406732 1.702351 0.5088749 -8.975553 1.4476686 23.29603 0.291837215423584 0.2447517067193985
Pedestrian 0.0 0 2.367502212524414 0.0 215.04342651367188 62.543540954589844 335.0595703125 0.5616638 1.6633471 0.6192858 -8.571118 2.2980714 10.532278 1.6844059228897095 0.2024843692779541
Cyclist 0.0 0 1.9531097412109375 151.6298065185547 188.5951690673828 306.2102966308594 375.0 2.0420299 1.7008194 0.5777353 -3.5880523 1.8744923 6.897338 1.4734264612197876 0.9197638630867004
Cyclist 0.0 0 1.9321223497390747 236.43466186523438 171.51808166503906 378.5006103515625 372.69256591796875 2.0896065 1.7235744 0.6057112 -2.985387 1.7124867 7.2325277 1.5406540632247925 0.8826079964637756
Cyclist 0.0 0 1.6600139141082764 474.6556396484375 181.47695922851562 500.097412109375 246.7259979248047 1.8637612 1.7916888 0.57048684 -3.601891 2.054583 21.01351 1.4902552366256714 0.8822690844535828
Car 0.0 0 1.8597358465194702 312.1957702636719 193.4214324951172 436.4626159667969 277.66961669921875 4.21813 1.6458055 1.6704245 -5.503231 2.1986868 17.255459 1.551006555557251 0.9388929009437561
Car 0.0 0 -1.4443552494049072 639.8005981445312 180.6173553466797 680.9944458007812 213.3219451904297 3.84924 1.5874784 1.6961689 2.6703296 2.0193384 38.048553 -1.3742879629135132 0.8990099430084229
Car 0.0 0 1.7311476469039917 479.49078369140625 189.40737915039062 525.854736328125 222.37611389160156 4.13849 1.4573507 1.6521612 -5.336136 2.332803 36.061165 1.58423912525177 0.3935827314853668
Car 0.0 0 -0.43742915987968445 879.5506591796875 169.56292724609375 989.8399047851562 207.1395263671875 3.8820815 1.5359433 1.6912092 13.564211 1.4017785 30.36928 -0.017370855435729027 0.21974705159664154
