Pedestrian 0.0 0 1.4270060062408447 1040.27880859375 131.10072326660156 1133.6767578125 295.4295349121094 0.77037746 1.8720106 0.8375973 5.692499 1.3967209 8.742361 2.0041821002960205 0.20229081809520721
Pedestrian 0.0 0 1.7581782341003418 848.642333984375 147.8652801513672 886.1918334960938 224.99652099609375 1.5435925 1.7044305 0.5461691 5.9394174 1.1525927 16.745888 2.099015474319458 0.15252475440502167
Pedestrian 0.0 0 2.1617894172668457 0.0 152.69247436523438 59.91915512084961 255.6798553466797 0.6768927 1.7326285 0.5777878 -10.117222 1.3937948 12.499092 1.4813209772109985 0.14435896277427673
Pedestrian 0.0 0 -3.210137367248535 905.9732666015625 151.84274291992188 945.490478515625 238.6742401123047 0.72257483 1.7795683 0.55813235 6.577589 1.3493109 15.16854 -2.8009767532348633 0.13847383856773376
Pedestrian 0.0 0 0.9584284424781799 106.67169189453125 164.64280700683594 146.1240692138672 242.1443634033203 0.48436514 1.6669539 0.5399676 -10.67432 1.4907001 15.855318 0.3658938407897949 0.10958360135555267
Cyclist 0.0 0 0.939423143863678 960.3029174804688 46.31127166748047 1242.0 375.0 1.849637 1.7244378 0.60508394 2.0813513 1.3861965 2.8530784 1.5696816444396973 0.3179982602596283
Cyclist 0.0 0 1.7528998851776123 848.112060546875 147.8112335205078 886.55322265625 225.94239807128906 1.6808199 1.7198626 0.5484884 5.939181 1.1689663 16.745167 2.093738079071045 0.17664572596549988
Car 0.0 0 -0.29428714513778687 772.5950927734375 174.57827758789062 869.5455932617188 212.20663452148438 3.6223543 1.5394242 1.5537013 8.798465 1.6143198 30.3889 -0.012464309111237526 0.6636012196540833
Car 0.0 0 -2.485612154006958 959.2954711914062 0.0 1242.0 375.0 3.6982198 1.607562 1.611966 2.7051394 1.3762714 2.1460042 -1.5854618549346924 0.6444219350814819
Car 0.0 0 -1.6929831504821777 656.5396118164062 170.2094268798828 685.2981567382812 193.21189880371094 3.9547918 1.6256238 1.6280985 4.4085345 1.4390845 52.997307 -1.609990119934082 0.6030067801475525
Car 0.0 0 -0.2065877616405487 746.5037231445312 153.12466430664062 856.059814453125 191.8798065185547 4.750972 1.782157 1.7710098 8.946646 0.87526035 34.178967 0.049427032470703125 0.37420231103897095
Car 0.0 0 -2.942420244216919 436.2445983886719 166.98675537109375 522.8971557617188 198.9473114013672 3.7583697 1.4607403 1.5744697 -6.104684 1.1929383 33.80032 -3.1211042404174805 0.1926448792219162
Car 0.0 0 -1.5864524841308594 699.5146484375 179.98675537109375 728.724365234375 208.09445190429688 3.5440094 1.4882045 1.572533 5.847854 1.9122438 40.999336 -1.4447752237319946 0.13310877978801727
