Pedestrian 0.0 0 -0.10745950788259506 626.306396484375 158.91758728027344 715.03857421875 302.2191162109375 1.0213107 1.6956093 0.58199745 0.7838699 1.4297488 8.797495 -0.018592694774270058 0.8236761093139648
Pedestrian 0.0 0 0.774273693561554 458.8422546386719 173.84693908691406 493.0281982421875 230.9945526123047 0.8350374 1.7329735 0.64013755 -3.9197118 1.5020175 22.280481 0.6001298427581787 0.7651742100715637
Pedestrian 0.0 0 1.9252700805664062 549.84765625 173.75656127929688 578.3463134765625 231.72433471679688 0.6271527 1.6565385 0.6529466 -1.1128899 1.4363956 20.921505 1.872126579284668 0.7356134653091431
Pedestrian 0.0 0 1.602294683456421 591.6449584960938 177.54136657714844 609.7230834960938 232.99717712402344 0.6635323 1.5777209 0.50394535 -0.04715687 1.4662399 20.773043 1.6000245809555054 0.7278549075126648
Pedestrian 0.0 0 -1.5671156644821167 510.1105041503906 173.24508666992188 530.3457641601562 228.97193908691406 0.8409774 1.7158699 0.620167 -2.5774784 1.4628091 22.567438 -1.6808351278305054 0.7129184603691101
Pedestrian 0.0 0 2.0225372314453125 199.8894805908203 151.93565368652344 333.2818908691406 374.0 0.7088737 1.6786568 0.6741659 -2.5507202 1.47132 5.427817 1.5832297801971436 0.698367178440094
Pedestrian 0.0 0 -0.22910279035568237 726.8016357421875 153.28631591796875 772.8663940429688 221.54080200195312 1.1181114 1.8158948 0.56672436 3.969698 1.0664413 19.407064 -0.02733691781759262 0.5941154956817627
Pedestrian 0.0 0 -1.8491902351379395 1019.1394653320312 85.39228057861328 1194.975341796875 374.0 0.7557935 1.6825196 0.6435156 2.8334692 1.1859442 4.1790285 -1.2533681392669678 0.5481696724891663
Pedestrian 0.0 0 1.3308411836624146 579.0546875 173.1412811279297 601.3695068359375 227.5643768310547 0.70127344 1.6298574 0.5276665 -0.37452674 1.3806554 21.916199 1.3137538433074951 0.5039747953414917
Pedestrian 0.0 0 -1.3344323635101318 901.4332885742188 136.66343688964844 956.792236328125 253.5648956298828 0.72553736 1.7537823 0.6391364 5.096115 1.0824403 11.256572 -0.909315824508667 0.4865032434463501
Pedestrian 0.0 0 2.26535701751709 661.4813232421875 167.6781005859375 688.1797485351562 218.59561157226562 0.7429854 1.7341049 0.5812977 2.5249283 1.2644446 24.929424 2.36629581451416 0.4572625756263733
Pedestrian 0.0 0 1.393976092338562 624.5725708007812 170.24130249023438 644.1063232421875 214.9281005859375 0.80233604 1.8297635 0.6789754 1.3464795 1.3697497 29.85291 1.4390493631362915 0.44816336035728455
Pedestrian 0.0 0 -1.0450303554534912 862.347900390625 152.406005859375 924.3057250976562 255.32180786132812 0.7876745 1.728699 0.7067566 5.071578 1.2412852 12.58423 -0.6619313359260559 0.4306340217590332
Pedestrian 0.0 0 2.37884521484375 637.540283203125 169.28590393066406 664.638916015625 220.10003662109375 0.68945205 1.7205306 0.6285584 1.6891409 1.3080462 24.781824 2.4469003677368164 0.3866473436355591
Pedestrian 0.0 0 1.2236926555633545 600.0610961914062 174.6764373779297 623.2348022460938 228.19679260253906 0.7493147 1.6468995 0.50049686 0.28913388 1.4380426 22.537617 1.2365208864212036 0.38545840978622437
Pedestrian 0.0 0 -1.696162462234497 574.482421875 170.2086639404297 591.09228515625 214.4606475830078 0.9710763 1.7377117 0.5449339 -0.7688057 1.2953279 28.726585 -1.72291898727417 0.3423781991004944
Pedestrian 0.0 0 1.7708895206451416 416.2034606933594 174.2900848388672 454.6076965332031 256.1924743652344 0.6776343 1.7238029 0.6866171 -3.6029203 1.573288 15.46477 1.5419964790344238 0.3047671616077423
Pedestrian 0.0 0 1.51485013961792 442.35369873046875 190.6758270263672 466.51995849609375 254.9423828125 1.5158652 1.5664136 0.5216659 -3.8371284 1.8145616 18.533384 1.310695767402649 0.17299722135066986
Cyclist 0.0 0 1.7628828287124634 346.0196838378906 146.8746337890625 455.80438232421875 373.1576232910156 1.9308903 1.6722581 0.56455487 -1.732027 1.4177719 6.2901816 1.4941874742507935 0.9544686079025269
Cyclist 0.0 0 1.518787145614624 442.5445861816406 190.54177856445312 466.89251708984375 255.6790313720703 1.5692927 1.5860572 0.5294817 -3.832466 1.8310595 18.543587 1.3149831295013428 0.45390474796295166
Cyclist 0.0 0 -0.24731215834617615 724.4202880859375 153.082763671875 771.7691650390625 221.51986694335938 1.150027 1.8204461 0.56243145 3.9243066 1.0657045 19.413696 -0.047858670353889465 0.12239264696836472
