Pedestrian 0.0 0 -0.3392159938812256 426.6263732910156 175.37347412109375 462.48577880859375 250.0449981689453 0.61342186 1.6805387 0.69381434 -3.669261 1.5438715 16.620623 -0.5564963817596436 0.7947148680686951
Pedestrian 0.0 0 -0.3697606921195984 886.6541748046875 158.97235107421875 942.4671020507812 265.3591613769531 0.6930276 1.6915723 0.5116153 5.042681 1.3346732 11.6877 0.03756213188171387 0.30749109387397766
Pedestrian 0.0 0 1.4238680601119995 0.0 90.90216827392578 84.4592056274414 289.6800842285156 0.7775001 1.764925 0.65214777 -5.4899683 0.96189904 6.878984 0.7502999305725098 0.27447572350502014
Pedestrian 0.0 0 1.1831717491149902 1143.5982666015625 64.89723205566406 1238.0 262.7327880859375 0.6747173 1.8018525 0.663416 5.7403936 0.7412328 6.9606066 1.8727916479110718 0.248883455991745
Pedestrian 0.0 0 3.212125062942505 364.1929626464844 160.04713439941406 406.7587890625 284.88427734375 0.5376994 1.7295892 0.82403517 -3.1617384 1.4336851 10.411243 2.9172909259796143 0.2196720987558365
Pedestrian 0.0 0 0.28451982140541077 414.7500915527344 179.5957489013672 437.54937744140625 229.95782470703125 0.598119 1.7136544 0.6833582 -6.069368 1.6499333 24.794577 0.044454336166381836 0.2065676599740982
Pedestrian 0.0 0 1.7415841817855835 718.543212890625 161.76971435546875 772.1718139648438 267.1313781738281 0.69070196 1.723346 0.7901537 2.4117727 1.4019177 12.210637 1.9365882873535156 0.15930816531181335
Pedestrian 0.0 0 -3.3986494541168213 789.0237426757812 205.10409545898438 894.4010009765625 374.0 0.8748487 1.6420807 0.63978636 2.361863 1.89408 7.280867 -3.0849666595458984 0.14291319251060486
Pedestrian 0.0 0 -1.4067306518554688 817.550048828125 160.25778198242188 852.10986328125 237.53604125976562 0.5889447 1.6532767 0.63539004 5.091557 1.200053 15.772674 -1.0944819450378418 0.14200732111930847
Pedestrian 0.0 0 2.525965929031372 977.3666381835938 143.25747680664062 1027.7322998046875 237.0124969482422 0.63062817 1.7677642 0.5766914 7.6938443 1.0479552 13.862616 3.0326449871063232 0.13943514227867126
Pedestrian 0.0 0 -1.9845465421676636 853.1748657226562 156.7284393310547 872.508544921875 199.4902801513672 0.46276042 1.7688591 0.6237999 10.885639 0.74515855 29.962812 -1.6360682249069214 0.1353899985551834
Pedestrian 0.0 0 2.410043239593506 826.7865600585938 142.9932861328125 872.3204345703125 226.76605224609375 0.65929264 1.6941863 0.6043892 5.1156673 0.91668475 14.931687 2.740114688873291 0.11939869076013565
Cyclist 0.0 0 2.193173408508301 0.0 118.6781234741211 286.0214538574219 374.0 1.8157815 1.7409095 0.5630106 -2.1283715 1.5485041 3.128686 1.595807671546936 0.23293468356132507
Cyclist 0.0 0 0.2656770646572113 354.01507568359375 179.4219512939453 479.98577880859375 298.87811279296875 1.637183 1.6456796 0.5851754 -2.638739 1.6183729 10.196223 0.01243734359741211 0.13337410986423492
Cyclist 0.0 0 -0.3586522936820984 882.4114990234375 157.09547424316406 951.2607421875 267.1818542480469 0.9010094 1.7483869 0.51482624 5.075998 1.3620908 11.686048 0.05112290382385254 0.11991585046052933
Car 0.0 0 -0.7970451712608337 0.0 189.3314666748047 274.709228515625 374.0 3.6736183 1.5026203 1.5717044 -2.7426069 1.5520281 2.523475 -1.6240313053131104 0.40222352743148804
Car 0.0 0 0.6687186360359192 981.1171875 235.34283447265625 1238.0 374.0 3.6508627 1.4089795 1.4782804 3.1008768 1.7474544 2.642665 1.5337268114089966 0.2519284784793854
