Car 0.0 0 2.1529645919799805 0.0 210.01895141601562 229.89317321777344 375.0 3.5289874 1.4575659 1.5296016 -5.949448 1.9684618 8.107981 1.5199275016784668 0.9788616895675659
Car 0.0 0 1.9574772119522095 209.76779174804688 199.3357391357422 382.64404296875 293.17724609375 4.1798544 1.4239769 1.6357781 -5.9895577 2.023764 14.2303 1.5590829849243164 0.9717540740966797
Car 0.0 0 -1.7027592658996582 682.7532348632812 176.4403839111328 760.7982177734375 234.51377868652344 4.354185 1.542795 1.7208475 3.185449 1.6615359 21.625385 -1.5565096139907837 0.9569770097732544
Car 0.0 0 1.894593596458435 361.8790283203125 189.9288787841797 465.00927734375 249.0225372314453 4.2558956 1.4968439 1.716709 -5.813206 2.062526 21.70914 1.6329549551010132 0.9531837701797485
Car 0.0 0 -1.8025177717208862 707.0653686523438 178.1988067626953 824.1115112304688 257.0915222167969 3.9836195 1.5017341 1.6236753 3.2459884 1.635732 16.021715 -1.6026241779327393 0.9497008919715881
Car 0.0 0 2.5545735359191895 934.4818725585938 154.60104370117188 1163.5494384765625 227.0056610107422 3.9085052 1.4215282 1.4805394 8.972754 1.0635234 14.996134 3.0937697887420654 0.9299079775810242
Car 0.0 0 1.8240852355957031 471.65496826171875 182.37474060058594 524.7305297851562 219.6118621826172 4.262254 1.7245334 1.6546491 -5.6565456 2.238834 36.743412 1.6713372468948364 0.9138644933700562
Car 0.0 0 1.3849806785583496 662.8906860351562 177.68914794921875 715.4033813476562 214.83615112304688 3.815012 1.4893025 1.5804104 3.3371975 1.7132678 31.401161 1.4908595085144043 0.852428138256073
Car 0.0 0 2.3324337005615234 1096.2049560546875 138.1182861328125 1242.0 255.84161376953125 3.930843 1.5036705 1.5393485 9.2067175 1.0603518 10.120576 3.0705835819244385 0.8387823104858398
Car 0.0 0 -3.7762866020202637 1032.3316650390625 144.1021728515625 1242.0 237.92791748046875 3.6773982 1.5167005 1.4419678 9.482737 1.0522828 12.414235 -3.123973846435547 0.8317722082138062
Car 0.0 0 1.7782108783721924 428.1129455566406 187.3414306640625 489.4394836425781 231.509765625 3.7025054 1.5110459 1.578258 -5.780904 2.1058455 27.750183 1.572828769683838 0.7843847274780273
