Pedestrian 0.0 0 2.7706151008605957 627.8172607421875 171.4805145263672 637.9323120117188 194.69482421875 0.6505352 1.8482739 0.5615213 1.8074411 1.739278 57.81769 2.801866054534912 0.2663789391517639
Pedestrian 0.0 0 -0.17411383986473083 780.8814697265625 142.4486541748047 834.7435302734375 240.54360961914062 0.90340483 1.843829 0.6341629 3.7511315 1.2726766 13.915598 0.08919072151184082 0.18781237304210663
Car 0.0 0 1.9054176807403564 266.5959777832031 182.06048583984375 368.1591491699219 239.2454376220703 4.0313997 1.5966204 1.7453892 -9.172877 1.9148955 22.858786 1.5238044261932373 0.9497232437133789
Car 0.0 0 -1.4795591831207275 545.223388671875 178.9318389892578 572.4304809570312 200.63084411621094 3.8017232 1.462617 1.603887 -3.6542275 1.9139913 51.623207 -1.5502278804779053 0.7133886814117432
Car 0.0 0 -1.655470371246338 588.1378173828125 176.41566467285156 617.9243774414062 202.03236389160156 4.0680146 1.5760778 1.5967581 -0.52601 1.8191946 47.07547 -1.6666436195373535 0.6027494668960571
Car 0.0 0 1.7880483865737915 430.5421447753906 170.68246459960938 485.43304443359375 206.83494567871094 4.364282 1.6368891 1.6920465 -7.300259 1.5389252 34.857735 1.5816020965576172 0.5288732051849365
Car 0.0 0 1.7317733764648438 434.134033203125 175.15138244628906 472.1111145019531 202.07894897460938 4.5045204 1.7050819 1.7895508 -10.48793 1.8667812 48.373703 1.518267273902893 0.5066562294960022
Car 0.0 0 0.28547048568725586 360.09149169921875 180.2837677001953 407.2591247558594 200.18914794921875 3.057507 1.4520619 1.5555414 -16.951982 2.0172002 54.039665 -0.01850285567343235 0.2839920222759247
Car 0.0 0 1.9370625019073486 300.00933837890625 166.03900146484375 417.52294921875 232.99978637695312 4.291829 1.7027361 1.7178322 -7.0214663 1.5297965 20.52104 1.6073895692825317 0.20951133966445923
Car 0.0 0 -1.296755313873291 493.0522155761719 178.13650512695312 524.6765747070312 197.8753662109375 3.5937884 1.5085634 1.6082529 -8.123595 1.9476999 58.04128 -1.435814380645752 0.18419896066188812
