Pedestrian 0.0 0 1.2787855863571167 690.6067504882812 159.09860229492188 711.6552124023438 204.58778381347656 0.8658724 1.8784125 0.65217054 4.007183 0.99615884 29.670435 1.4130297899246216 0.6870604753494263
Pedestrian 0.0 0 1.4649226665496826 710.948974609375 162.90194702148438 728.6322631835938 208.71580505371094 0.7544725 1.913194 0.6610429 4.8312116 1.1797802 29.9161 1.6250324249267578 0.6345179677009583
Pedestrian 0.0 0 -1.0333503484725952 982.387939453125 94.06062316894531 1119.8017578125 334.4652404785156 0.6840884 1.6392083 0.5982395 3.2445164 1.0515331 5.239143 -0.478872150182724 0.5501158833503723
Pedestrian 0.0 0 -0.3144798278808594 1019.17236328125 130.98289489746094 1161.8685302734375 352.49615478515625 0.8261666 1.7317654 0.6459091 3.9910915 1.3463548 5.9461536 0.2766585350036621 0.5038272142410278
Pedestrian 0.0 0 1.1608401536941528 1092.9537353515625 100.49618530273438 1224.0 364.613037109375 0.72220546 1.7397053 0.64326197 3.975368 1.2144467 5.0825596 1.8246071338653564 0.4436594545841217
Pedestrian 0.0 0 0.2780486047267914 429.6410827636719 128.98300170898438 510.4857482910156 266.0563659667969 0.9162874 1.6520207 0.3716349 -1.7097502 1.0328137 8.74043 0.08487391471862793 0.25671568512916565
Pedestrian 0.0 0 1.197624921798706 843.8016357421875 141.8241729736328 884.4672241210938 209.15313720703125 1.0355151 1.8179462 0.7293093 7.140184 0.7752435 19.612396 1.5467742681503296 0.20935682952404022
Pedestrian 0.0 0 1.741633415222168 787.3392333984375 149.24368286132812 801.6822509765625 187.2509765625 0.5079053 1.8651563 0.60981 9.382157 0.33273128 35.050858 2.0031747817993164 0.1772843301296234
Pedestrian 0.0 0 1.7389779090881348 790.6890869140625 148.20191955566406 807.5870361328125 189.43035888671875 0.56599146 1.9481642 0.6947771 9.269078 0.42343378 33.80835 2.00656795501709 0.17259995639324188
Pedestrian 0.0 0 0.16139039397239685 582.5010375976562 180.12319946289062 611.0213012695312 244.55320739746094 0.64577836 1.5871625 0.48502383 -0.23988767 1.579478 17.699831 0.14783811569213867 0.1636764258146286
Pedestrian 0.0 0 -2.6511900424957275 630.8494873046875 163.9933624267578 650.7821655273438 195.01995849609375 1.0278519 1.8344071 0.6051513 2.1385634 0.85984397 42.322388 -2.6007027626037598 0.15641407668590546
Pedestrian 0.0 0 1.3248976469039917 920.0925903320312 125.7663345336914 967.3985595703125 225.18267822265625 0.59592694 1.7757328 0.65597355 6.1658306 0.79974526 12.98058 1.7683494091033936 0.15262283384799957
Pedestrian 0.0 0 -0.017885059118270874 756.984130859375 157.6453857421875 768.23583984375 182.0529022216797 0.8668029 1.9358617 0.48573515 12.583319 0.12440278 56.398754 0.20163297653198242 0.13344497978687286
Pedestrian 0.0 0 -2.8146798610687256 595.3057250976562 182.07655334472656 626.1430053710938 240.08029174804688 0.7670118 1.6572158 0.5381753 0.13590023 1.7055628 20.596382 -2.80808162689209 0.12968745827674866
Pedestrian 0.0 0 1.413119912147522 524.6353759765625 188.86248779296875 552.2930297851562 272.9031982421875 0.6386754 1.3380002 0.3558882 -1.1496874 1.4819913 11.676207 1.314972162246704 0.12691424787044525
Car 0.0 0 -1.6137640476226807 731.4212646484375 163.63052368164062 763.02197265625 193.60848999023438 4.1346645 1.7327194 1.6995829 8.604441 0.75904655 43.035698 -1.416428804397583 0.3426269292831421
Car 0.0 0 -1.9112452268600464 628.0792236328125 172.6956787109375 668.7772827148438 196.54415893554688 3.7764595 1.5790608 1.6328491 2.9580772 1.0636424 48.850628 -1.850765585899353 0.1288771778345108
