Pedestrian 0.0 0 -2.015326738357544 939.693359375 147.67308044433594 965.843505859375 196.98236083984375 0.7156819 1.8906255 0.6742718 13.263674 0.9254917 28.021252 -1.5732308626174927 0.3300532400608063
Pedestrian 0.0 0 -0.8572932481765747 1136.897705078125 151.9129180908203 1212.0330810546875 263.55108642578125 0.6996878 1.7073504 0.6326579 8.863465 1.3874435 11.410819 -0.1968846619129181 0.31076258420944214
Car 0.0 0 -1.8798282146453857 735.0263671875 175.9309539794922 931.3043823242188 300.68896484375 3.7591827 1.5288358 1.6736065 3.0491164 1.5835708 10.840983 -1.6056530475616455 0.984980583190918
Car 0.0 0 -1.7764040231704712 698.4963989257812 173.96151733398438 794.0570678710938 250.6397705078125 3.3649485 1.6216966 1.5303911 3.053734 1.650782 17.00974 -1.5987677574157715 0.9665812849998474
Car 0.0 0 -1.4325335025787354 449.6501159667969 179.6603240966797 525.6536865234375 238.3513641357422 3.982533 1.4851588 1.6123848 -3.4575377 1.7001156 20.734556 -1.5977656841278076 0.9626662135124207
Car 0.0 0 -1.7878530025482178 662.068603515625 177.49505615234375 744.6470336914062 233.58865356445312 3.8450015 1.5196944 1.6682163 2.6783423 1.6735493 21.868124 -1.665982961654663 0.9426369071006775
Car 0.0 0 -1.6336027383804321 640.8551635742188 175.28021240234375 678.1082763671875 207.5639190673828 3.5640962 1.4645178 1.5605724 2.300792 1.5878422 34.781906 -1.5675498247146606 0.8551534414291382
Car 0.0 0 -1.5438041687011719 616.6630249023438 173.39111328125 636.9778442382812 192.47952270507812 3.3531473 1.5339689 1.5951487 1.3936117 1.5801134 59.791946 -1.520500659942627 0.7036883234977722
Car 0.0 0 2.219278335571289 52.951576232910156 149.59959411621094 247.6447296142578 224.99993896484375 3.9658449 1.4694697 1.5712422 -10.055567 1.0166246 16.104935 1.6611264944076538 0.3686988949775696
Car 0.0 0 2.3081724643707275 0.0 0.0 267.19293212890625 375.0 3.902813 1.7023553 1.6049527 -2.8847702 1.2800994 2.6333215 1.4772377014160156 0.34397268295288086
