Pedestrian 0.0 0 -1.349979043006897 889.506103515625 130.8947296142578 925.5245361328125 206.88320922851562 0.76603454 1.8284922 0.67468995 7.3222456 0.8191945 17.86662 -0.9610288143157959 0.39741000533103943
Pedestrian 0.0 0 -2.159792423248291 954.1826782226562 146.21841430664062 1010.0130615234375 223.1064910888672 1.3149903 1.7792575 0.5551944 8.890793 1.1632446 17.379501 -1.6869335174560547 0.23043008148670197
Pedestrian 0.0 0 -2.3104488849639893 1034.2113037109375 122.22025299072266 1108.1983642578125 257.95220947265625 0.71184164 1.8825344 0.56641155 6.583371 1.1806275 10.404524 -1.7463021278381348 0.2288111299276352
Pedestrian 0.0 0 -2.4845824241638184 963.4876708984375 127.75384521484375 1010.3883666992188 193.15220642089844 1.1210717 1.8746204 0.55501467 11.0718775 0.58219874 21.305145 -2.005314350128174 0.17926128208637238
Pedestrian 0.0 0 -3.4427497386932373 982.2269287109375 165.39315795898438 1041.77001953125 289.72393798828125 0.61554486 1.7382843 0.54297394 5.736008 1.6343312 10.412963 -2.9392521381378174 0.13824324309825897
Cyclist 0.0 0 -3.529664993286133 1023.3873291015625 123.64482116699219 1117.3775634765625 259.9419860839844 1.00334 1.89831 0.5651704 6.5679836 1.2132957 10.412112 -2.9669041633605957 0.18763217329978943
Cyclist 0.0 0 -2.1714298725128174 952.87353515625 146.13844299316406 1011.27392578125 223.61598205566406 1.3867228 1.79016 0.56261206 8.894485 1.1732407 17.392347 -1.698702096939087 0.15274618566036224
Car 0.0 0 -1.5993421077728271 589.7081298828125 180.45751953125 616.0050659179688 205.37200927734375 3.7234328 1.5488199 1.6330172 -0.5381488 2.0739202 47.89998 -1.6105765104293823 0.7618321180343628
Car 0.0 0 1.7614960670471191 442.24114990234375 183.32220458984375 478.76934814453125 208.93988037109375 4.002569 1.5167625 1.5697572 -9.589199 2.2191346 46.3732 1.5575867891311646 0.6766355633735657
Car 0.0 0 1.8127620220184326 346.4970703125 176.1371307373047 429.6449279785156 231.86361694335938 3.9033024 1.6237081 1.6676142 -7.082591 1.7389383 23.249296 1.5170567035675049 0.20679663121700287
Car 0.0 0 1.225372552871704 912.5249633789062 167.1053009033203 956.5758666992188 191.63397216796875 4.0094857 1.714562 1.6563557 23.522839 1.3130841 52.494717 1.6466445922851562 0.17038555443286896
Car 0.0 0 -0.4944235384464264 765.214599609375 175.2445526123047 875.2755737304688 212.67738342285156 4.000501 1.4495876 1.6276087 8.471767 1.551109 29.31284 -0.213077574968338 0.15012411773204803
Car 0.0 0 1.5132036209106445 598.7998046875 181.46694946289062 629.8480224609375 212.46804809570312 3.9138649 1.7509383 1.6560196 0.18868835 2.2987156 43.85824 1.5175058841705322 0.13819465041160583
