Pedestrian 0.0 0 0.1943475604057312 667.3197021484375 142.96998596191406 700.7821655273438 194.8000030517578 1.1479714 1.8754648 0.50490946 2.679524 0.7944722 26.514494 0.29506444931030273 0.4201333522796631
Pedestrian 0.0 0 2.1240074634552 811.4451904296875 100.4693832397461 883.98876953125 245.5709228515625 0.70723647 1.728801 0.5804772 2.9266496 0.8667379 9.044136 2.43696928024292 0.3066782057285309
Pedestrian 0.0 0 -1.435192346572876 853.7923583984375 163.05966186523438 888.2586669921875 237.12530517578125 0.81551355 1.7454253 0.68497914 6.295093 1.5149704 17.52085 -1.090264081954956 0.22255145013332367
Pedestrian 0.0 0 -2.562432289123535 423.0777893066406 184.02772521972656 445.126953125 219.70736694335938 0.84285164 1.6561209 0.5640043 -8.362608 2.1916394 34.148884 -2.8025927543640137 0.2212928682565689
Cyclist 0.0 0 1.8840097188949585 553.0748901367188 172.76344299316406 571.0293579101562 201.8645477294922 1.9494288 1.773456 0.54459846 -3.0106697 1.7682952 44.980316 1.817176342010498 0.38000503182411194
Cyclist 0.0 0 1.7334643602371216 160.64808654785156 168.51104736328125 209.9624481201172 264.10662841796875 1.7161384 1.7563691 0.5663223 -8.35438 1.6769344 14.15638 1.2003194093704224 0.238763228058815
Cyclist 0.0 0 0.1943475604057312 667.3197021484375 142.96998596191406 700.7821655273438 194.8000030517578 1.1479714 1.8754648 0.50490946 2.679524 0.7944722 26.514494 0.29506444931030273 0.213521808385849
Car 0.0 0 1.7454607486724854 432.0257568359375 181.30247497558594 499.0857849121094 230.38597106933594 3.7712066 1.5259937 1.6436285 -4.9589143 1.8412378 24.987307 1.5495489835739136 0.9585216641426086
Car 0.0 0 -1.1873642206192017 191.5503387451172 180.4365692138672 414.7864685058594 317.9703674316406 4.1006455 1.6927508 1.7060531 -4.481127 1.8319306 11.15565 -1.569327712059021 0.9572867155075073
Car 0.0 0 -1.7012485265731812 666.2177124023438 176.12535095214844 735.5479125976562 235.4825897216797 3.5734951 1.6209246 1.5951093 2.600903 1.727795 21.694405 -1.5819298028945923 0.9402666687965393
Car 0.0 0 -2.0112905502319336 788.8241577148438 184.82894897460938 1192.8831787109375 375.0 3.320879 1.444547 1.5144533 2.623997 1.5714865 5.945537 -1.5956624746322632 0.9384562373161316
Car 0.0 0 1.6879204511642456 497.3155212402344 181.11289978027344 535.6924438476562 212.7076873779297 4.4926276 1.6483984 1.653328 -5.2977934 2.1447759 41.076607 1.5596550703048706 0.6308140158653259
Car 0.0 0 1.6632091999053955 537.711181640625 179.99038696289062 560.8602905273438 199.37890625 3.954705 1.5105013 1.5508155 -5.011704 2.120525 59.654556 1.579393982887268 0.21719081699848175
