Pedestrian 0.0 0 0.086669921875 749.2443237304688 180.62832641601562 768.2396850585938 216.255615234375 0.85443705 1.7179868 0.74554557 7.2792864 2.105808 35.47876 0.2890346050262451 0.3603380024433136
Pedestrian 0.0 0 -1.4292106628417969 1037.2283935546875 171.9007568359375 1066.332763671875 233.16561889648438 0.76650494 1.6361301 0.57820874 12.046255 1.6110309 19.746153 -0.88142991065979 0.3329126238822937
Cyclist 0.0 0 -0.031731016933918 676.0189208984375 195.28903198242188 708.5455932617188 233.6444549560547 1.546867 1.8155812 0.69680196 3.9485297 2.9182734 35.04021 0.08048129081726074 0.19188103079795837
Cyclist 0.0 0 -1.7552293539047241 664.38623046875 172.25669860839844 676.5298461914062 203.6229248046875 1.6047379 1.754992 0.40088302 3.4100783 1.7219301 41.187077 -1.6726229190826416 0.1553526073694229
Car 0.0 0 -3.2714109420776367 1006.3001098632812 181.87841796875 1238.14208984375 255.61453247070312 4.1147923 1.467829 1.59192 11.338513 1.6941111 16.412426 -2.6668527126312256 0.9159421920776367
Car 0.0 0 -0.8240301609039307 697.0614013671875 196.0297393798828 772.2979125976562 235.97471618652344 3.3059351 1.6082977 1.4923424 5.597765 2.703926 32.499294 -0.6534611582756042 0.8959806561470032
Car 0.0 0 -0.5780783891677856 1133.387451171875 130.5330810546875 1242.0 178.47647094726562 3.4861476 1.4587959 1.5712423 18.940195 0.17143539 22.927925 0.11236119270324707 0.21407447755336761
Car 0.0 0 -0.06116883456707001 510.9642639160156 182.97898864746094 560.4129638671875 204.33114624023438 3.735458 1.5983984 1.6865412 -5.834717 2.4037771 56.227695 -0.1645682007074356 0.164802685379982
Car 0.0 0 1.494692087173462 488.3728942871094 181.14141845703125 514.7330932617188 204.0769805908203 3.754446 1.5420252 1.5907091 -7.8693447 2.162361 51.967247 1.344404935836792 0.16437272727489471
Car 0.0 0 2.168031930923462 320.3784484863281 161.24378967285156 371.852783203125 187.81326293945312 3.6289408 1.8673553 1.8023989 -19.243135 1.0517244 52.688107 1.8178565502166748 0.16199685633182526
Car 0.0 0 -1.6805464029312134 604.2176513671875 181.0717315673828 650.9077758789062 222.5643310546875 4.7911577 2.013941 1.9599999 0.8257117 2.480644 38.470882 -1.6590864658355713 0.14799445867538452
