Pedestrian 0.0 0 1.1780519485473633 867.6432495117188 166.4359588623047 890.3579711914062 209.9073486328125 0.85124034 1.6992571 0.5603735 10.628572 1.4487393 28.6373 1.5334380865097046 0.6028624773025513
Pedestrian 0.0 0 -1.8770850896835327 657.2801513671875 175.43092346191406 672.4603271484375 208.07330322265625 0.75120175 1.6773677 0.58826596 2.8176718 1.8134811 37.57576 -1.8022387027740479 0.288179874420166
Pedestrian 0.0 0 1.7034881114959717 240.72634887695312 174.2731475830078 271.31280517578125 238.85975646972656 0.99736017 1.7693044 0.6508521 -10.027472 1.8108562 20.365067 1.2459503412246704 0.1668195128440857
Pedestrian 0.0 0 2.087594747543335 343.0024108886719 171.9193115234375 361.3510437011719 216.9522705078125 0.48052666 1.8504579 0.551832 -10.7349205 1.8124082 29.930141 1.7432206869125366 0.14061091840267181
Pedestrian 0.0 0 -2.4240756034851074 0.0 175.7309112548828 60.982521057128906 293.3962707519531 0.870481 1.766626 0.5702811 -9.183736 1.8126066 11.1422415 -3.113415479660034 0.13005028665065765
Car 0.0 0 1.8796329498291016 298.4410705566406 190.44107055664062 520.2831420898438 337.93359375 3.8290746 1.4298296 1.6353868 -2.388125 1.7076497 9.420077 1.6313494443893433 0.9547925591468811
Car 0.0 0 1.7570372819900513 551.8707885742188 180.7283477783203 614.1648559570312 225.47998046875 3.741475 1.4708847 1.609005 -0.9555162 1.7806183 26.375793 1.7208261489868164 0.9454730153083801
Car 0.0 0 1.6584960222244263 704.81787109375 175.91920471191406 725.0762939453125 192.18475341796875 3.7810876 1.4839437 1.5829457 9.984826 1.784364 68.60881 1.8030141592025757 0.19951596856117249
Car 0.0 0 2.1593761444091797 543.6217651367188 177.4240264892578 581.4795532226562 194.22613525390625 4.059763 1.4754817 1.4868209 -4.36578 1.9114746 66.64768 2.0939643383026123 0.14982153475284576
Car 0.0 0 1.5373064279556274 400.3398132324219 190.0830078125 482.9771728515625 266.30438232421875 4.031462 1.4156374 1.6293795 -3.980693 1.8624519 16.534573 1.3010526895523071 0.1469358205795288
