Pedestrian 0.0 0 -1.970423698425293 331.8356628417969 156.01882934570312 351.6828308105469 195.5948486328125 0.75507194 1.9100332 0.6693095 -13.172294 1.0978855 35.324646 -2.327345371246338 0.5111142992973328
Pedestrian 0.0 0 1.9305342435836792 432.8639831542969 164.64752197265625 452.7992858886719 199.45535278320312 1.076182 1.8200421 0.69806385 -8.904845 1.3912976 38.304394 1.7021156549453735 0.3718491792678833
Cyclist 0.0 0 -1.9728648662567139 847.5726318359375 151.73779296875 913.4676513671875 242.47628784179688 1.7883285 1.7966119 0.64260095 5.6063213 1.3788713 15.192321 -1.6193442344665527 0.9702910780906677
Cyclist 0.0 0 1.7714225053787231 432.37750244140625 165.05592346191406 449.88787841796875 199.391845703125 1.1816711 1.7943311 0.6849001 -8.9944725 1.3871758 38.30431 1.5407847166061401 0.1931491494178772
Car 0.0 0 -1.6402907371520996 574.1385498046875 181.7095184326172 679.3189697265625 268.951904296875 3.9534361 1.4393157 1.7666476 0.14142007 1.6405455 14.338223 -1.6304279565811157 0.9331023693084717
Car 0.0 0 -1.5336605310440063 405.4580078125 182.1251983642578 437.7317199707031 212.7059326171875 3.6542354 1.4442757 1.4770414 -9.706962 1.9475883 37.19641 -1.7889323234558105 0.34792274236679077
Car 0.0 0 -1.6049894094467163 596.8580932617188 169.56947326660156 619.1360473632812 189.89334106445312 3.8223388 1.5388378 1.6110585 -0.21134524 1.290506 56.56943 -1.6087254285812378 0.27636486291885376
Car 0.0 0 1.1717205047607422 885.5883178710938 179.46478271484375 982.5953369140625 230.57028198242188 3.8080277 1.4941815 1.5012933 10.384728 1.7274802 23.505259 1.5877381563186646 0.22838877141475677
Car 0.0 0 -1.8290481567382812 641.0753173828125 170.78509521484375 684.1511840820312 197.91873168945312 3.817322 1.533859 1.6194905 3.0367863 1.4172623 42.811768 -1.7582333087921143 0.19800037145614624
Car 0.0 0 3.462170362472534 0.0 131.903076171875 283.87994384765625 244.88241577148438 3.7711892 1.5725441 1.6668211 -7.364911 1.0029116 11.324049 2.8855295181274414 0.18183019757270813
Car 0.0 0 1.5654280185699463 728.4373779296875 169.58982849121094 753.3848266601562 195.3699493408203 3.9972405 1.7290152 1.6509923 9.117609 1.5104518 50.500195 1.7440497875213623 0.15936847031116486
Car 0.0 0 1.9472441673278809 0.0 174.14962768554688 185.87985229492188 375.0 3.9752314 1.5591061 1.6410564 -5.0109496 1.5741222 6.015878 1.2527297735214233 0.1447724848985672
