Pedestrian 0.0 0 0.18960539996623993 465.0307312011719 170.85594177246094 477.330078125 195.9627685546875 0.8251632 1.9129106 0.6174153 -10.241862 1.1793785 54.175526 0.0027608871459960938 0.37090811133384705
Pedestrian 0.0 0 -0.06137470901012421 470.1914367675781 174.7881317138672 479.551025390625 198.92164611816406 0.6788435 1.8698319 0.65753204 -10.146313 1.4285324 55.177074 -0.24322949349880219 0.3580775260925293
Pedestrian 0.0 0 -1.4878294467926025 827.2855834960938 143.73638916015625 842.9854125976562 185.2352752685547 0.64726675 1.9083394 0.6446807 10.704843 0.21920936 32.932053 -1.1735446453094482 0.22673781216144562
Pedestrian 0.0 0 -3.1302731037139893 732.8032836914062 161.85494995117188 754.3072509765625 185.8153533935547 1.6319613 1.8476973 0.54518664 10.780757 0.41114277 54.951866 -2.9365479946136475 0.16683951020240784
Cyclist 0.0 0 2.1898014545440674 410.16802978515625 176.5007781982422 434.7489318847656 205.88735961914062 1.6907402 1.700828 0.5253606 -10.787214 1.4707398 41.800793 1.9372490644454956 0.581978976726532
Cyclist 0.0 0 2.9946916103363037 598.140869140625 166.78012084960938 620.3253784179688 190.15533447265625 1.6441568 1.7882541 0.5649582 0.33395857 0.73990905 54.48083 3.000821352005005 0.27104005217552185
Cyclist 0.0 0 -3.1302731037139893 732.8032836914062 161.85494995117188 754.3072509765625 185.8153533935547 1.6319613 1.8476973 0.54518664 10.780757 0.41114277 54.951866 -2.9365479946136475 0.26727715134620667
Car 0.0 0 -1.4437472820281982 537.2145385742188 171.6249542236328 566.950927734375 193.31166076660156 3.9350343 1.4567815 1.5920681 -3.6605968 0.8619268 49.497368 -1.5175682306289673 0.8202828168869019
Car 0.0 0 -0.5357152819633484 837.3062133789062 147.13967895507812 930.3434448242188 179.5927276611328 4.0253844 1.5600963 1.6579876 13.8318815 -0.045205653 35.19015 -0.16120494902133942 0.6874721050262451
Car 0.0 0 1.9814374446868896 118.5767593383789 179.15667724609375 192.0213623046875 211.6504669189453 3.8559475 1.4543378 1.5388539 -21.325903 1.395679 33.66393 1.4167532920837402 0.3300432562828064
Car 0.0 0 -1.9238324165344238 793.1502075195312 156.06170654296875 836.5680541992188 180.8144073486328 3.683257 1.6039994 1.6281458 14.107077 0.021705806 47.703495 -1.6363029479980469 0.2786976993083954
