Pedestrian 0.0 0 -1.1421570777893066 204.67044067382812 160.33343505859375 317.78192138671875 341.97674560546875 0.9044757 1.603766 0.65299475 -3.2341933 1.4182638 6.7969513 -1.5862823724746704 0.8476370573043823
Pedestrian 0.0 0 -1.8279013633728027 769.1271362304688 175.7686309814453 808.1598510742188 248.38638305664062 0.8925013 1.6699768 0.68470347 4.374775 1.5393826 16.964663 -1.575524091720581 0.8294440507888794
Pedestrian 0.0 0 2.101703643798828 494.6379089355469 175.0170440673828 518.4615478515625 219.38441467285156 0.85653895 1.7993256 0.6286614 -3.928426 1.537403 29.64634 1.969961404800415 0.7165791392326355
Pedestrian 0.0 0 2.7288341522216797 482.4034423828125 176.07530212402344 508.62701416015625 223.05638122558594 0.82363665 1.8458515 0.7056643 -4.2572255 1.6337287 28.737894 2.581763982772827 0.6376062631607056
Pedestrian 0.0 0 -2.2244515419006348 935.9791870117188 156.9579315185547 1012.4691772460938 289.01507568359375 0.7597911 1.7459658 0.59705955 5.0880594 1.4228162 9.921862 -1.7506060600280762 0.5959067344665527
Pedestrian 0.0 0 -1.850757360458374 834.697265625 160.73060607910156 859.6831665039062 214.821533203125 0.7922601 1.7116206 0.5626475 7.88336 1.0555098 23.13723 -1.5223720073699951 0.5013694167137146
Pedestrian 0.0 0 0.03788141906261444 666.900146484375 174.8230438232422 681.343994140625 201.29684448242188 0.9521419 1.7751535 0.49503535 4.917997 1.3281134 48.475147 0.13898944854736328 0.46867701411247253
Pedestrian 0.0 0 -3.206451892852783 761.834716796875 137.2571258544922 858.1853637695312 336.52117919921875 0.75637895 1.6238332 0.66368496 1.7388802 1.2646813 6.2534966 -2.9352381229400635 0.4574839472770691
Pedestrian 0.0 0 0.06619530916213989 856.4598999023438 172.90176391601562 889.7950439453125 236.81394958496094 0.83495444 1.7471501 0.59553707 7.566803 1.5132583 20.078144 0.4266023635864258 0.4530009329319
Pedestrian 0.0 0 -1.1590657234191895 876.8857421875 161.52127075195312 909.4749755859375 225.40138244628906 0.70478517 1.7726855 0.6287161 8.257777 1.219423 20.402466 -0.7744762897491455 0.42260390520095825
Pedestrian 0.0 0 -2.8764607906341553 610.1151733398438 180.74644470214844 627.2977905273438 213.26649475097656 0.749534 1.6732732 0.6532805 0.8959028 1.6353614 37.378223 -2.852496862411499 0.4111456871032715
Pedestrian 0.0 0 -2.843721628189087 597.9451293945312 174.4660186767578 618.2645263671875 207.1819610595703 0.94141465 1.7292538 0.63755643 0.35513765 1.3583059 38.412315 -2.8344764709472656 0.38152074813842773
Pedestrian 0.0 0 -0.841484546661377 823.07373046875 182.43763732910156 886.6029663085938 281.07574462890625 0.6873701 1.6759299 0.80940765 4.443055 1.6944968 12.732704 -0.5057469606399536 0.345323771238327
Pedestrian 0.0 0 -1.949317216873169 834.419921875 178.63558959960938 956.8300170898438 374.0 1.6768423 1.7705795 0.509838 2.7763028 1.7471029 7.0713725 -1.5751962661743164 0.12515594065189362
Pedestrian 0.0 0 -1.45796799659729 420.94342041015625 171.43182373046875 454.6945495605469 251.761474609375 1.8390541 1.782536 0.57419866 -3.8590765 1.5603389 16.883259 -1.6826817989349365 0.10857760906219482
Cyclist 0.0 0 -1.438159465789795 419.6568603515625 172.69802856445312 453.8887023925781 252.49049377441406 1.7931787 1.772718 0.55563563 -3.8821125 1.5783864 16.874962 -1.6642769575119019 0.5945757031440735
Cyclist 0.0 0 -1.9273114204406738 837.2861328125 173.76976013183594 955.720703125 374.0 1.6732037 1.7638181 0.50623053 2.791219 1.6980175 7.081741 -1.5518642663955688 0.49309656023979187
Car 0.0 0 1.6822564601898193 554.1649780273438 167.65599060058594 600.8897705078125 209.20767211914062 4.4641995 1.9065665 1.8056221 -1.111847 1.2722747 35.2547 1.6507292985916138 0.505050539970398
