Pedestrian 0.0 0 2.524603843688965 991.3848876953125 122.85145568847656 1062.4522705078125 250.0223846435547 0.76481867 1.7157649 0.378093 5.7681165 0.9396533 9.754476 3.058624267578125 0.6020913124084473
Pedestrian 0.0 0 -2.6475443840026855 985.9833374023438 153.1612091064453 1033.3052978515625 224.00210571289062 0.8919361 1.7647328 0.5654896 10.337844 1.0852858 18.136513 -2.129474401473999 0.5253168344497681
Pedestrian 0.0 0 3.382305860519409 120.2013931274414 106.76606750488281 205.6598663330078 244.75625610351562 0.89917105 1.8383063 0.5698115 -6.1695523 0.85769445 9.826184 2.8216464519500732 0.41771388053894043
Pedestrian 0.0 0 -0.1988246738910675 776.677001953125 156.08871459960938 796.2417602539062 187.74432373046875 1.0024174 1.8010374 0.5182664 10.385435 0.41354817 40.50731 0.052153587341308594 0.2916286885738373
Cyclist 0.0 0 0.9453468322753906 874.8873901367188 157.79722595214844 906.9298706054688 195.31167602539062 1.6743692 1.7330302 0.52565265 13.528187 0.68570006 33.533875 1.3287967443466187 0.26485779881477356
Cyclist 0.0 0 -2.554882526397705 975.8540649414062 151.40550231933594 1041.9757080078125 221.1106414794922 1.423461 1.723653 0.5303328 10.358254 1.0058075 18.233635 -2.0382606983184814 0.17347390949726105
Car 0.0 0 0.6842748522758484 506.912353515625 171.62750244140625 625.4776611328125 211.3761749267578 4.368341 1.3758019 1.6324065 -1.5277891 1.0702335 26.409563 0.6264894008636475 0.917110025882721
Car 0.0 0 -0.8141288757324219 0.0 206.27896118164062 295.79241943359375 370.0 3.9589407 1.4443156 1.6077286 -3.179896 1.6403153 3.341198 -1.5747966766357422 0.8419027924537659
Car 0.0 0 1.7675578594207764 355.4085388183594 177.1455535888672 393.6710205078125 201.7557830810547 4.172687 1.6117254 1.7127074 -15.739569 1.3933704 48.47188 1.4535833597183228 0.7303670644760132
Car 0.0 0 1.5853363275527954 459.12884521484375 174.35769653320312 481.310546875 193.41952514648438 3.8664925 1.4355478 1.6458791 -10.499233 0.97423357 55.289074 1.3976737260818481 0.4057627022266388
Car 0.0 0 1.908684253692627 86.44290924072266 181.9351043701172 137.38601684570312 205.04989624023438 4.157284 1.508945 1.5875164 -33.84203 1.6134627 48.64041 1.3008099794387817 0.4000686705112457
