Pedestrian 0.0 0 1.5362415313720703 189.308837890625 185.11026000976562 259.7663879394531 323.5338439941406 0.5274957 1.6975633 0.78396314 -4.904077 1.7475362 9.252814 1.0488758087158203 0.7415480613708496
Pedestrian 0.0 0 -1.5414860248565674 840.1266479492188 132.658203125 925.84814453125 336.21380615234375 0.7072586 1.6867163 0.67563117 2.4618995 1.2833885 6.406305 -1.1745928525924683 0.558392345905304
Pedestrian 0.0 0 -3.068645477294922 872.79638671875 152.1901092529297 938.3475341796875 309.6815490722656 0.61563593 1.6278429 0.7023798 3.2947774 1.3262571 7.8745737 -2.672372341156006 0.34180453419685364
Pedestrian 0.0 0 -0.9500095844268799 1135.9385986328125 156.258544921875 1238.0 369.6315612792969 0.8557105 1.6450584 0.55823046 4.9561996 1.4518478 5.9127026 -0.2523888647556305 0.33758726716041565
Pedestrian 0.0 0 -0.5422776937484741 984.01171875 154.20816040039062 1086.803955078125 311.13421630859375 0.79407114 1.7584491 0.6687511 4.9947715 1.4539806 8.383086 -0.004940792918205261 0.2488745152950287
Pedestrian 0.0 0 -3.273800849914551 829.5377197265625 105.34982299804688 900.5772705078125 296.78253173828125 0.5578112 1.7909257 0.7977001 2.5593405 1.0798873 7.166065 -2.9307730197906494 0.18966369330883026
Pedestrian 0.0 0 1.868421196937561 0.0 185.28634643554688 24.139266967773438 279.2318115234375 0.6128376 1.6564617 0.52609295 -10.98503 1.728703 13.078886 1.1698167324066162 0.18267641961574554
Pedestrian 0.0 0 1.2434022426605225 771.1831665039062 152.32005310058594 793.6857299804688 203.98643493652344 0.626435 1.893931 0.6416371 6.6947017 0.82532614 26.667614 1.4893617630004883 0.17932966351509094
Pedestrian 0.0 0 2.4374866485595703 1136.14892578125 98.5913314819336 1230.390380859375 246.5360107421875 0.7293819 1.782451 0.54836506 7.1760483 0.7849022 8.936063 3.1140806674957275 0.17661625146865845
Pedestrian 0.0 0 -1.2199186086654663 1012.2012329101562 147.6876220703125 1042.3837890625 204.80812072753906 0.6046878 1.8071923 0.6708653 13.713336 0.73853165 23.175304 -0.6856081485748291 0.1719551533460617
Pedestrian 0.0 0 -2.014181613922119 802.4634399414062 155.02818298339844 825.8487548828125 203.0482635498047 0.56380713 1.7992791 0.67288566 8.0447035 0.8084308 27.243725 -1.7270547151565552 0.149362713098526
Cyclist 0.0 0 0.9163326621055603 70.48713684082031 157.5791015625 315.9029541015625 374.0 1.5640138 1.6254369 0.53608316 -2.7145174 1.4895364 4.665913 0.389420747756958 0.17127256095409393
Car 0.0 0 1.5116385221481323 444.7483825683594 171.2728271484375 502.2524108886719 218.83509826660156 4.402049 1.4856368 1.6725107 -4.5135965 1.1672932 24.771564 1.3314069509506226 0.44374027848243713
Car 0.0 0 -1.3992762565612793 1192.600830078125 110.32769012451172 1238.0 358.4985046386719 3.8280063 1.5084668 1.6264683 6.726648 1.0772727 6.0727425 -0.5628336668014526 0.2776326835155487
