Pedestrian 0.0 0 2.5807948112487793 989.6329345703125 121.0261001586914 1063.720458984375 248.4591522216797 0.7923305 1.7229046 0.3907713 5.7665563 0.92048365 9.760453 3.1144282817840576 0.6560776829719543
Pedestrian 0.0 0 -0.15036244690418243 509.9667053222656 163.9324493408203 520.9427490234375 186.20458984375 0.8662419 1.9056114 0.5391487 -7.6917977 0.48928094 60.86782 -0.27606502175331116 0.3473092317581177
Pedestrian 0.0 0 -1.6015942096710205 120.10075378417969 150.5687255859375 137.8349151611328 191.45863342285156 0.80149937 1.9777158 0.697596 -23.397215 0.5314757 34.721783 -2.194552183151245 0.31083783507347107
Pedestrian 0.0 0 -0.048569872975349426 774.0475463867188 157.65814208984375 794.864990234375 189.9608154296875 1.1343642 1.8375717 0.49194443 10.285358 0.53957283 40.56988 0.1997208595275879 0.2825261056423187
Pedestrian 0.0 0 -0.8369872570037842 270.8014221191406 182.04244995117188 323.0812683105469 264.5794982910156 0.7847082 1.6271715 0.61040485 -6.316484 1.6612834 14.420136 -1.2498443126678467 0.2758549153804779
Pedestrian 0.0 0 -1.6419405937194824 987.7413940429688 144.6152801513672 1005.9322509765625 185.0042724609375 0.92574596 1.8928446 0.6926398 18.653103 0.21254498 33.696796 -1.1363704204559326 0.2474972903728485
Pedestrian 0.0 0 0.5992132425308228 112.38796997070312 115.4861068725586 218.5941925048828 252.68499755859375 1.1536605 1.8510616 0.53437203 -6.139701 0.97557753 9.824814 0.040673017501831055 0.23443520069122314
Pedestrian 0.0 0 -0.9201716780662537 988.126220703125 151.4137420654297 1028.275390625 218.97381591796875 0.74816334 1.7001522 0.5587419 10.336889 0.96978873 18.191746 -0.4034487009048462 0.2192000299692154
Cyclist 0.0 0 -1.8209309577941895 987.256103515625 150.6853790283203 1024.4405517578125 217.6920623779297 1.6604136 1.660983 0.4383358 10.363992 0.9235249 18.380224 -1.3075041770935059 0.4552982449531555
Car 0.0 0 -0.33730843663215637 872.43505859375 161.38426208496094 997.8116455078125 207.42576599121094 3.456592 1.4672835 1.5214946 10.839496 0.85963917 23.450144 0.09567403793334961 0.9241836667060852
Car 0.0 0 -0.8154376149177551 0.0 204.56092834472656 295.8178405761719 370.0 3.9107895 1.4601755 1.6046175 -3.1875834 1.6435366 3.376568 -1.57205331325531 0.8529841899871826
