Pedestrian 0.0 0 -3.6840882301330566 1199.9559326171875 96.72357177734375 1242.0 223.61709594726562 0.69590163 1.8507553 0.55524504 9.391348 0.7407428 10.853681 -2.970796585083008 0.3578788936138153
Pedestrian 0.0 0 1.3215649127960205 815.025146484375 172.14381408691406 839.1394653320312 215.46690368652344 1.7936065 1.698722 0.5036893 8.727462 1.6712337 29.195572 1.6120407581329346 0.13869011402130127
Pedestrian 0.0 0 1.4212905168533325 801.2605590820312 175.1206512451172 819.5377807617188 214.1363525390625 1.790303 1.7364206 0.54480773 9.153247 1.8437825 33.138165 1.6907856464385986 0.1188228502869606
Cyclist 0.0 0 1.441982388496399 801.60546875 175.47402954101562 818.9271240234375 214.16232299804688 1.7866155 1.7217796 0.5385162 9.15259 1.8458897 33.155594 1.7113242149353027 0.580422580242157
Cyclist 0.0 0 1.3215649127960205 815.025146484375 172.14381408691406 839.1394653320312 215.46690368652344 1.7936065 1.698722 0.5036893 8.727462 1.6712337 29.195572 1.6120407581329346 0.4075411558151245
Car 0.0 0 -1.9305648803710938 851.6279907226562 186.74801635742188 1242.0 375.0 3.6193025 1.5880374 1.6288042 3.006668 1.7321676 5.5602493 -1.4348562955856323 0.9247816205024719
Car 0.0 0 1.7176194190979004 547.3353881835938 178.85348510742188 613.5303955078125 228.1119842529297 4.1029973 1.541174 1.7263716 -0.9888802 1.76902 25.224127 1.6784356832504272 0.9069750905036926
Car 0.0 0 1.66941237449646 609.0122680664062 178.39907836914062 645.7884521484375 205.92083740234375 4.2490044 1.4842222 1.7319424 1.0301555 1.824521 42.016335 1.6939254999160767 0.8467530608177185
Car 0.0 0 1.4387309551239014 716.583251953125 176.176513671875 762.5687866210938 214.77674865722656 4.0207505 1.7489616 1.6730343 6.1977997 1.9203093 35.086082 1.6135728359222412 0.8407135009765625
Car 0.0 0 -1.6805357933044434 808.2044067382812 185.5246124267578 946.7880859375 311.6016540527344 3.553149 1.5283886 1.5420074 3.8546662 1.7559512 11.031286 -1.344368577003479 0.7713133692741394
Car 0.0 0 -1.6912899017333984 711.946044921875 178.97216796875 747.0845947265625 207.14540100097656 3.6831212 1.5326036 1.5749333 6.866665 1.9044437 41.934685 -1.5289835929870605 0.4259923994541168
Car 0.0 0 1.294515609741211 851.4295654296875 174.69056701660156 946.1425170898438 228.99191284179688 3.9536748 1.4742968 1.6098394 8.533945 1.535284 21.771255 1.668091058731079 0.3162579834461212
