Car 0.0 0 -0.6334989666938782 921.9691772460938 182.12481689453125 1242.0 308.2713928222656 3.8546178 1.5308385 1.626509 6.4586167 1.6687986 9.79691 -0.0506482794880867 0.9566469192504883
Car 0.0 0 0.5990956425666809 0.0 180.8020477294922 336.65045166015625 312.55718994140625 3.8271995 1.4992267 1.5561575 -5.735437 1.6099685 9.164331 0.03989005088806152 0.9438542127609253
Car 0.0 0 -0.3307042717933655 737.9984741210938 182.60427856445312 911.567626953125 247.70831298828125 4.1509986 1.6460683 1.7533783 5.6664996 1.9232548 19.50778 -0.04800984263420105 0.9394614100456238
Car 0.0 0 3.468376636505127 159.5922393798828 174.22572326660156 393.8192138671875 263.3420104980469 3.8409598 1.6136022 1.589369 -6.3942423 1.6425878 14.07398 3.0419270992279053 0.9247243404388428
Car 0.0 0 -1.6551744937896729 635.3929443359375 182.632568359375 676.6759643554688 214.75489807128906 3.951974 1.3681377 1.597571 2.0702677 1.8554852 33.93691 -1.5942466259002686 0.9074976444244385
Car 0.0 0 -0.8437877893447876 1015.4823608398438 194.7715606689453 1242.0 362.9383239746094 3.8892164 1.4496057 1.5859923 6.507873 1.7103205 7.528207 -0.13095566630363464 0.9028415679931641
Car 0.0 0 0.559909999370575 66.81271362304688 193.20986938476562 374.8492736816406 299.2693176269531 4.126337 1.5010141 1.5526277 -6.113122 1.8513372 11.48212 0.07067680358886719 0.8805142045021057
Car 0.0 0 3.3694515228271484 378.988525390625 183.15919494628906 498.9703369140625 222.32400512695312 4.176145 1.4192041 1.6098089 -6.4669514 1.8223343 27.38477 3.1375486850738525 0.8606213331222534
Car 0.0 0 0.8001846075057983 0.0 194.5631866455078 196.16952514648438 375.0 3.7889419 1.5368774 1.5229887 -6.3838496 1.7745867 7.00955 0.06146955490112305 0.8289005756378174
Car 0.0 0 4.029708385467529 0.0 210.41468811035156 86.89179229736328 375.0 3.9759688 1.4738368 1.582951 -5.9665647 1.7573739 4.5929565 3.1149539947509766 0.7883503437042236
Car 0.0 0 -2.7336511611938477 287.23004150390625 185.97238159179688 448.32696533203125 245.92640686035156 3.7801273 1.4913001 1.5438632 -6.453732 1.8591604 19.281103 -3.056647300720215 0.7480655312538147
