Car 0.0 0 -0.36826539039611816 747.0859375 190.091552734375 991.2551879882812 284.01318359375 3.6408992 1.4708807 1.5981098 4.3067384 1.7900448 12.47809 -0.03592313081026077 0.9640863537788391
Car 0.0 0 3.6144399642944336 43.646484375 187.4265899658203 323.02325439453125 275.4336853027344 4.2430687 1.5045499 1.6623869 -7.906415 1.7985121 13.589969 3.0875229835510254 0.9540351629257202
Car 0.0 0 3.355564594268799 187.9346923828125 176.2539520263672 351.391357421875 241.707763671875 3.5343087 1.5627457 1.5948181 -8.6504 1.655865 18.51443 2.9184792041778564 0.8731971979141235
Car 0.0 0 0.7930562496185303 0.0 185.44122314453125 176.05557250976562 330.1031799316406 4.3684444 1.4848266 1.643327 -7.814556 1.6495819 8.492871 0.04922962188720703 0.832095205783844
Car 0.0 0 -0.31007111072540283 705.19482421875 189.5802764892578 911.8078002929688 269.8290100097656 3.8145869 1.521275 1.6180457 3.9634113 1.8894337 14.958136 -0.05105626583099365 0.7831851243972778
Car 0.0 0 1.2941380739212036 449.46075439453125 182.19642639160156 488.8457336425781 208.1176300048828 3.972874 1.7067558 1.7187067 -10.065784 2.398357 51.223454 1.1001031398773193 0.7317720651626587
Car 0.0 0 3.468528985977173 130.70323181152344 182.20654296875 326.7529296875 257.93048095703125 3.5388362 1.5425373 1.508975 -8.349567 1.7630756 15.965432 2.986668586730957 0.7084488272666931
Car 0.0 0 0.27372652292251587 228.57281494140625 174.52996826171875 380.7095642089844 238.3866424560547 3.7879276 1.7671968 1.6466233 -8.855083 1.8189487 21.072 -0.1240968406200409 0.6256108283996582
Car 0.0 0 -1.4114158153533936 1050.3525390625 194.3984832763672 1113.2568359375 232.11196899414062 4.2897553 1.4442482 1.6944764 21.092995 2.4719949 32.24878 -0.8321840763092041 0.5613959431648254
Car 0.0 0 0.8872040510177612 987.9536743164062 189.70254516601562 1046.494140625 215.49481201171875 3.4286988 1.560341 1.562709 26.914162 2.7206838 47.851086 1.399560570716858 0.45338326692581177
