Pedestrian 0.0 0 3.418301582336426 345.2112731933594 155.41246032714844 397.81695556640625 251.5070037841797 0.8187895 1.783012 0.5965711 -4.524872 1.2311511 13.6501875 3.098212957382202 0.59907066822052
Cyclist 0.0 0 0.23040366172790527 346.2371826171875 154.52349853515625 407.0951843261719 252.4569549560547 0.98849714 1.810499 0.60254174 -4.416673 1.2442224 13.626957 -0.08302571624517441 0.10346680134534836
Car 0.0 0 -1.1747756004333496 224.74658203125 184.40904235839844 343.1576232910156 247.03225708007812 3.285807 1.407229 1.5175589 -7.9332933 1.3902336 17.80984 -1.593834638595581 0.9581928849220276
Car 0.0 0 -1.582004189491272 578.70556640625 177.71701049804688 619.0072631835938 214.5137481689453 3.6414366 1.5025449 1.6468939 -0.44646013 1.1974778 31.190887 -1.5963170528411865 0.9222762584686279
Car 0.0 0 2.14426589012146 0.0 179.14248657226562 205.5655517578125 301.43499755859375 4.233414 1.4266601 1.6434962 -7.846217 1.3569413 10.548702 1.5047389268875122 0.8390045762062073
Car 0.0 0 -1.1815028190612793 209.26461791992188 183.0205535888672 300.4248352050781 229.08602905273438 3.52664 1.4854132 1.6243771 -12.194971 1.4157599 24.98838 -1.635525107383728 0.8166922330856323
Car 0.0 0 1.7502774000167847 444.185546875 190.24099731445312 518.2620849609375 243.17982482910156 3.5961273 1.4550517 1.6025332 -3.8060584 1.6219219 21.900795 1.578209638595581 0.812075138092041
Car 0.0 0 2.243887186050415 0.0 0.0 191.1217041015625 376.0 3.6471431 1.5704143 1.5592595 -3.0185864 1.2140799 2.4933183 1.3634790182113647 0.44478416442871094
Car 0.0 0 -1.2911872863769531 672.3906860351562 179.37478637695312 714.8107299804688 206.43223571777344 3.5185416 1.5202442 1.570587 5.0653224 1.1931989 42.31186 -1.172040343284607 0.25974440574645996
Car 0.0 0 -1.5223422050476074 639.6346435546875 177.12893676757812 675.5792236328125 208.3268585205078 3.7920876 1.4416804 1.5752453 2.4530442 1.0691162 35.19074 -1.4527477025985718 0.2468552142381668
