Cyclist 0.0 0 1.697129487991333 492.1860046386719 176.6929473876953 518.7972412109375 233.0579071044922 1.7448119 1.6999627 0.61901975 -3.326227 1.8260834 22.756458 1.5519909858703613 0.9284077882766724
Car 0.0 0 3.585505247116089 0.0 180.9166717529297 313.0165710449219 294.0882568359375 4.1004524 1.5874187 1.7323809 -7.1218467 1.7271302 11.371244 3.0259692668914795 0.9568714499473572
Car 0.0 0 -1.690813422203064 631.1570434570312 181.18914794921875 681.1273803710938 218.37057495117188 4.2667203 1.4424478 1.63654 1.8789746 1.8277795 31.14432 -1.630555272102356 0.9440453052520752
Car 0.0 0 -0.640476405620575 973.12646484375 192.92807006835938 1242.0 358.4432067871094 3.5944428 1.4995917 1.5456973 5.936086 1.7329073 7.551867 0.0256955623626709 0.9359678626060486
Car 0.0 0 -0.45948857069015503 753.5765380859375 185.862548828125 979.66845703125 262.49774169921875 4.3185716 1.4967637 1.6162245 5.3890405 1.7963989 15.525301 -0.12538762390613556 0.9322835206985474
Car 0.0 0 -0.5853468775749207 912.8167724609375 186.39964294433594 1242.0 304.28863525390625 3.6705744 1.4905003 1.55701 6.3620014 1.6965944 10.132668 -0.024686174467206 0.9120861887931824
Car 0.0 0 2.6022751331329346 811.3160400390625 184.5894012451172 1095.3638916015625 291.8433532714844 4.261603 1.6928693 1.6683382 5.860265 1.9165373 12.671986 3.0354409217834473 0.8883774280548096
Car 0.0 0 3.3847055435180664 345.2195129394531 181.20663452148438 474.1558532714844 226.14862060546875 4.0579524 1.4924322 1.6307395 -6.9496813 1.7940176 25.149824 3.1151020526885986 0.88099604845047
Car 0.0 0 -0.3662217855453491 758.4906005859375 173.9292755126953 943.5000610351562 239.52244567871094 4.0350766 1.5405098 1.6261103 5.835596 1.5688921 17.887747 -0.05087394267320633 0.8682247400283813
Car 0.0 0 3.8575096130371094 0.0 182.50796508789062 170.9407958984375 374.7367248535156 4.074647 1.5289421 1.6165711 -6.730021 1.6325469 6.772347 3.0752460956573486 0.8517874479293823
Car 0.0 0 0.2689708471298218 379.6794128417969 183.21908569335938 490.84716796875 222.6768035888672 3.8857388 1.4476544 1.5354003 -6.7056446 1.8583667 27.73406 0.03173995018005371 0.6688250303268433
