Pedestrian 0.0 0 1.3283724784851074 786.6331176757812 140.19876098632812 810.0397338867188 189.54176330566406 0.927787 1.8718193 0.66886836 7.216143 0.6334058 27.836304 1.5820238590240479 0.23774336278438568
Pedestrian 0.0 0 -2.0513181686401367 1159.3836669921875 133.76063537597656 1200.8619384765625 207.0772247314453 0.60351443 1.9194258 0.66359735 15.150298 0.8963208 19.2451 -1.3844130039215088 0.16687658429145813
Pedestrian 0.0 0 1.4215785264968872 876.8478393554688 150.85214233398438 917.10888671875 240.10275268554688 0.8932452 1.7930788 0.6488814 5.9026537 1.351411 15.001115 1.796452522277832 0.16646453738212585
Pedestrian 0.0 0 -2.1492905616760254 1208.16796875 125.47418212890625 1242.0 203.78350830078125 0.6020737 1.9731948 0.67604315 15.887774 0.77970254 18.520634 -1.4402613639831543 0.12719787657260895
Car 0.0 0 2.2469401359558105 0.0 166.66140747070312 139.6262969970703 272.9245910644531 4.349264 1.8190354 1.7355207 -11.798417 1.7133875 14.528426 1.5648694038391113 0.6020984649658203
Car 0.0 0 -1.637397050857544 586.4254760742188 173.50579833984375 614.977783203125 198.89019775390625 4.1113615 1.62882 1.6418192 -0.6947418 1.6749203 48.519485 -1.6517149209976196 0.5974235534667969
Car 0.0 0 1.9165607690811157 394.8817138671875 170.83514404296875 460.5643615722656 208.1660919189453 4.2950573 1.7100629 1.7593964 -8.85676 1.6179402 35.274055 1.6705619096755981 0.5784434676170349
Car 0.0 0 1.8092037439346313 393.9294128417969 183.3479461669922 456.8311767578125 223.78118896484375 3.6157556 1.3980914 1.5278064 -7.053393 1.827843 27.7052 1.5599123239517212 0.3982219099998474
Car 0.0 0 1.8007935285568237 428.1191711425781 178.43161010742188 478.5582580566406 211.59512329101562 3.5166395 1.4121426 1.4984909 -7.1632233 1.6819813 33.08746 1.587590217590332 0.19328707456588745
Car 0.0 0 1.8334097862243652 279.88885498046875 183.92276000976562 391.03692626953125 251.17141723632812 4.123718 1.4717431 1.6507031 -6.970437 1.7904922 18.620955 1.4752240180969238 0.13872720301151276
