Car 0.0 0 -1.8059049844741821 612.5681762695312 179.46568298339844 690.6047973632812 237.06893920898438 3.2040792 1.5074553 1.544742 1.0853258 1.7158979 20.989618 -1.75424325466156 0.9585569500923157
Car 0.0 0 -2.118291139602661 783.2593383789062 181.80133056640625 1222.184814453125 375.0 3.567493 1.4735937 1.6239375 2.8917575 1.5758729 6.348313 -1.6908595561981201 0.9547740817070007
Car 0.0 0 2.371795654296875 549.1248779296875 177.37611389160156 624.4115600585938 208.87411499023438 3.679346 1.4808713 1.6542372 -1.169527 1.7210314 36.362244 2.3396434783935547 0.8593884110450745
Car 0.0 0 -0.9300187230110168 676.9513549804688 174.40316772460938 763.4210815429688 209.29518127441406 4.2067246 1.4694906 1.6880983 4.998511 1.5444098 32.647156 -0.7780914306640625 0.8511125445365906
Car 0.0 0 -1.082261085510254 746.910888671875 171.16400146484375 817.1456298828125 202.3563232421875 4.1738677 1.4515693 1.6071463 8.517616 1.3732814 35.67137 -0.847869873046875 0.8391861319541931
Car 0.0 0 -1.0366164445877075 807.9338989257812 172.7396240234375 867.990966796875 202.1555938720703 3.315918 1.5004448 1.590504 12.149704 1.4949688 38.500214 -0.7309326529502869 0.8183883428573608
Car 0.0 0 1.44828462600708 288.0987548828125 177.18499755859375 324.7832946777344 205.05813598632812 3.390109 1.523782 1.5547142 -17.680868 1.7866645 41.87658 1.048776388168335 0.5490601062774658
Car 0.0 0 -0.4224965572357178 447.81829833984375 173.08912658691406 521.5266723632812 202.39419555664062 3.9222095 1.6485426 1.6884259 -7.381103 1.6633092 42.41397 -0.5947962999343872 0.3640378713607788
Car 0.0 0 -0.17583733797073364 959.2352905273438 169.0171356201172 1054.01806640625 201.392822265625 3.6059093 1.4331543 1.5662502 18.154749 1.2636681 33.25331 0.32389354705810547 0.35235539078712463
Car 0.0 0 -1.2935373783111572 851.09765625 169.2369384765625 901.691650390625 197.86183166503906 4.093113 1.556126 1.6652244 15.279481 1.3598502 41.36558 -0.9397057890892029 0.2928508520126343
