Pedestrian 0.0 0 1.1486656665802002 1071.018798828125 126.04466247558594 1105.4603271484375 196.89845275878906 0.6073751 1.8877876 0.57974654 12.915301 0.6409848 19.56778 1.7320588827133179 0.3480372428894043
Pedestrian 0.0 0 3.016679286956787 260.7339172363281 184.07955932617188 282.27081298828125 224.91778564453125 0.7721514 1.7590189 0.7622428 -15.006442 2.2638617 31.8951 2.576914072036743 0.34723082184791565
Pedestrian 0.0 0 -1.8301811218261719 781.843994140625 158.05299377441406 803.7013549804688 199.96347045898438 0.9273017 1.7984557 0.70723975 7.914079 1.1636748 31.427866 -1.5834928750991821 0.23756946623325348
Pedestrian 0.0 0 -2.0500283241271973 1201.9453125 120.97025299072266 1239.2156982421875 183.85865783691406 0.675177 1.9350069 0.65262055 19.069878 0.33895922 22.599241 -1.349128246307373 0.12210503220558167
Cyclist 0.0 0 3.1669554710388184 286.1548767089844 179.57688903808594 325.52362060546875 215.65701293945312 1.7790332 1.7415197 0.59414065 -15.051043 2.0796788 35.650326 2.7674713134765625 0.76005619764328
Cyclist 0.0 0 2.0750155448913574 188.73562622070312 186.10922241210938 208.05587768554688 211.7356414794922 1.4437397 1.7433665 0.54774374 -28.863024 2.6859367 50.56007 1.5562936067581177 0.17972905933856964
Car 0.0 0 -1.6151652336120605 588.4974975585938 173.7002410888672 620.591796875 202.87796020507812 3.8471162 1.5506862 1.6195736 -0.38255322 1.6007601 40.422565 -1.6246287822723389 0.8478276133537292
Car 0.0 0 1.8516277074813843 336.08526611328125 169.2734375 430.7698669433594 227.39779663085938 4.2920666 1.6625193 1.7211279 -7.0637 1.5604634 22.79777 1.5511664152145386 0.3297382891178131
Car 0.0 0 1.7822141647338867 410.6353759765625 170.56756591796875 469.079833984375 206.7281951904297 3.9550893 1.4089308 1.5766665 -7.0598106 1.3202022 30.102726 1.5518534183502197 0.19615019857883453
Car 0.0 0 -2.1812355518341064 150.81005859375 182.23269653320312 206.68515014648438 205.14002990722656 3.4852715 1.5285206 1.6851767 -30.412964 2.2089646 50.83731 -2.72036075592041 0.1387251764535904
Car 0.0 0 3.3862316608428955 180.36793518066406 179.19346618652344 292.5763244628906 215.04556274414062 4.161646 1.5121273 1.6853346 -16.602938 1.8067012 32.186172 2.909991979598999 0.1260402947664261
Car 0.0 0 -1.687137484550476 282.2959289550781 183.66989135742188 326.328857421875 217.2769317626953 3.8403609 1.5658576 1.6381092 -15.762651 2.1523368 37.024303 -2.089632987976074 0.12439487129449844
