Car 0.0 0 -1.8031264543533325 727.6616821289062 174.9757080078125 869.9150390625 268.86065673828125 4.053864 1.4830875 1.6249224 3.2860377 1.5291812 13.518984 -1.5646822452545166 0.9714180827140808
Car 0.0 0 1.9983060359954834 202.66566467285156 194.78814697265625 395.1633605957031 296.3013000488281 4.2647696 1.505649 1.7254292 -5.7193713 1.9910969 13.793769 1.6052477359771729 0.9642851948738098
Car 0.0 0 1.8808232545852661 347.1311340332031 189.50608825683594 446.31964111328125 255.52877807617188 3.6777525 1.5503441 1.5451968 -5.7573843 2.0491443 19.736353 1.59698486328125 0.9530402421951294
Car 0.0 0 -1.9758611917495728 788.1102905273438 181.02017211914062 1111.8388671875 359.7214050292969 3.947194 1.4351487 1.658478 3.257628 1.5481238 7.960654 -1.587435245513916 0.9473892450332642
Car 0.0 0 1.8528941869735718 433.9848937988281 186.3135528564453 505.4811706542969 228.8356170654297 4.267844 1.4841745 1.6727546 -5.535622 2.0624645 28.777172 1.6628539562225342 0.9456603527069092
Car 0.0 0 1.3898541927337646 686.4832153320312 181.30303955078125 753.843017578125 229.40109252929688 3.6064281 1.3897564 1.5079294 3.4318001 1.6845839 23.316236 1.5359899997711182 0.9278034567832947
Car 0.0 0 2.32147479057312 0.0 203.6127166748047 174.21044921875 375.0 4.0554824 1.4758857 1.5865463 -5.9384866 1.8353823 6.392537 1.572881817817688 0.859656572341919
Car 0.0 0 1.3771824836730957 666.9995727539062 179.33824157714844 728.9066772460938 218.53750610351562 4.266951 1.4235646 1.6707754 3.4190142 1.7053034 29.116863 1.4940710067749023 0.8411872982978821
Car 0.0 0 -1.7465641498565674 650.093017578125 178.8226776123047 690.9398803710938 208.87538146972656 3.5481734 1.4657066 1.5238452 3.0820913 1.7936103 37.755524 -1.6651118993759155 0.7868862748146057
Car 0.0 0 -3.8194591999053955 1037.7139892578125 149.41062927246094 1242.0 272.3520202636719 3.9400778 1.5015466 1.5579029 8.096326 1.2155786 9.630326 -3.120382308959961 0.7860550880432129
