Cyclist 0.0 0 1.5930211544036865 544.5812377929688 168.35922241210938 557.6575317382812 204.02096557617188 1.7435197 1.7577178 0.6223227 -3.004209 1.5365338 36.449688 1.5107862949371338 0.8696539402008057
Car 0.0 0 -1.9962742328643799 781.421142578125 193.72157287597656 1141.234619140625 375.0 3.526248 1.4043255 1.5438106 2.783887 1.650764 6.7185984 -1.6034542322158813 0.9689813256263733
Car 0.0 0 -0.4239366352558136 864.4793701171875 171.62933349609375 1163.1441650390625 268.2113342285156 3.9890544 1.4625899 1.5761101 6.3893476 1.444402 11.85055 0.07054638862609863 0.9636675119400024
Car 0.0 0 0.5402023792266846 33.09359359741211 171.6971893310547 311.8775329589844 268.53533935546875 3.625589 1.468828 1.4634876 -6.9920425 1.4516394 11.674217 0.0005698204040527344 0.9016237258911133
Car 0.0 0 3.520350456237793 124.40412139892578 179.82469177246094 393.5865783691406 260.55712890625 4.4320984 1.4415152 1.5287769 -6.6686134 1.5854689 13.949466 3.0744123458862305 0.8991496562957764
Car 0.0 0 -1.6730848550796509 635.4756469726562 173.78662109375 673.2333374023438 203.4353485107422 4.1086316 1.5805492 1.7035431 2.4132576 1.636195 40.68233 -1.6138347387313843 0.8897327780723572
Car 0.0 0 3.427039384841919 296.5526123046875 167.23068237304688 453.18084716796875 226.49166870117188 4.053472 1.6617551 1.6703732 -6.8339496 1.5044281 21.12069 3.1141045093536377 0.8773900866508484
Car 0.0 0 2.8328864574432373 732.9699096679688 174.2353973388672 876.7783203125 230.00689697265625 3.9727087 1.6435208 1.5963459 5.880802 1.6881025 22.200495 3.09183406829834 0.8750426769256592
Car 0.0 0 3.2534618377685547 430.9327697753906 175.58084106445312 516.9328002929688 209.28855895996094 3.9219775 1.5752295 1.6480318 -6.551457 1.7109162 34.839333 3.067584753036499 0.87198805809021
Car 0.0 0 -0.3113001883029938 785.9181518554688 179.84397888183594 969.1444091796875 248.71630859375 3.773177 1.5344796 1.5432647 6.1787763 1.7084723 17.081993 0.03577089309692383 0.865983784198761
Car 0.0 0 0.6482134461402893 0.0 175.1256103515625 323.29400634765625 304.9611511230469 4.0192633 1.4732236 1.5909208 -6.0090094 1.5053022 9.144867 0.06686949729919434 0.8631265759468079
Car 0.0 0 0.7645562887191772 0.0 173.65330505371094 205.42478942871094 357.8617858886719 3.895667 1.5254855 1.5244642 -6.2281966 1.5342532 6.7841244 0.02185535430908203 0.8299854397773743
Car 0.0 0 -0.22988124191761017 715.0341186523438 166.61422729492188 827.225830078125 213.27098083496094 3.8886409 1.7201138 1.651186 6.025612 1.4904269 27.450832 -0.013802548870444298 0.8046221733093262
Car 0.0 0 -0.47458717226982117 820.7606201171875 175.4434814453125 1052.5242919921875 254.8397216796875 3.9061594 1.4676051 1.5497758 6.309019 1.5224091 14.280383 -0.058576442301273346 0.775100827217102
Car 0.0 0 -0.3691561222076416 707.1005859375 178.3374481201172 840.7318725585938 222.1929168701172 4.2764874 1.4462925 1.5273556 5.625282 1.6458279 25.13336 -0.14896763861179352 0.7424563765525818
