Pedestrian 0.0 0 -1.7783616781234741 569.4039916992188 162.99188232421875 600.661376953125 231.5515594482422 0.90701956 1.7216061 0.6309506 -0.4643902 1.2580308 18.549555 -1.8033915758132935 0.8296332955360413
Pedestrian 0.0 0 1.9597842693328857 836.4235229492188 128.74571228027344 949.017333984375 356.6360778808594 0.71078885 1.652512 0.60283166 2.252942 1.2713734 5.671335 2.337918281555176 0.7162361145019531
Pedestrian 0.0 0 -3.412061929702759 970.0081176757812 117.14742279052734 1093.27783203125 291.2286376953125 0.98221344 1.7375739 0.6316579 4.4669514 1.0966129 7.599211 -2.880648136138916 0.7060949206352234
Pedestrian 0.0 0 -1.665703296661377 601.4351196289062 160.10308837890625 623.6491088867188 210.283935546875 0.9291566 1.8162271 0.73221856 0.3817222 1.0428431 26.489052 -1.6512937545776367 0.7053240537643433
Pedestrian 0.0 0 1.661160945892334 652.203125 164.2483673095703 677.6494140625 223.52511596679688 0.8164412 1.6448622 0.6504162 1.7784215 1.1673 20.389557 1.7481629848480225 0.6753978133201599
Pedestrian 0.0 0 -0.9873669147491455 172.86366271972656 206.52194213867188 277.0518798828125 374.0 0.62504286 1.5813437 0.6562473 -3.6632957 1.8361728 6.93097 -1.4735851287841797 0.6745822429656982
Pedestrian 0.0 0 -2.9648501873016357 612.9361572265625 164.5667724609375 643.2155151367188 225.7622833251953 0.7280139 1.6254013 0.5893705 0.6941293 1.176807 19.441738 -2.9291622638702393 0.6575815677642822
Pedestrian 0.0 0 2.7174911499023438 807.5686645507812 132.3018798828125 865.5341186523438 223.28634643554688 0.97793716 1.8071127 0.55202717 4.7298865 0.8311977 14.59312 3.0309247970581055 0.5498445630073547
Pedestrian 0.0 0 1.9297471046447754 381.9664306640625 168.61911010742188 437.64508056640625 280.7381591796875 0.7603461 1.6534816 0.5971113 -2.9648116 1.4648294 10.9980135 1.6664296388626099 0.5281597375869751
Pedestrian 0.0 0 1.5441874265670776 473.1588134765625 162.61134338378906 486.7602844238281 204.7900390625 0.6195474 1.8733486 0.58510673 -5.471371 1.0353644 32.262413 1.3761961460113525 0.5083788633346558
Pedestrian 0.0 0 -1.6205930709838867 300.9972839355469 201.32017517089844 360.7044677734375 332.8071594238281 0.67193955 1.5248666 0.6559428 -3.407627 1.7839772 8.900239 -1.986244797706604 0.4746628403663635
Pedestrian 0.0 0 1.6187645196914673 630.0022583007812 163.0695343017578 651.6303100585938 230.01539611816406 0.670752 1.6754742 0.5216262 0.9769043 1.2153935 18.33538 1.6719939708709717 0.4637789726257324
Pedestrian 0.0 0 -1.4690085649490356 533.1770629882812 167.80953979492188 545.0017700195312 198.85801696777344 0.75541174 1.8714274 0.643883 -3.784148 1.0469977 43.67719 -1.5554317235946655 0.34456878900527954
Pedestrian 0.0 0 0.24838562309741974 486.7541198730469 158.9563751220703 531.0343017578125 239.5863800048828 0.8192486 1.7018465 0.6374197 -2.029149 1.2272531 15.524055 0.11841249465942383 0.31418922543525696
Pedestrian 0.0 0 -1.1017193794250488 369.61749267578125 205.4020538330078 437.2400207519531 331.07269287109375 0.58586067 1.6211052 0.6972599 -2.7246704 1.9588991 9.754185 -1.3741098642349243 0.30524691939353943
Pedestrian 0.0 0 1.9694395065307617 705.3268432617188 150.212158203125 720.5409545898438 189.3531494140625 0.526941 1.8866446 0.57317317 5.424516 0.37943292 34.996704 2.1232166290283203 0.29974618554115295
Pedestrian 0.0 0 -2.622997283935547 608.8745727539062 163.7690887451172 625.9783325195312 201.4613494873047 0.6114892 1.76939 0.56784904 0.75054854 0.93796337 34.119015 -2.6010029315948486 0.2982146143913269
Pedestrian 0.0 0 -0.28362905979156494 681.617919921875 157.63816833496094 720.7056274414062 216.4533233642578 1.0965565 1.8018608 0.5405793 3.0711966 1.0719455 22.352016 -0.14708276093006134 0.2975517213344574
Pedestrian 0.0 0 -1.492213249206543 647.7279663085938 163.80751037597656 662.2830810546875 201.24807739257812 0.7308244 1.7614044 0.63676286 2.543992 0.92997026 34.20132 -1.4179670810699463 0.2704583704471588
Cyclist 0.0 0 2.782956600189209 802.8834838867188 131.7431182861328 862.2643432617188 223.14987182617188 1.0240139 1.819148 0.5359322 4.6459265 0.83014894 14.586826 3.0912997722625732 0.19378669559955597
Cyclist 0.0 0 1.709675908088684 651.7686157226562 163.7501983642578 679.1007080078125 223.59109497070312 0.87107617 1.6565198 0.66017634 1.7926369 1.1663203 20.380949 1.7974066734313965 0.12426040321588516
Cyclist 0.0 0 0.2898973226547241 473.5760803222656 161.2238311767578 524.6691284179688 242.79434204101562 0.95729667 1.7199494 0.6190583 -2.239634 1.2936497 15.519906 0.14657950401306152 0.12059681117534637
Cyclist 0.0 0 -0.2380877137184143 676.0305786132812 156.704345703125 716.2118530273438 213.97804260253906 1.1480516 1.7546736 0.51543367 2.9101396 0.99613374 22.323093 -0.10845426470041275 0.1178332194685936
Car 0.0 0 1.68104088306427 543.9705810546875 167.9379425048828 573.045654296875 192.27281188964844 4.060419 1.6011553 1.5576153 -2.8957322 0.7095027 49.329174 1.622406005859375 0.8125400543212891
Car 0.0 0 -1.5680893659591675 674.6452026367188 185.3204803466797 740.7977905273438 244.2827606201172 3.6737194 1.4113263 1.5995287 2.8291693 1.5258081 19.375969 -1.4230996370315552 0.31946590542793274
