Car 0.0 0 -1.7931269407272339 685.9662475585938 180.82276916503906 813.5938720703125 264.4818420410156 4.4085035 1.4543873 1.6471214 2.704727 1.6474713 15.207724 -1.6171151399612427 0.9696525931358337
Car 0.0 0 -2.4237585067749023 0.0 192.02684020996094 260.60882568359375 332.83917236328125 3.777429 1.4312346 1.5224606 -6.396553 1.6803898 8.467284 -3.0707342624664307 0.9531496167182922
Car 0.0 0 0.3425237536430359 293.30938720703125 186.2563934326172 476.1799621582031 243.6468505859375 4.3262634 1.4105171 1.5652937 -5.8963275 1.7802461 19.010601 0.04177212715148926 0.9326872825622559
Car 0.0 0 -2.159970760345459 820.336669921875 194.77777099609375 1242.0 375.0 3.3990445 1.4334208 1.5425571 2.9418333 1.6537188 5.470274 -1.6665537357330322 0.9305008053779602
Car 0.0 0 -2.590639591217041 14.216347694396973 192.35348510742188 322.8201904296875 305.3466491699219 3.759665 1.5532615 1.542592 -6.609266 1.8716156 10.975967 -3.1326444149017334 0.9028465151786804
Car 0.0 0 0.568588376045227 134.95846557617188 175.2265167236328 375.67388916015625 272.1726379394531 3.7406285 1.6536199 1.5741618 -6.5198255 1.7011504 13.348453 0.11423707008361816 0.8885986804962158
Car 0.0 0 -1.743807315826416 664.4147338867188 177.7855224609375 727.754638671875 220.70449829101562 4.1174045 1.3961079 1.5643797 2.9764645 1.5889091 26.052427 -1.6300514936447144 0.8670496344566345
Car 0.0 0 3.360241174697876 317.7857666015625 180.77757263183594 462.52850341796875 231.93751525878906 3.884795 1.4392699 1.5229253 -6.5019984 1.6855035 21.481886 3.066333293914795 0.7808942198753357
Car 0.0 0 -1.619187593460083 646.614990234375 172.49276733398438 677.4581909179688 202.18556213378906 4.2189536 1.7823627 1.7256981 3.19947 1.7610362 45.436684 -1.5488876104354858 0.7655894756317139
Car 0.0 0 3.383852243423462 344.09600830078125 168.0434112548828 467.87738037109375 217.63833618164062 3.6829362 1.5868403 1.5621023 -6.738324 1.4332788 23.92368 3.1093056201934814 0.7335684299468994
Car 0.0 0 -2.289371967315674 0.0 201.89718627929688 118.11163330078125 375.0 4.0777316 1.45155 1.5581262 -6.7629933 1.7291696 6.078741 -3.1280033588409424 0.7154360413551331
