Pedestrian 0.0 0 -2.7037482261657715 306.9937438964844 178.99205017089844 330.26800537109375 209.32273864746094 1.1052643 1.7352158 0.58366907 -16.88139 2.093296 41.727184 -3.088184356689453 0.29110947251319885
Pedestrian 0.0 0 -0.26539337635040283 624.5510864257812 162.9180450439453 639.3179931640625 193.5952606201172 0.69865835 1.7573676 0.6827725 1.2321956 1.1885364 41.744644 -0.23588450253009796 0.24064484238624573
Pedestrian 0.0 0 -0.08865487575531006 739.5166625976562 135.28407287597656 774.277587890625 206.816650390625 0.834279 1.8301669 0.6243534 3.7738879 0.86929506 18.813675 0.10931062698364258 0.20159755647182465
Cyclist 0.0 0 -2.4189674854278564 629.1666870117188 168.5640106201172 659.4325561523438 201.11033630371094 1.7517486 1.7734551 0.5533124 1.8634483 1.5400507 40.121887 -2.372556209564209 0.3755289316177368
Cyclist 0.0 0 -2.696831226348877 306.2992248535156 179.0425567626953 331.2972412109375 209.7207794189453 1.2001655 1.7541747 0.5985346 -16.870441 2.1152997 41.72483 -3.081061363220215 0.13524803519248962
Cyclist 0.0 0 1.2185606956481934 738.086669921875 134.7019500732422 775.664794921875 207.3392333984375 1.1313641 1.839486 0.6071212 3.78115 0.8736712 18.87533 1.4162662029266357 0.12710241973400116
Car 0.0 0 -1.4903852939605713 517.6870727539062 176.6876983642578 557.2383422851562 209.95758056640625 3.648352 1.4562426 1.559012 -3.39126 1.6461976 33.84221 -1.5902599096298218 0.904118537902832
Car 0.0 0 1.6881766319274902 406.133544921875 182.10562133789062 442.8435363769531 210.54078674316406 3.832575 1.513799 1.6194152 -10.711247 2.074906 41.72307 1.4368810653686523 0.6912989616394043
Car 0.0 0 -1.5482336282730103 578.37890625 177.52684020996094 604.4354858398438 201.03904724121094 3.8093936 1.4406438 1.6087754 -1.2046871 1.75693 46.87275 -1.5739291906356812 0.6811802387237549
Car 0.0 0 1.9204416275024414 314.7105712890625 163.86984252929688 419.99432373046875 227.0706787109375 4.3308797 1.7718358 1.7074963 -7.4291124 1.5203229 22.415337 1.6004050970077515 0.3852231204509735
Car 0.0 0 1.7718006372451782 394.4000244140625 168.47232055664062 455.809814453125 209.1882781982422 4.21364 1.5603088 1.6449842 -7.5853477 1.3927528 29.791962 1.5224874019622803 0.2442094087600708
Car 0.0 0 -1.3043403625488281 622.8998413085938 175.86570739746094 663.910400390625 200.65902709960938 3.8432436 1.4507115 1.5884091 2.086401 1.6466967 44.79239 -1.2577946186065674 0.2160874903202057
