Pedestrian 0.0 0 -2.7527225017547607 592.4527587890625 173.5928192138672 625.18212890625 228.06146240234375 0.7320351 1.5486001 0.7288609 -0.07690233 1.5709497 20.99947 -2.7563846111297607 0.7493980526924133
Pedestrian 0.0 0 1.0625169277191162 673.6513671875 181.62831115722656 697.6119995117188 224.0170135498047 0.77645457 1.6759107 0.6711577 3.0169933 2.0375347 29.216093 1.165416955947876 0.35383301973342896
Pedestrian 0.0 0 -1.3686623573303223 387.4486389160156 162.97128295898438 412.2513427734375 220.03794860839844 0.70875925 1.8104907 0.64010763 -6.8168817 1.4973105 23.268332 -1.6536555290222168 0.18383128941059113
Pedestrian 0.0 0 1.481085181236267 744.4107666015625 158.40823364257812 780.0284423828125 242.714111328125 0.90604794 1.710298 0.64806557 3.1281624 1.4175973 15.121976 1.6850700378417969 0.17454294860363007
Pedestrian 0.0 0 2.330434560775757 0.0 62.8088264465332 93.12871551513672 267.96893310546875 0.9041833 1.7997304 0.7156328 -5.623822 0.83473665 6.8024373 1.6396021842956543 0.1424676775932312
Pedestrian 0.0 0 0.1434975117444992 518.7908325195312 171.0063018798828 533.4585571289062 196.41578674316406 1.0418478 1.9044309 0.46297434 -6.339439 1.7663045 54.321857 0.027321577072143555 0.1406228244304657
Cyclist 0.0 0 2.120436668395996 247.40286254882812 136.12127685546875 330.4193420410156 245.01588439941406 1.6575215 1.8442802 0.5987979 -5.8279114 1.2225188 13.078152 1.7012295722961426 0.16201773285865784
Car 0.0 0 2.207002878189087 0.0 194.2503204345703 319.0857849121094 375.0 3.9658792 1.5330406 1.6343777 -3.7766206 1.7463013 5.1882715 1.5777865648269653 0.9452186822891235
Car 0.0 0 -1.5331841707229614 620.5242919921875 174.35133361816406 679.7329711914062 230.14292907714844 3.8897078 1.4637469 1.5669739 1.1948966 1.5119551 21.045395 -1.4764679670333862 0.8957347869873047
Car 0.0 0 -1.5309683084487915 607.4229125976562 165.0637664794922 641.8886108398438 199.43832397460938 4.3855124 1.7577318 1.6966736 0.81001896 1.3597386 39.132893 -1.5102720260620117 0.3141884505748749
Car 0.0 0 1.0608508586883545 897.5499267578125 163.76708984375 1242.0 375.0 3.766147 1.4792539 1.5373015 3.681649 1.4308703 5.790909 1.627152919769287 0.30804699659347534
Car 0.0 0 -1.6079860925674438 609.369384765625 164.29611206054688 633.17919921875 187.5236358642578 4.0164237 1.7232999 1.678377 0.80940336 1.0887295 55.556374 -1.5934181213378906 0.1533864587545395
