Pedestrian 0.0 0 2.708369255065918 810.4979248046875 104.94926452636719 927.89501953125 288.0539855957031 0.9938318 1.7913103 0.52267295 2.6652262 1.0437859 7.327118 3.057239055633545 0.19536274671554565
Car 0.0 0 -0.8509715795516968 449.6498107910156 171.7393798828125 549.480224609375 213.6689910888672 3.9747748 1.5024495 1.6089518 -3.8829703 1.1537532 27.839973 -0.9895522594451904 0.9606419801712036
Car 0.0 0 0.34640610218048096 0.0 185.24398803710938 81.0698471069336 255.25367736816406 4.3847933 1.601103 1.7308725 -16.11186 1.7055933 18.210827 -0.3779141902923584 0.5676641464233398
Car 0.0 0 2.114189386367798 327.0257873535156 179.59112548828125 395.4383850097656 207.86358642578125 4.0882673 1.4193598 1.5642618 -12.700682 1.3244052 38.226254 1.7934138774871826 0.5492451786994934
Car 0.0 0 -0.2647210955619812 0.0 167.6531524658203 119.73695373535156 205.08963012695312 4.193821 1.549515 1.6220006 -24.09802 0.9773714 31.884146 -0.9119235873222351 0.3720986545085907
Car 0.0 0 -1.588331699371338 546.0288696289062 173.77919006347656 572.7326049804688 198.47508239746094 3.5910628 1.4912561 1.6086628 -2.6738951 1.0257895 45.22569 -1.6473863124847412 0.3662157952785492
Car 0.0 0 -1.4286222457885742 602.5367431640625 168.39373779296875 627.87548828125 187.96119689941406 3.6672268 1.5961243 1.6334574 1.2184958 0.5275363 60.533672 -1.4084957838058472 0.31699877977371216
Car 0.0 0 -1.3099944591522217 578.2194213867188 169.3329620361328 605.7975463867188 186.1587371826172 3.6999714 1.4812685 1.6057726 -0.79015946 0.41055003 65.22716 -1.3221077919006348 0.2547326385974884
Car 0.0 0 3.276494026184082 0.0 179.47390747070312 83.86817169189453 214.66180419921875 3.9438064 1.547978 1.6635338 -26.529825 1.4597992 33.322273 2.6040995121002197 0.2198895514011383
Car 0.0 0 -1.3275463581085205 619.59033203125 163.24874877929688 647.1241455078125 181.9183807373047 4.15961 1.7163869 1.6624997 3.1071863 0.038830966 68.26768 -1.2820630073547363 0.197116419672966
