Pedestrian 0.0 0 0.9081357717514038 743.0882568359375 163.66673278808594 828.9942016601562 299.4410095214844 0.98177475 1.7438289 0.67138356 2.4571116 1.5161185 9.808189 1.1536003351211548 0.7991440892219543
Pedestrian 0.0 0 -3.3844380378723145 1081.2593994140625 163.2344512939453 1215.635498046875 374.0 0.78685045 1.6996232 0.6448452 4.634499 1.5546021 6.205265 -2.742945909500122 0.42895200848579407
Pedestrian 0.0 0 -1.1297986507415771 367.69232177734375 165.55999755859375 393.9774475097656 211.2009735107422 0.842253 1.7605597 0.6936266 -8.664619 1.1467069 28.172646 -1.4281715154647827 0.40523064136505127
Pedestrian 0.0 0 3.1945347785949707 439.2939758300781 159.015869140625 455.17266845703125 193.7337646484375 0.8169376 1.8778498 0.6243986 -8.419135 0.6625394 39.22403 2.983100652694702 0.3871663510799408
Pedestrian 0.0 0 -0.028138063848018646 646.2538452148438 162.9731903076172 675.5283203125 231.71385192871094 0.7570972 1.7991123 0.66887844 1.5463092 1.3153902 19.151798 0.052426815032958984 0.3398665487766266
Pedestrian 0.0 0 -1.6372510194778442 719.1181640625 165.1595916748047 744.2188110351562 228.58642578125 1.252379 1.6577471 0.5817037 3.4795787 1.2318387 19.42656 -1.460015892982483 0.2995397746562958
Pedestrian 0.0 0 1.0218501091003418 488.6800231933594 160.41029357910156 502.7288513183594 189.9256134033203 0.8999159 1.939743 0.531525 -7.0165105 0.5544177 47.72205 0.8758673667907715 0.289144366979599
Pedestrian 0.0 0 -0.5990966558456421 590.9925537109375 154.8208770751953 608.816650390625 192.2592010498047 0.6336319 1.8741308 0.67386055 -0.085551605 0.53947484 36.413708 -0.6014460921287537 0.21847949922084808
Pedestrian 0.0 0 1.4947850704193115 451.6875915527344 164.8477783203125 478.6148986816406 230.7916717529297 1.7297986 1.7750597 0.61046183 -3.8864076 1.3279812 20.248024 1.305151343345642 0.10479072481393814
Cyclist 0.0 0 1.520656943321228 452.44720458984375 164.86578369140625 477.4657897949219 230.27134704589844 1.6897644 1.7712377 0.60666555 -3.9087508 1.3219283 20.343264 1.3308305740356445 0.8515721559524536
Cyclist 0.0 0 1.7486940622329712 398.9122314453125 162.2858428955078 434.8129577636719 236.41465759277344 1.7736554 1.7071273 0.54289263 -4.494729 1.2658492 17.444592 1.4965214729309082 0.8362030386924744
Car 0.0 0 2.6198034286499023 0.0 0.0 1238.0 374.0 3.9791577 1.5703171 1.6511259 -3.0401576 1.9662824 1.8129144 1.586718201637268 0.6743127107620239
Car 0.0 0 0.3837248682975769 910.1500244140625 198.03941345214844 1238.0 372.2869873046875 3.369042 1.4213645 1.5080498 5.387523 1.6492347 8.019241 0.9752898216247559 0.3532235324382782
Car 0.0 0 0.8529207706451416 1088.064208984375 144.76162719726562 1238.0 261.3392333984375 3.585288 1.4437652 1.5125173 9.184746 0.990114 10.692438 1.5626134872436523 0.3512403964996338
Car 0.0 0 -0.5034953951835632 958.2539672851562 182.9708251953125 1196.7115478515625 260.7845153808594 3.7055252 1.4477971 1.4558007 9.26737 1.4799875 14.255932 0.07292985916137695 0.25906726717948914
Car 0.0 0 2.078362464904785 0.0 182.631591796875 97.54004669189453 374.0 3.829507 1.435564 1.5705665 -5.973498 1.449679 6.0441647 1.298844337463379 0.24166233837604523
